Index,ID,Date,DICE,Haus,MSD,EPL,LineRatio,VolumeRatio,PointsModel,PointsGT,LinesModel,LinesChanged
0,HNCDL_447,20170421,inf,,,0.0,0.0,0.0,set(),set(),set(),set()
1,HNCDL_447,20170421,inf,,,0.0,0.0,0.0,set(),set(),set(),set()
2,HNCDL_447,20170421,inf,,,0.0,0.0,0.0,set(),set(),set(),set()
3,HNCDL_447,20170421,inf,,,0.0,0.0,0.0,set(),set(),set(),set()
4,HNCDL_447,20170421,inf,,,0.0,0.0,0.0,set(),set(),set(),set()
5,HNCDL_447,20170421,inf,,,0.0,0.0,0.0,set(),set(),set(),set()
6,HNCDL_447,20170421,inf,,,0.0,0.0,0.0,set(),set(),set(),set()
7,HNCDL_447,20170421,inf,,,0.0,0.0,0.0,set(),set(),set(),set()
8,HNCDL_447,20170421,inf,,,0.0,0.0,0.0,set(),set(),set(),set()
9,HNCDL_447,20170421,inf,,,0.0,0.0,0.0,set(),set(),set(),set()
10,HNCDL_447,20170421,inf,,,0.0,0.0,0.0,set(),set(),set(),set()
11,HNCDL_447,20170421,inf,,,0.0,0.0,0.0,set(),set(),set(),set()
12,HNCDL_447,20170421,inf,,,0.0,0.0,0.0,set(),set(),set(),set()
13,HNCDL_447,20170421,inf,,,0.0,0.0,0.0,set(),set(),set(),set()
14,HNCDL_447,20170421,inf,,,0.0,0.0,0.0,set(),set(),set(),set()
15,HNCDL_447,20170421,inf,,,0.0,0.0,0.0,set(),set(),set(),set()
16,HNCDL_447,20170421,inf,,,0.0,0.0,0.0,set(),set(),set(),set()
17,HNCDL_447,20170421,inf,,,0.0,0.0,0.0,set(),set(),set(),set()
18,HNCDL_447,20170421,inf,,,0.0,0.0,0.0,set(),set(),set(),set()
19,HNCDL_447,20170421,inf,,,0.0,0.0,0.0,set(),set(),set(),set()
20,HNCDL_447,20170421,inf,,,0.0,0.0,0.0,set(),set(),set(),set()
21,HNCDL_447,20170421,inf,,,0.0,0.0,0.0,set(),set(),set(),set()
22,HNCDL_447,20170421,inf,,,0.0,0.0,0.0,set(),set(),set(),set()
23,HNCDL_447,20170421,inf,,,0.0,0.0,0.0,set(),set(),set(),set()
24,HNCDL_447,20170421,inf,,,0.0,0.0,0.0,set(),set(),set(),set()
25,HNCDL_447,20170421,inf,,,0.0,0.0,0.0,set(),set(),set(),set()
26,HNCDL_447,20170421,inf,,,0.0,0.0,0.0,set(),set(),set(),set()
27,HNCDL_447,20170421,inf,,,0.0,0.0,0.0,set(),set(),set(),set()
28,HNCDL_447,20170421,inf,,,0.0,0.0,0.0,set(),set(),set(),set()
29,HNCDL_447,20170421,inf,,,0.0,0.0,0.0,set(),set(),set(),set()
30,HNCDL_447,20170421,inf,,,0.0,0.0,0.0,set(),set(),set(),set()
31,HNCDL_447,20170421,inf,,,0.0,0.0,0.0,set(),set(),set(),set()
32,HNCDL_447,20170421,inf,,,0.0,0.0,0.0,set(),set(),set(),set()
33,HNCDL_447,20170421,inf,,,0.0,0.0,0.0,set(),set(),set(),set()
34,HNCDL_447,20170421,inf,,,0.0,0.0,0.0,set(),set(),set(),set()
35,HNCDL_447,20170421,inf,,,0.0,0.0,0.0,set(),set(),set(),set()
36,HNCDL_447,20170421,inf,,,0.0,0.0,0.0,set(),set(),set(),set()
37,HNCDL_447,20170421,inf,,,0.0,0.0,0.0,set(),set(),set(),set()
38,HNCDL_447,20170421,inf,,,0.0,0.0,0.0,set(),set(),set(),set()
39,HNCDL_447,20170421,inf,,,0.0,0.0,0.0,set(),set(),set(),set()
40,HNCDL_447,20170421,inf,,,0.0,0.0,0.0,set(),set(),set(),set()
41,HNCDL_447,20170421,inf,,,0.0,0.0,0.0,set(),set(),set(),set()
42,HNCDL_447,20170421,inf,,,0.0,0.0,0.0,set(),set(),set(),set()
43,HNCDL_447,20170421,inf,,,0.0,0.0,0.0,set(),set(),set(),set()
44,HNCDL_447,20170421,inf,,,0.0,0.0,0.0,set(),set(),set(),set()
45,HNCDL_447,20170421,inf,,,0.0,0.0,0.0,set(),set(),set(),set()
46,HNCDL_447,20170421,inf,,,0.0,0.0,0.0,set(),set(),set(),set()
47,HNCDL_447,20170421,0.0,,,96.09375,1.0,1.0,set(),"{(68, 91), (79, 88), (90, 88), (72, 91), (62, 90), (64, 87), (63, 89), (87, 89), (73, 90), (77, 90), (91, 89), (93, 86), (92, 88), (74, 91), (85, 91), (75, 90), (66, 87), (79, 90), (81, 87), (90, 90), (82, 86), (71, 86), (64, 89), (63, 91), (87, 91), (91, 91), (93, 88), (69, 88), (83, 87), (94, 87), (80, 88), (92, 90), (66, 89), (85, 89), (88, 86), (81, 89), (72, 86), (71, 88), (82, 88), (64, 91), (86, 88), (69, 90), (83, 89), (85, 86), (94, 89), (80, 90), (88, 88), (81, 91), (71, 90), (73, 87), (82, 90), (86, 90), (77, 87), (91, 86), (67, 86), (78, 86), (89, 86), (83, 91), (70, 91), (61, 88), (75, 87), (76, 86), (65, 88), (79, 87), (90, 87), (76, 88), (88, 90), (62, 89), (73, 89), (63, 88), (84, 86), (77, 89), (67, 88), (92, 87), (78, 88), (89, 88), (61, 90), (75, 89), (65, 90), (79, 89), (81, 86), (68, 86), (90, 89), (76, 90), (73, 91), (63, 90), (84, 88), (95, 88), (77, 91), (67, 90), (69, 87), (80, 87), (70, 86), (92, 89), (78, 90), (89, 90), (93, 90), (74, 86), (79, 91), (66, 91), (68, 88), (71, 87), (82, 87), (90, 91), (72, 88), (86, 87), (84, 90), (87, 86), (95, 90), (69, 89), (80, 89), (70, 88), (74, 88), (88, 87), (85, 88), (68, 90), (71, 89), (82, 89), (72, 90), (86, 89), (77, 86), (87, 88), (69, 91), (80, 91), (70, 90), (91, 88), (74, 90), (65, 87), (90, 86), (66, 86), (76, 87), (88, 89), (85, 90), (82, 91), (63, 87), (86, 91), (64, 88), (67, 87), (78, 87), (89, 87), (87, 90), (61, 89), (91, 90), (93, 87), (83, 86), (65, 89), (76, 89), (66, 88), (75, 91), (88, 91), (81, 88), (84, 87), (95, 87), (64, 90), (67, 89), (69, 86), (80, 86), (78, 89), (89, 89), (93, 89), (92, 91), (83, 88), (94, 88), (65, 91), (76, 91), (66, 90), (68, 87), (81, 90), (72, 87), (86, 86), (73, 86), (84, 89), (95, 89), (67, 91), (78, 91), (89, 91), (70, 87), (93, 91), (83, 90), (74, 87), (85, 87), (75, 86), (94, 90), (68, 89), (79, 86), (72, 89), (71, 91), (62, 88), (87, 87), (73, 88), (84, 91), (70, 89), (77, 88), (91, 87), (92, 86), (74, 89), (65, 86), (75, 88)}",set(),"{((95.5, 88.5), (95.5, 89.5)), ((92.5, 85.5), (93.5, 85.5)), ((80.5, 85.5), (81.5, 85.5)), ((73.5, 91.5), (74.5, 91.5)), ((93.5, 90.5), (93.5, 91.5)), ((67.5, 85.5), (68.5, 85.5)), ((60.5, 87.5), (61.5, 87.5)), ((74.5, 91.5), (75.5, 91.5)), ((94.5, 90.5), (95.5, 90.5)), ((68.5, 85.5), (69.5, 85.5)), ((95.5, 87.5), (95.5, 88.5)), ((64.5, 85.5), (65.5, 85.5)), ((66.5, 91.5), (67.5, 91.5)), ((89.5, 91.5), (90.5, 91.5)), ((65.5, 85.5), (66.5, 85.5)), ((62.5, 86.5), (63.5, 86.5)), ((61.5, 90.5), (62.5, 90.5)), ((62.5, 91.5), (63.5, 91.5)), ((75.5, 85.5), (76.5, 85.5)), ((72.5, 91.5), (73.5, 91.5)), ((93.5, 85.5), (93.5, 86.5)), ((93.5, 86.5), (94.5, 86.5)), ((93.5, 90.5), (94.5, 90.5)), ((79.5, 91.5), (80.5, 91.5)), ((69.5, 91.5), (70.5, 91.5)), ((82.5, 85.5), (83.5, 85.5)), ((65.5, 91.5), (66.5, 91.5)), ((83.5, 91.5), (84.5, 91.5)), ((60.5, 90.5), (61.5, 90.5)), ((77.5, 91.5), (78.5, 91.5)), ((85.5, 91.5), (86.5, 91.5)), ((63.5, 91.5), (64.5, 91.5)), ((94.5, 86.5), (95.5, 86.5)), ((91.5, 91.5), (92.5, 91.5)), ((76.5, 85.5), (77.5, 85.5)), ((81.5, 85.5), (82.5, 85.5)), ((60.5, 89.5), (60.5, 90.5)), ((72.5, 85.5), (73.5, 85.5)), ((90.5, 91.5), (91.5, 91.5)), ((68.5, 91.5), (69.5, 91.5)), ((74.5, 85.5), (75.5, 85.5)), ((71.5, 85.5), (72.5, 85.5)), ((78.5, 91.5), (79.5, 91.5)), ((90.5, 85.5), (91.5, 85.5)), ((73.5, 85.5), (74.5, 85.5)), ((70.5, 91.5), (71.5, 91.5)), ((69.5, 85.5), (70.5, 85.5)), ((91.5, 85.5), (92.5, 85.5)), ((92.5, 91.5), (93.5, 91.5)), ((84.5, 85.5), (85.5, 85.5)), ((83.5, 85.5), (84.5, 85.5)), ((63.5, 86.5), (64.5, 86.5)), ((82.5, 91.5), (83.5, 91.5)), ((87.5, 91.5), (88.5, 91.5)), ((64.5, 91.5), (65.5, 91.5)), ((84.5, 91.5), (85.5, 91.5)), ((64.5, 85.5), (64.5, 86.5)), ((78.5, 85.5), (79.5, 85.5)), ((60.5, 87.5), (60.5, 88.5)), ((95.5, 86.5), (95.5, 87.5)), ((88.5, 91.5), (89.5, 91.5)), ((87.5, 85.5), (88.5, 85.5)), ((75.5, 91.5), (76.5, 91.5)), ((95.5, 89.5), (95.5, 90.5)), ((80.5, 91.5), (81.5, 91.5)), ((71.5, 91.5), (72.5, 91.5)), ((66.5, 85.5), (67.5, 85.5)), ((79.5, 85.5), (80.5, 85.5)), ((76.5, 91.5), (77.5, 91.5)), ((67.5, 91.5), (68.5, 91.5)), ((60.5, 88.5), (60.5, 89.5)), ((62.5, 86.5), (62.5, 87.5)), ((86.5, 91.5), (87.5, 91.5)), ((88.5, 85.5), (89.5, 85.5)), ((89.5, 85.5), (90.5, 85.5)), ((62.5, 90.5), (62.5, 91.5)), ((77.5, 85.5), (78.5, 85.5)), ((85.5, 85.5), (86.5, 85.5)), ((61.5, 87.5), (62.5, 87.5)), ((86.5, 85.5), (87.5, 85.5)), ((81.5, 91.5), (82.5, 91.5)), ((70.5, 85.5), (71.5, 85.5))}"
48,HNCDL_447,20170421,0.0,,,96.09375,1.0,1.0,set(),"{(79, 88), (90, 88), (62, 90), (64, 87), (63, 89), (87, 89), (73, 90), (77, 90), (91, 89), (93, 86), (92, 88), (74, 91), (85, 91), (75, 90), (66, 87), (79, 90), (81, 87), (90, 90), (71, 86), (82, 86), (64, 89), (87, 91), (91, 91), (93, 88), (69, 88), (83, 87), (94, 87), (80, 88), (92, 90), (66, 89), (85, 89), (88, 86), (81, 89), (72, 86), (71, 88), (82, 88), (86, 88), (69, 90), (83, 89), (85, 86), (94, 89), (80, 90), (88, 88), (81, 91), (71, 90), (62, 87), (73, 87), (63, 86), (82, 90), (86, 90), (77, 87), (91, 86), (67, 86), (78, 86), (89, 86), (83, 91), (61, 88), (75, 87), (76, 86), (65, 88), (79, 87), (90, 87), (76, 88), (88, 90), (62, 89), (64, 86), (63, 88), (73, 89), (84, 86), (77, 89), (67, 88), (92, 87), (78, 88), (89, 88), (75, 89), (65, 90), (79, 89), (81, 86), (68, 86), (90, 89), (76, 90), (73, 91), (63, 90), (84, 88), (95, 88), (77, 91), (67, 90), (69, 87), (80, 87), (70, 86), (92, 89), (78, 90), (89, 90), (93, 90), (74, 86), (79, 91), (90, 91), (68, 88), (71, 87), (82, 87), (72, 88), (86, 87), (84, 90), (87, 86), (69, 89), (80, 89), (70, 88), (74, 88), (88, 87), (85, 88), (68, 90), (71, 89), (82, 89), (72, 90), (86, 89), (77, 86), (87, 88), (80, 91), (70, 90), (91, 88), (74, 90), (65, 87), (90, 86), (66, 86), (76, 87), (88, 89), (85, 90), (82, 91), (63, 87), (86, 91), (64, 88), (67, 87), (78, 87), (89, 87), (87, 90), (91, 90), (93, 87), (83, 86), (65, 89), (76, 89), (66, 88), (75, 91), (88, 91), (81, 88), (84, 87), (95, 87), (64, 90), (67, 89), (69, 86), (80, 86), (78, 89), (89, 89), (93, 89), (92, 91), (83, 88), (94, 88), (76, 91), (66, 90), (68, 87), (81, 90), (72, 87), (86, 86), (73, 86), (84, 89), (95, 89), (78, 91), (89, 91), (70, 87), (93, 91), (83, 90), (74, 87), (85, 87), (75, 86), (94, 90), (68, 89), (79, 86), (72, 89), (84, 91), (62, 88), (87, 87), (73, 88), (70, 89), (77, 88), (91, 87), (92, 86), (74, 89), (65, 86), (75, 88)}",set(),"{((95.5, 88.5), (95.5, 89.5)), ((92.5, 85.5), (93.5, 85.5)), ((80.5, 85.5), (81.5, 85.5)), ((73.5, 91.5), (74.5, 91.5)), ((62.5, 85.5), (62.5, 86.5)), ((93.5, 90.5), (93.5, 91.5)), ((67.5, 85.5), (68.5, 85.5)), ((71.5, 90.5), (72.5, 90.5)), ((60.5, 87.5), (61.5, 87.5)), ((74.5, 91.5), (75.5, 91.5)), ((63.5, 90.5), (64.5, 90.5)), ((68.5, 85.5), (69.5, 85.5)), ((95.5, 87.5), (95.5, 88.5)), ((64.5, 85.5), (65.5, 85.5)), ((69.5, 90.5), (70.5, 90.5)), ((89.5, 91.5), (90.5, 91.5)), ((65.5, 85.5), (66.5, 85.5)), ((60.5, 88.5), (61.5, 88.5)), ((61.5, 90.5), (62.5, 90.5)), ((75.5, 85.5), (76.5, 85.5)), ((61.5, 86.5), (61.5, 87.5)), ((72.5, 91.5), (73.5, 91.5)), ((93.5, 85.5), (93.5, 86.5)), ((62.5, 90.5), (63.5, 90.5)), ((72.5, 90.5), (72.5, 91.5)), ((93.5, 86.5), (94.5, 86.5)), ((62.5, 85.5), (63.5, 85.5)), ((93.5, 90.5), (94.5, 90.5)), ((79.5, 91.5), (80.5, 91.5)), ((82.5, 85.5), (83.5, 85.5)), ((83.5, 91.5), (84.5, 91.5)), ((77.5, 91.5), (78.5, 91.5)), ((85.5, 91.5), (86.5, 91.5)), ((94.5, 86.5), (95.5, 86.5)), ((91.5, 91.5), (92.5, 91.5)), ((76.5, 85.5), (77.5, 85.5)), ((94.5, 89.5), (95.5, 89.5)), ((81.5, 85.5), (82.5, 85.5)), ((72.5, 85.5), (73.5, 85.5)), ((68.5, 90.5), (69.5, 90.5)), ((63.5, 85.5), (64.5, 85.5)), ((65.5, 90.5), (66.5, 90.5)), ((90.5, 91.5), (91.5, 91.5)), ((74.5, 85.5), (75.5, 85.5)), ((71.5, 85.5), (72.5, 85.5)), ((78.5, 91.5), (79.5, 91.5)), ((61.5, 89.5), (61.5, 90.5)), ((90.5, 85.5), (91.5, 85.5)), ((73.5, 85.5), (74.5, 85.5)), ((69.5, 85.5), (70.5, 85.5)), ((94.5, 89.5), (94.5, 90.5)), ((91.5, 85.5), (92.5, 85.5)), ((92.5, 91.5), (93.5, 91.5)), ((84.5, 85.5), (85.5, 85.5)), ((83.5, 85.5), (84.5, 85.5)), ((82.5, 91.5), (83.5, 91.5)), ((87.5, 91.5), (88.5, 91.5)), ((84.5, 91.5), (85.5, 91.5)), ((78.5, 85.5), (79.5, 85.5)), ((88.5, 91.5), (89.5, 91.5)), ((60.5, 87.5), (60.5, 88.5)), ((95.5, 86.5), (95.5, 87.5)), ((61.5, 86.5), (62.5, 86.5)), ((61.5, 88.5), (61.5, 89.5)), ((87.5, 85.5), (88.5, 85.5)), ((75.5, 91.5), (76.5, 91.5)), ((80.5, 91.5), (81.5, 91.5)), ((70.5, 90.5), (71.5, 90.5)), ((66.5, 85.5), (67.5, 85.5)), ((79.5, 85.5), (80.5, 85.5)), ((76.5, 91.5), (77.5, 91.5)), ((66.5, 90.5), (67.5, 90.5)), ((86.5, 91.5), (87.5, 91.5)), ((88.5, 85.5), (89.5, 85.5)), ((89.5, 85.5), (90.5, 85.5)), ((67.5, 90.5), (68.5, 90.5)), ((77.5, 85.5), (78.5, 85.5)), ((85.5, 85.5), (86.5, 85.5)), ((86.5, 85.5), (87.5, 85.5)), ((81.5, 91.5), (82.5, 91.5)), ((64.5, 90.5), (65.5, 90.5)), ((70.5, 85.5), (71.5, 85.5))}"
49,HNCDL_447,20170421,0.4553571428571429,7.0,0.9599034433140723,86.71875,0.8809523809523809,0.7034883720930233,"{(68, 88), (71, 87), (71, 90), (82, 90), (84, 87), (73, 90), (72, 88), (86, 87), (87, 89), (84, 90), (86, 90), (69, 89), (70, 88), (83, 88), (74, 88), (88, 87), (85, 88), (68, 87), (71, 89), (82, 89), (73, 89), (72, 87), (84, 89), (72, 90), (86, 89), (87, 88), (70, 87), (67, 88), (70, 90), (69, 88), (83, 90), (85, 87), (74, 90), (88, 89), (85, 90), (85, 89), (68, 89), (81, 89), (82, 88), (71, 88), (72, 89), (84, 91), (73, 88), (87, 87), (84, 88), (87, 90), (86, 88), (70, 89), (69, 87), (83, 89), (74, 89), (88, 88)}","{(79, 88), (90, 88), (62, 90), (64, 87), (63, 89), (87, 89), (73, 90), (77, 90), (91, 89), (93, 86), (92, 88), (75, 90), (66, 87), (79, 90), (81, 87), (90, 90), (71, 86), (82, 86), (64, 89), (93, 88), (69, 88), (83, 87), (94, 87), (80, 88), (92, 90), (66, 89), (85, 89), (88, 86), (81, 89), (72, 86), (71, 88), (82, 88), (86, 88), (69, 90), (83, 89), (85, 86), (94, 89), (80, 90), (88, 88), (81, 91), (71, 90), (62, 87), (73, 87), (63, 86), (82, 90), (86, 90), (77, 87), (91, 86), (67, 86), (78, 86), (89, 86), (61, 88), (75, 87), (76, 86), (65, 88), (79, 87), (90, 87), (76, 88), (88, 90), (62, 89), (64, 86), (63, 88), (73, 89), (84, 86), (77, 89), (67, 88), (92, 87), (78, 88), (89, 88), (75, 89), (65, 90), (79, 89), (81, 86), (68, 86), (90, 89), (76, 90), (63, 90), (84, 88), (95, 88), (77, 91), (67, 90), (69, 87), (80, 87), (70, 86), (92, 89), (78, 90), (89, 90), (93, 90), (74, 86), (79, 91), (68, 88), (71, 87), (82, 87), (72, 88), (86, 87), (84, 90), (87, 86), (69, 89), (80, 89), (70, 88), (74, 88), (88, 87), (85, 88), (68, 90), (71, 89), (82, 89), (72, 90), (86, 89), (77, 86), (87, 88), (80, 91), (70, 90), (61, 87), (91, 88), (74, 90), (65, 87), (90, 86), (66, 86), (76, 87), (88, 89), (85, 90), (63, 87), (64, 88), (67, 87), (78, 87), (89, 87), (87, 90), (91, 90), (93, 87), (83, 86), (65, 89), (76, 89), (66, 88), (81, 88), (84, 87), (95, 87), (64, 90), (67, 89), (69, 86), (80, 86), (78, 89), (89, 89), (93, 89), (83, 88), (94, 88), (66, 90), (68, 87), (81, 90), (72, 87), (86, 86), (73, 86), (84, 89), (78, 91), (70, 87), (60, 88), (74, 87), (85, 87), (75, 86), (83, 90), (68, 89), (79, 86), (72, 89), (62, 88), (87, 87), (73, 88), (70, 89), (77, 88), (91, 87), (92, 86), (74, 89), (65, 86), (75, 88)}","{((67.5, 88.5), (67.5, 89.5)), ((86.5, 90.5), (87.5, 90.5)), ((69.5, 86.5), (70.5, 86.5)), ((87.5, 89.5), (88.5, 89.5)), ((70.5, 86.5), (71.5, 86.5)), ((67.5, 86.5), (67.5, 87.5)), ((74.5, 87.5), (74.5, 88.5)), ((83.5, 86.5), (84.5, 86.5)), ((71.5, 90.5), (72.5, 90.5)), ((83.5, 90.5), (83.5, 91.5)), ((72.5, 86.5), (72.5, 87.5)), ((85.5, 90.5), (86.5, 90.5)), ((69.5, 90.5), (70.5, 90.5)), ((88.5, 88.5), (88.5, 89.5)), ((84.5, 86.5), (85.5, 86.5)), ((73.5, 90.5), (74.5, 90.5)), ((84.5, 90.5), (84.5, 91.5)), ((74.5, 89.5), (74.5, 90.5)), ((80.5, 88.5), (80.5, 89.5)), ((81.5, 87.5), (82.5, 87.5)), ((87.5, 89.5), (87.5, 90.5)), ((74.5, 88.5), (74.5, 89.5)), ((88.5, 87.5), (88.5, 88.5)), ((66.5, 87.5), (66.5, 88.5)), ((66.5, 88.5), (67.5, 88.5)), ((73.5, 87.5), (74.5, 87.5)), ((67.5, 86.5), (68.5, 86.5)), ((69.5, 89.5), (69.5, 90.5)), ((71.5, 86.5), (72.5, 86.5)), ((82.5, 90.5), (83.5, 90.5)), ((87.5, 86.5), (88.5, 86.5)), ((67.5, 89.5), (68.5, 89.5)), ((81.5, 89.5), (81.5, 90.5)), ((80.5, 88.5), (81.5, 88.5)), ((70.5, 90.5), (71.5, 90.5)), ((80.5, 89.5), (81.5, 89.5)), ((83.5, 86.5), (83.5, 87.5)), ((66.5, 87.5), (67.5, 87.5)), ((83.5, 91.5), (84.5, 91.5)), ((68.5, 86.5), (69.5, 86.5)), ((68.5, 89.5), (69.5, 89.5)), ((81.5, 90.5), (82.5, 90.5)), ((72.5, 87.5), (73.5, 87.5)), ((88.5, 86.5), (88.5, 87.5)), ((86.5, 86.5), (87.5, 86.5)), ((82.5, 87.5), (83.5, 87.5)), ((84.5, 90.5), (85.5, 90.5)), ((81.5, 87.5), (81.5, 88.5)), ((72.5, 90.5), (73.5, 90.5)), ((85.5, 86.5), (86.5, 86.5))}","{((60.5, 86.5), (60.5, 87.5)), ((88.5, 90.5), (89.5, 90.5)), ((92.5, 85.5), (93.5, 85.5)), ((80.5, 85.5), (81.5, 85.5)), ((59.5, 87.5), (60.5, 87.5)), ((67.5, 85.5), (68.5, 85.5)), ((62.5, 85.5), (62.5, 86.5)), ((63.5, 90.5), (64.5, 90.5)), ((68.5, 85.5), (69.5, 85.5)), ((95.5, 87.5), (95.5, 88.5)), ((64.5, 85.5), (65.5, 85.5)), ((65.5, 85.5), (66.5, 85.5)), ((60.5, 88.5), (61.5, 88.5)), ((61.5, 90.5), (62.5, 90.5)), ((75.5, 85.5), (76.5, 85.5)), ((93.5, 89.5), (94.5, 89.5)), ((89.5, 90.5), (90.5, 90.5)), ((93.5, 85.5), (93.5, 86.5)), ((62.5, 90.5), (63.5, 90.5)), ((93.5, 86.5), (94.5, 86.5)), ((60.5, 86.5), (61.5, 86.5)), ((83.5, 90.5), (84.5, 90.5)), ((74.5, 90.5), (75.5, 90.5)), ((62.5, 85.5), (63.5, 85.5)), ((79.5, 91.5), (80.5, 91.5)), ((82.5, 85.5), (83.5, 85.5)), ((59.5, 88.5), (60.5, 88.5)), ((77.5, 91.5), (78.5, 91.5)), ((94.5, 86.5), (95.5, 86.5)), ((92.5, 90.5), (93.5, 90.5)), ((76.5, 85.5), (77.5, 85.5)), ((81.5, 85.5), (82.5, 85.5)), ((72.5, 85.5), (73.5, 85.5)), ((68.5, 90.5), (69.5, 90.5)), ((90.5, 90.5), (91.5, 90.5)), ((63.5, 85.5), (64.5, 85.5)), ((65.5, 90.5), (66.5, 90.5)), ((74.5, 85.5), (75.5, 85.5)), ((75.5, 90.5), (76.5, 90.5)), ((71.5, 85.5), (72.5, 85.5)), ((78.5, 91.5), (79.5, 91.5)), ((91.5, 90.5), (92.5, 90.5)), ((61.5, 89.5), (61.5, 90.5)), ((90.5, 85.5), (91.5, 85.5)), ((73.5, 85.5), (74.5, 85.5)), ((94.5, 88.5), (95.5, 88.5)), ((69.5, 85.5), (70.5, 85.5)), ((81.5, 90.5), (81.5, 91.5)), ((91.5, 85.5), (92.5, 85.5)), ((87.5, 90.5), (88.5, 90.5)), ((84.5, 85.5), (85.5, 85.5)), ((83.5, 85.5), (84.5, 85.5)), ((76.5, 90.5), (76.5, 91.5)), ((78.5, 85.5), (79.5, 85.5)), ((95.5, 86.5), (95.5, 87.5)), ((61.5, 86.5), (62.5, 86.5)), ((61.5, 88.5), (61.5, 89.5)), ((87.5, 85.5), (88.5, 85.5)), ((94.5, 88.5), (94.5, 89.5)), ((80.5, 91.5), (81.5, 91.5)), ((79.5, 85.5), (80.5, 85.5)), ((66.5, 85.5), (67.5, 85.5)), ((76.5, 91.5), (77.5, 91.5)), ((66.5, 90.5), (67.5, 90.5)), ((88.5, 85.5), (89.5, 85.5)), ((59.5, 87.5), (59.5, 88.5)), ((89.5, 85.5), (90.5, 85.5)), ((67.5, 90.5), (68.5, 90.5)), ((77.5, 85.5), (78.5, 85.5)), ((85.5, 85.5), (86.5, 85.5)), ((93.5, 89.5), (93.5, 90.5)), ((86.5, 85.5), (87.5, 85.5)), ((64.5, 90.5), (65.5, 90.5)), ((70.5, 85.5), (71.5, 85.5))}"
50,HNCDL_447,20170421,0.6666666666666666,8.0,0.6333719341365305,93.75,0.8695652173913043,0.4708994708994709,"{(79, 88), (90, 88), (72, 91), (73, 90), (87, 89), (74, 89), (77, 90), (74, 91), (85, 91), (75, 90), (66, 87), (79, 90), (81, 87), (71, 86), (69, 88), (83, 87), (80, 88), (88, 86), (81, 89), (71, 88), (82, 88), (86, 88), (69, 90), (83, 89), (80, 90), (88, 88), (81, 91), (71, 90), (73, 87), (82, 90), (86, 90), (67, 86), (89, 86), (83, 91), (76, 88), (90, 87), (88, 90), (73, 89), (77, 89), (67, 88), (78, 88), (89, 88), (75, 89), (76, 90), (79, 89), (90, 89), (68, 86), (73, 91), (84, 88), (78, 90), (69, 87), (70, 86), (68, 88), (71, 87), (82, 87), (72, 88), (86, 87), (84, 90), (69, 89), (80, 89), (70, 88), (74, 88), (88, 87), (85, 88), (68, 90), (71, 89), (82, 89), (72, 90), (86, 89), (87, 88), (67, 85), (70, 90), (74, 90), (88, 89), (85, 90), (66, 86), (82, 91), (86, 91), (87, 90), (67, 87), (89, 87), (76, 89), (75, 91), (66, 88), (68, 85), (81, 88), (84, 87), (67, 89), (69, 86), (78, 89), (89, 89), (83, 88), (76, 91), (68, 87), (81, 90), (72, 87), (84, 89), (70, 87), (83, 90), (74, 87), (85, 87), (68, 89), (72, 89), (71, 91), (73, 88), (87, 87), (84, 91), (70, 89), (77, 88), (85, 89), (75, 88)}","{(79, 88), (90, 88), (62, 90), (64, 87), (63, 89), (87, 89), (73, 90), (77, 90), (91, 89), (93, 86), (92, 88), (75, 90), (66, 87), (79, 90), (81, 87), (95, 86), (71, 86), (82, 86), (90, 90), (64, 89), (93, 88), (58, 88), (83, 87), (94, 87), (69, 88), (80, 88), (92, 90), (66, 89), (85, 89), (88, 86), (81, 89), (72, 86), (71, 88), (82, 88), (65, 86), (86, 88), (69, 90), (60, 87), (85, 86), (61, 86), (83, 89), (94, 89), (80, 90), (88, 88), (81, 91), (71, 90), (62, 87), (73, 87), (63, 86), (82, 90), (86, 90), (77, 87), (91, 86), (67, 86), (78, 86), (89, 86), (61, 88), (75, 87), (65, 88), (79, 87), (90, 87), (76, 88), (88, 90), (62, 89), (64, 86), (63, 88), (73, 89), (84, 86), (77, 89), (67, 88), (69, 85), (92, 87), (78, 88), (89, 88), (75, 89), (65, 90), (79, 89), (81, 86), (68, 86), (71, 85), (90, 89), (76, 90), (63, 90), (84, 88), (95, 88), (67, 90), (69, 87), (80, 87), (70, 86), (92, 89), (78, 90), (89, 90), (93, 90), (74, 86), (79, 91), (68, 88), (71, 87), (82, 87), (72, 88), (86, 87), (84, 90), (87, 86), (69, 89), (80, 89), (59, 88), (70, 88), (74, 88), (65, 85), (88, 87), (85, 88), (68, 90), (71, 89), (82, 89), (63, 85), (72, 90), (86, 89), (77, 86), (87, 88), (67, 85), (80, 91), (70, 90), (61, 87), (91, 88), (93, 85), (74, 90), (65, 87), (90, 86), (66, 86), (76, 87), (88, 89), (85, 90), (63, 87), (64, 88), (67, 87), (78, 87), (89, 87), (87, 90), (61, 89), (91, 90), (93, 87), (83, 86), (94, 86), (65, 89), (76, 89), (66, 88), (68, 85), (81, 88), (84, 87), (95, 87), (64, 90), (67, 89), (69, 86), (80, 86), (70, 85), (78, 89), (89, 89), (93, 89), (83, 88), (94, 88), (66, 90), (68, 87), (81, 90), (72, 87), (86, 86), (62, 86), (73, 86), (84, 89), (59, 87), (70, 87), (60, 88), (74, 87), (85, 87), (75, 86), (83, 90), (68, 89), (79, 86), (72, 89), (62, 88), (64, 85), (87, 87), (73, 88), (70, 89), (77, 88), (91, 87), (92, 86), (74, 89), (76, 86), (75, 88), (66, 85)}","{((81.5, 86.5), (82.5, 86.5)), ((70.5, 90.5), (70.5, 91.5)), ((73.5, 86.5), (74.5, 86.5)), ((65.5, 88.5), (66.5, 88.5)), ((73.5, 91.5), (74.5, 91.5)), ((66.5, 88.5), (66.5, 89.5)), ((74.5, 91.5), (75.5, 91.5)), ((68.5, 85.5), (69.5, 85.5)), ((69.5, 90.5), (70.5, 90.5)), ((65.5, 85.5), (66.5, 85.5)), ((66.5, 84.5), (67.5, 84.5)), ((68.5, 84.5), (68.5, 85.5)), ((66.5, 89.5), (67.5, 89.5)), ((72.5, 91.5), (73.5, 91.5)), ((80.5, 86.5), (80.5, 87.5)), ((90.5, 87.5), (90.5, 88.5)), ((79.5, 90.5), (80.5, 90.5)), ((89.5, 89.5), (90.5, 89.5)), ((86.5, 90.5), (86.5, 91.5)), ((78.5, 90.5), (79.5, 90.5)), ((71.5, 86.5), (72.5, 86.5)), ((90.5, 88.5), (90.5, 89.5)), ((72.5, 86.5), (73.5, 86.5)), ((77.5, 90.5), (78.5, 90.5)), ((83.5, 91.5), (84.5, 91.5)), ((85.5, 91.5), (86.5, 91.5)), ((86.5, 86.5), (87.5, 86.5)), ((78.5, 87.5), (79.5, 87.5)), ((88.5, 89.5), (88.5, 90.5)), ((66.5, 84.5), (66.5, 85.5)), ((86.5, 90.5), (87.5, 90.5)), ((79.5, 87.5), (80.5, 87.5)), ((68.5, 90.5), (69.5, 90.5)), ((89.5, 86.5), (90.5, 86.5)), ((67.5, 89.5), (67.5, 90.5)), ((83.5, 86.5), (84.5, 86.5)), ((76.5, 87.5), (77.5, 87.5)), ((75.5, 87.5), (76.5, 87.5)), ((77.5, 87.5), (78.5, 87.5)), ((82.5, 86.5), (83.5, 86.5)), ((67.5, 84.5), (68.5, 84.5)), ((70.5, 91.5), (71.5, 91.5)), ((69.5, 85.5), (70.5, 85.5)), ((84.5, 86.5), (85.5, 86.5)), ((87.5, 85.5), (87.5, 86.5)), ((65.5, 86.5), (65.5, 87.5)), ((87.5, 90.5), (88.5, 90.5)), ((88.5, 89.5), (89.5, 89.5)), ((80.5, 90.5), (80.5, 91.5)), ((82.5, 91.5), (83.5, 91.5)), ((74.5, 87.5), (75.5, 87.5)), ((76.5, 90.5), (76.5, 91.5)), ((89.5, 85.5), (89.5, 86.5)), ((71.5, 85.5), (71.5, 86.5)), ((84.5, 91.5), (85.5, 91.5)), ((90.5, 86.5), (90.5, 87.5)), ((65.5, 87.5), (65.5, 88.5)), ((87.5, 85.5), (88.5, 85.5)), ((75.5, 91.5), (76.5, 91.5)), ((80.5, 91.5), (81.5, 91.5)), ((71.5, 91.5), (72.5, 91.5)), ((65.5, 85.5), (65.5, 86.5)), ((88.5, 85.5), (89.5, 85.5)), ((80.5, 86.5), (81.5, 86.5)), ((76.5, 90.5), (77.5, 90.5)), ((67.5, 90.5), (68.5, 90.5)), ((81.5, 91.5), (82.5, 91.5)), ((74.5, 86.5), (74.5, 87.5)), ((85.5, 86.5), (86.5, 86.5)), ((70.5, 85.5), (71.5, 85.5))}","{((88.5, 90.5), (89.5, 90.5)), ((80.5, 85.5), (81.5, 85.5)), ((71.5, 90.5), (72.5, 90.5)), ((92.5, 84.5), (92.5, 85.5)), ((93.5, 84.5), (93.5, 85.5)), ((63.5, 90.5), (64.5, 90.5)), ((95.5, 87.5), (95.5, 88.5)), ((78.5, 90.5), (78.5, 91.5)), ((70.5, 84.5), (71.5, 84.5)), ((60.5, 85.5), (60.5, 86.5)), ((61.5, 90.5), (62.5, 90.5)), ((57.5, 87.5), (57.5, 88.5)), ((75.5, 85.5), (76.5, 85.5)), ((93.5, 89.5), (94.5, 89.5)), ((89.5, 90.5), (90.5, 90.5)), ((62.5, 90.5), (63.5, 90.5)), ((63.5, 84.5), (64.5, 84.5)), ((60.5, 89.5), (61.5, 89.5)), ((64.5, 84.5), (65.5, 84.5)), ((83.5, 90.5), (84.5, 90.5)), ((69.5, 84.5), (70.5, 84.5)), ((74.5, 90.5), (75.5, 90.5)), ((65.5, 84.5), (66.5, 84.5)), ((58.5, 86.5), (58.5, 87.5)), ((79.5, 91.5), (80.5, 91.5)), ((82.5, 85.5), (83.5, 85.5)), ((62.5, 84.5), (62.5, 85.5)), ((59.5, 88.5), (60.5, 88.5)), ((60.5, 85.5), (61.5, 85.5)), ((71.5, 84.5), (71.5, 85.5)), ((59.5, 86.5), (60.5, 86.5)), ((93.5, 85.5), (94.5, 85.5)), ((84.5, 90.5), (85.5, 90.5)), ((92.5, 90.5), (93.5, 90.5)), ((72.5, 90.5), (73.5, 90.5)), ((76.5, 85.5), (77.5, 85.5)), ((81.5, 85.5), (82.5, 85.5)), ((72.5, 85.5), (73.5, 85.5)), ((95.5, 85.5), (95.5, 86.5)), ((90.5, 90.5), (91.5, 90.5)), ((65.5, 90.5), (66.5, 90.5)), ((74.5, 85.5), (75.5, 85.5)), ((75.5, 90.5), (76.5, 90.5)), ((71.5, 85.5), (72.5, 85.5)), ((85.5, 90.5), (86.5, 90.5)), ((62.5, 84.5), (63.5, 84.5)), ((78.5, 91.5), (79.5, 91.5)), ((94.5, 85.5), (95.5, 85.5)), ((91.5, 90.5), (92.5, 90.5)), ((61.5, 89.5), (61.5, 90.5)), ((90.5, 85.5), (91.5, 85.5)), ((57.5, 88.5), (58.5, 88.5)), ((73.5, 85.5), (74.5, 85.5)), ((94.5, 88.5), (95.5, 88.5)), ((81.5, 90.5), (81.5, 91.5)), ((73.5, 90.5), (74.5, 90.5)), ((91.5, 85.5), (92.5, 85.5)), ((58.5, 88.5), (59.5, 88.5)), ((61.5, 85.5), (62.5, 85.5)), ((84.5, 85.5), (85.5, 85.5)), ((58.5, 86.5), (59.5, 86.5)), ((83.5, 85.5), (84.5, 85.5)), ((68.5, 84.5), (69.5, 84.5)), ((82.5, 90.5), (83.5, 90.5)), ((78.5, 85.5), (79.5, 85.5)), ((95.5, 86.5), (95.5, 87.5)), ((57.5, 87.5), (58.5, 87.5)), ((94.5, 88.5), (94.5, 89.5)), ((79.5, 85.5), (80.5, 85.5)), ((70.5, 90.5), (71.5, 90.5)), ((66.5, 90.5), (67.5, 90.5)), ((92.5, 84.5), (93.5, 84.5)), ((60.5, 88.5), (60.5, 89.5)), ((89.5, 85.5), (90.5, 85.5)), ((81.5, 90.5), (82.5, 90.5)), ((77.5, 85.5), (78.5, 85.5)), ((85.5, 85.5), (86.5, 85.5)), ((93.5, 89.5), (93.5, 90.5)), ((86.5, 85.5), (87.5, 85.5)), ((64.5, 90.5), (65.5, 90.5))}"
51,HNCDL_447,20170421,0.7230320699708455,7.280109889280518,0.5509487633138128,91.40625,0.8478260869565217,0.37055837563451777,"{(79, 88), (90, 88), (72, 91), (73, 90), (87, 89), (77, 90), (91, 89), (92, 88), (74, 91), (85, 91), (75, 90), (66, 87), (79, 90), (81, 87), (90, 90), (71, 86), (87, 91), (69, 88), (83, 87), (80, 88), (85, 89), (88, 86), (81, 89), (72, 86), (71, 88), (82, 88), (86, 88), (69, 90), (83, 89), (80, 90), (88, 88), (81, 91), (71, 90), (73, 87), (82, 90), (86, 90), (77, 87), (91, 86), (67, 86), (89, 86), (83, 91), (75, 87), (66, 84), (65, 88), (79, 87), (90, 87), (76, 88), (88, 90), (73, 89), (64, 86), (77, 89), (67, 88), (69, 85), (92, 87), (78, 88), (89, 88), (75, 89), (76, 90), (79, 89), (90, 89), (68, 86), (73, 91), (84, 88), (77, 91), (78, 90), (69, 87), (80, 87), (70, 86), (89, 90), (79, 91), (68, 88), (71, 87), (82, 87), (72, 88), (86, 87), (84, 90), (87, 86), (69, 89), (80, 89), (70, 88), (74, 88), (65, 85), (88, 87), (85, 88), (68, 90), (71, 89), (82, 89), (72, 90), (86, 89), (87, 88), (67, 85), (80, 91), (70, 90), (91, 88), (74, 90), (65, 87), (90, 86), (66, 86), (76, 87), (88, 89), (85, 90), (82, 91), (86, 91), (87, 90), (67, 87), (78, 87), (89, 87), (76, 89), (75, 91), (66, 88), (68, 85), (81, 88), (84, 87), (67, 89), (69, 86), (78, 89), (70, 85), (89, 89), (83, 88), (76, 91), (68, 87), (81, 90), (72, 87), (86, 86), (84, 89), (78, 91), (70, 87), (83, 90), (74, 87), (65, 84), (85, 87), (68, 89), (72, 89), (71, 91), (73, 88), (64, 85), (67, 84), (87, 87), (84, 91), (70, 89), (77, 88), (91, 87), (74, 89), (65, 86), (75, 88), (66, 85)}","{(79, 88), (90, 88), (73, 90), (64, 87), (63, 89), (87, 89), (77, 90), (91, 89), (93, 86), (58, 86), (94, 85), (92, 88), (75, 90), (66, 87), (79, 90), (81, 87), (95, 86), (71, 86), (82, 86), (90, 90), (64, 89), (93, 88), (58, 88), (60, 85), (83, 87), (94, 87), (69, 88), (80, 88), (92, 90), (66, 89), (85, 89), (88, 86), (81, 89), (72, 86), (71, 88), (73, 85), (62, 85), (82, 88), (65, 86), (86, 88), (80, 90), (60, 87), (85, 86), (61, 86), (83, 89), (94, 89), (88, 88), (71, 90), (62, 87), (73, 87), (63, 86), (82, 90), (86, 90), (77, 87), (91, 86), (89, 86), (92, 85), (67, 86), (78, 86), (60, 89), (61, 88), (75, 87), (65, 88), (79, 87), (90, 87), (76, 88), (88, 90), (62, 89), (64, 86), (63, 88), (73, 89), (84, 86), (77, 89), (67, 88), (69, 85), (92, 87), (78, 88), (89, 88), (75, 89), (76, 90), (79, 89), (81, 86), (57, 86), (71, 85), (68, 86), (90, 89), (84, 88), (95, 88), (78, 90), (58, 87), (69, 87), (59, 86), (70, 86), (80, 87), (92, 89), (89, 90), (74, 86), (57, 88), (71, 87), (82, 87), (68, 88), (72, 88), (86, 87), (84, 90), (87, 86), (69, 89), (60, 86), (59, 88), (61, 85), (70, 88), (80, 89), (74, 88), (65, 85), (88, 87), (85, 88), (71, 89), (82, 89), (63, 85), (72, 90), (86, 89), (77, 86), (87, 88), (67, 85), (70, 90), (61, 87), (91, 88), (93, 85), (74, 90), (65, 87), (90, 86), (66, 86), (76, 87), (88, 89), (85, 90), (63, 87), (95, 85), (64, 88), (67, 87), (78, 87), (89, 87), (87, 90), (61, 89), (91, 90), (93, 87), (83, 86), (94, 86), (65, 89), (76, 89), (66, 88), (68, 85), (81, 88), (72, 85), (84, 87), (95, 87), (67, 89), (69, 86), (80, 86), (59, 85), (70, 85), (78, 89), (89, 89), (93, 89), (83, 88), (94, 88), (57, 87), (68, 87), (81, 90), (72, 87), (86, 86), (62, 86), (73, 86), (84, 89), (95, 89), (59, 87), (70, 87), (91, 85), (60, 88), (74, 87), (85, 87), (75, 86), (83, 90), (68, 89), (79, 86), (72, 89), (62, 88), (64, 85), (87, 87), (73, 88), (59, 89), (77, 88), (91, 87), (70, 89), (92, 86), (74, 89), (76, 86), (75, 88), (66, 85)}","{((88.5, 90.5), (89.5, 90.5)), ((81.5, 86.5), (82.5, 86.5)), ((70.5, 90.5), (70.5, 91.5)), ((73.5, 86.5), (74.5, 86.5)), ((65.5, 88.5), (66.5, 88.5)), ((73.5, 91.5), (74.5, 91.5)), ((66.5, 88.5), (66.5, 89.5)), ((74.5, 91.5), (75.5, 91.5)), ((69.5, 90.5), (70.5, 90.5)), ((90.5, 89.5), (90.5, 90.5)), ((89.5, 90.5), (90.5, 90.5)), ((72.5, 91.5), (73.5, 91.5)), ((66.5, 89.5), (67.5, 89.5)), ((74.5, 86.5), (75.5, 86.5)), ((63.5, 84.5), (64.5, 84.5)), ((63.5, 85.5), (63.5, 86.5)), ((69.5, 84.5), (70.5, 84.5)), ((75.5, 86.5), (76.5, 86.5)), ((92.5, 87.5), (92.5, 88.5)), ((92.5, 86.5), (92.5, 87.5)), ((64.5, 83.5), (64.5, 84.5)), ((72.5, 86.5), (73.5, 86.5)), ((65.5, 83.5), (66.5, 83.5)), ((91.5, 88.5), (91.5, 89.5)), ((79.5, 91.5), (80.5, 91.5)), ((83.5, 91.5), (84.5, 91.5)), ((64.5, 88.5), (65.5, 88.5)), ((63.5, 84.5), (63.5, 85.5)), ((77.5, 91.5), (78.5, 91.5)), ((85.5, 91.5), (86.5, 91.5)), ((64.5, 83.5), (65.5, 83.5)), ((70.5, 84.5), (70.5, 85.5)), ((91.5, 86.5), (92.5, 86.5)), ((68.5, 90.5), (69.5, 90.5)), ((66.5, 83.5), (67.5, 83.5)), ((67.5, 89.5), (67.5, 90.5)), ((64.5, 86.5), (64.5, 87.5)), ((83.5, 86.5), (84.5, 86.5)), ((87.5, 90.5), (87.5, 91.5)), ((82.5, 86.5), (83.5, 86.5)), ((91.5, 88.5), (92.5, 88.5)), ((71.5, 85.5), (72.5, 85.5)), ((78.5, 86.5), (79.5, 86.5)), ((78.5, 91.5), (79.5, 91.5)), ((67.5, 84.5), (68.5, 84.5)), ((90.5, 85.5), (91.5, 85.5)), ((79.5, 86.5), (80.5, 86.5)), ((70.5, 91.5), (71.5, 91.5)), ((84.5, 86.5), (85.5, 86.5)), ((76.5, 86.5), (77.5, 86.5)), ((87.5, 90.5), (88.5, 90.5)), ((77.5, 86.5), (78.5, 86.5)), ((63.5, 86.5), (64.5, 86.5)), ((82.5, 91.5), (83.5, 91.5)), ((72.5, 85.5), (72.5, 86.5)), ((85.5, 85.5), (85.5, 86.5)), ((84.5, 91.5), (85.5, 91.5)), ((68.5, 84.5), (69.5, 84.5)), ((64.5, 87.5), (64.5, 88.5)), ((87.5, 85.5), (88.5, 85.5)), ((75.5, 91.5), (76.5, 91.5)), ((80.5, 91.5), (81.5, 91.5)), ((71.5, 91.5), (72.5, 91.5)), ((76.5, 91.5), (77.5, 91.5)), ((67.5, 83.5), (67.5, 84.5)), ((86.5, 91.5), (87.5, 91.5)), ((88.5, 85.5), (89.5, 85.5)), ((90.5, 89.5), (91.5, 89.5)), ((67.5, 90.5), (68.5, 90.5)), ((89.5, 85.5), (90.5, 85.5)), ((85.5, 85.5), (86.5, 85.5)), ((91.5, 85.5), (91.5, 86.5)), ((86.5, 85.5), (87.5, 85.5)), ((81.5, 91.5), (82.5, 91.5)), ((80.5, 86.5), (81.5, 86.5)), ((70.5, 85.5), (71.5, 85.5))}","{((95.5, 88.5), (95.5, 89.5)), ((80.5, 85.5), (81.5, 85.5)), ((62.5, 89.5), (63.5, 89.5)), ((71.5, 90.5), (72.5, 90.5)), ((71.5, 84.5), (72.5, 84.5)), ((95.5, 87.5), (95.5, 88.5)), ((70.5, 84.5), (71.5, 84.5)), ((66.5, 84.5), (67.5, 84.5)), ((56.5, 85.5), (56.5, 86.5)), ((90.5, 84.5), (90.5, 85.5)), ((57.5, 85.5), (58.5, 85.5)), ((75.5, 85.5), (76.5, 85.5)), ((93.5, 89.5), (94.5, 89.5)), ((79.5, 90.5), (80.5, 90.5)), ((60.5, 89.5), (61.5, 89.5)), ((64.5, 84.5), (65.5, 84.5)), ((78.5, 90.5), (79.5, 90.5)), ((83.5, 90.5), (84.5, 90.5)), ((56.5, 86.5), (56.5, 87.5)), ((74.5, 90.5), (75.5, 90.5)), ((65.5, 84.5), (66.5, 84.5)), ((69.5, 89.5), (69.5, 90.5)), ((93.5, 84.5), (94.5, 84.5)), ((67.5, 89.5), (68.5, 89.5)), ((82.5, 85.5), (83.5, 85.5)), ((60.5, 84.5), (61.5, 84.5)), ((77.5, 90.5), (78.5, 90.5)), ((63.5, 89.5), (64.5, 89.5)), ((65.5, 89.5), (66.5, 89.5)), ((58.5, 84.5), (58.5, 85.5)), ((68.5, 89.5), (69.5, 89.5)), ((95.5, 84.5), (95.5, 85.5)), ((84.5, 90.5), (85.5, 90.5)), ((61.5, 89.5), (62.5, 89.5)), ((72.5, 90.5), (73.5, 90.5)), ((76.5, 85.5), (77.5, 85.5)), ((94.5, 89.5), (95.5, 89.5)), ((81.5, 85.5), (82.5, 85.5)), ((56.5, 88.5), (57.5, 88.5)), ((94.5, 84.5), (95.5, 84.5)), ((95.5, 85.5), (95.5, 86.5)), ((86.5, 90.5), (87.5, 90.5)), ((58.5, 89.5), (59.5, 89.5)), ((90.5, 90.5), (91.5, 90.5)), ((56.5, 87.5), (56.5, 88.5)), ((61.5, 84.5), (62.5, 84.5)), ((74.5, 85.5), (75.5, 85.5)), ((75.5, 90.5), (76.5, 90.5)), ((85.5, 90.5), (86.5, 90.5)), ((62.5, 84.5), (63.5, 84.5)), ((58.5, 84.5), (59.5, 84.5)), ((91.5, 90.5), (92.5, 90.5)), ((72.5, 84.5), (73.5, 84.5)), ((73.5, 85.5), (74.5, 85.5)), ((57.5, 88.5), (58.5, 88.5)), ((73.5, 90.5), (74.5, 90.5)), ((59.5, 84.5), (60.5, 84.5)), ((59.5, 89.5), (60.5, 89.5)), ((84.5, 85.5), (85.5, 85.5)), ((83.5, 85.5), (84.5, 85.5)), ((92.5, 89.5), (93.5, 89.5)), ((82.5, 90.5), (83.5, 90.5)), ((56.5, 85.5), (57.5, 85.5)), ((90.5, 84.5), (91.5, 84.5)), ((95.5, 86.5), (95.5, 87.5)), ((78.5, 85.5), (79.5, 85.5)), ((91.5, 84.5), (92.5, 84.5)), ((64.5, 89.5), (65.5, 89.5)), ((79.5, 85.5), (80.5, 85.5)), ((70.5, 90.5), (71.5, 90.5)), ((73.5, 84.5), (73.5, 85.5)), ((92.5, 84.5), (93.5, 84.5)), ((80.5, 90.5), (81.5, 90.5)), ((76.5, 90.5), (77.5, 90.5)), ((92.5, 89.5), (92.5, 90.5)), ((81.5, 90.5), (82.5, 90.5)), ((77.5, 85.5), (78.5, 85.5)), ((58.5, 88.5), (58.5, 89.5))}"
52,HNCDL_447,20170421,0.7843137254901961,4.0,0.3026484960081702,64.453125,0.7432432432432432,0.13043478260869565,"{(79, 88), (90, 88), (72, 91), (73, 90), (87, 89), (77, 90), (91, 89), (93, 86), (92, 88), (74, 91), (85, 91), (75, 90), (66, 87), (68, 84), (79, 90), (81, 87), (90, 90), (71, 86), (87, 91), (69, 88), (83, 87), (80, 88), (85, 89), (88, 86), (81, 89), (72, 86), (71, 88), (82, 88), (86, 88), (91, 84), (69, 90), (83, 89), (85, 86), (80, 90), (88, 88), (90, 85), (81, 91), (71, 90), (73, 87), (64, 84), (82, 90), (86, 90), (77, 87), (91, 86), (67, 86), (92, 85), (89, 86), (83, 91), (75, 87), (66, 84), (65, 88), (79, 87), (90, 87), (76, 88), (88, 90), (73, 89), (64, 86), (84, 86), (77, 89), (67, 88), (69, 85), (92, 87), (78, 88), (89, 88), (75, 89), (76, 90), (79, 89), (90, 89), (68, 86), (71, 85), (73, 91), (84, 88), (77, 91), (78, 90), (69, 87), (80, 87), (70, 86), (89, 90), (88, 85), (65, 83), (79, 91), (68, 88), (71, 87), (82, 87), (72, 88), (86, 87), (84, 90), (87, 86), (67, 83), (69, 89), (80, 89), (70, 88), (74, 88), (65, 85), (90, 84), (88, 87), (85, 88), (71, 89), (82, 89), (72, 90), (86, 89), (87, 88), (67, 85), (92, 84), (89, 85), (80, 91), (70, 90), (91, 88), (93, 85), (74, 90), (65, 87), (90, 86), (66, 86), (76, 87), (88, 89), (85, 90), (82, 91), (86, 91), (87, 90), (67, 87), (69, 84), (78, 87), (89, 87), (93, 87), (83, 86), (76, 89), (75, 91), (66, 88), (68, 85), (88, 91), (81, 88), (84, 87), (67, 89), (69, 86), (78, 89), (70, 85), (89, 89), (83, 88), (76, 91), (68, 87), (81, 90), (72, 87), (86, 86), (73, 86), (84, 89), (78, 91), (70, 87), (91, 85), (83, 90), (74, 87), (65, 84), (85, 87), (66, 83), (68, 89), (72, 89), (84, 91), (73, 88), (64, 85), (67, 84), (87, 87), (70, 89), (77, 88), (91, 87), (92, 86), (74, 89), (65, 86), (75, 88), (66, 85)}","{(79, 88), (90, 88), (73, 90), (87, 89), (77, 90), (91, 89), (93, 86), (92, 88), (75, 90), (68, 84), (79, 90), (81, 87), (90, 90), (71, 86), (82, 86), (93, 88), (69, 88), (83, 87), (80, 88), (85, 89), (88, 86), (81, 89), (72, 86), (71, 88), (73, 85), (82, 88), (86, 88), (91, 84), (80, 90), (83, 89), (85, 86), (75, 85), (88, 88), (90, 85), (82, 90), (73, 87), (86, 90), (77, 87), (91, 86), (78, 86), (69, 83), (92, 85), (89, 86), (75, 87), (76, 88), (79, 87), (90, 87), (88, 90), (73, 89), (84, 86), (77, 89), (78, 88), (69, 85), (92, 87), (70, 84), (89, 88), (75, 89), (76, 90), (79, 89), (81, 86), (68, 86), (71, 85), (90, 89), (84, 88), (78, 90), (69, 87), (80, 87), (70, 86), (89, 90), (74, 86), (68, 88), (71, 87), (82, 87), (72, 88), (86, 87), (84, 90), (87, 86), (80, 89), (70, 88), (74, 88), (88, 87), (90, 84), (85, 88), (71, 89), (82, 89), (86, 89), (77, 86), (87, 88), (89, 85), (91, 88), (93, 85), (74, 90), (76, 87), (90, 86), (88, 89), (85, 90), (87, 90), (78, 87), (69, 84), (89, 87), (93, 87), (83, 86), (76, 89), (68, 85), (71, 84), (81, 88), (72, 85), (84, 87), (78, 89), (69, 86), (80, 86), (70, 85), (89, 89), (91, 83), (83, 88), (74, 85), (68, 87), (81, 90), (72, 87), (86, 86), (73, 86), (84, 89), (70, 87), (91, 85), (83, 90), (74, 87), (85, 87), (75, 86), (79, 86), (72, 89), (73, 88), (87, 87), (77, 88), (91, 87), (92, 86), (74, 89), (76, 86), (75, 88)}","{((68.5, 83.5), (69.5, 83.5)), ((90.5, 83.5), (91.5, 83.5)), ((88.5, 90.5), (89.5, 90.5)), ((81.5, 86.5), (82.5, 86.5)), ((91.5, 83.5), (92.5, 83.5)), ((73.5, 86.5), (74.5, 86.5)), ((65.5, 88.5), (66.5, 88.5)), ((73.5, 91.5), (74.5, 91.5)), ((93.5, 84.5), (93.5, 85.5)), ((66.5, 88.5), (66.5, 89.5)), ((74.5, 91.5), (75.5, 91.5)), ((89.5, 83.5), (90.5, 83.5)), ((69.5, 90.5), (70.5, 90.5)), ((90.5, 89.5), (90.5, 90.5)), ((70.5, 84.5), (71.5, 84.5)), ((87.5, 84.5), (88.5, 84.5)), ((89.5, 90.5), (90.5, 90.5)), ((72.5, 91.5), (73.5, 91.5)), ((93.5, 85.5), (93.5, 86.5)), ((66.5, 89.5), (67.5, 89.5)), ((71.5, 90.5), (71.5, 91.5)), ((82.5, 85.5), (82.5, 86.5)), ((74.5, 86.5), (75.5, 86.5)), ((63.5, 85.5), (63.5, 86.5)), ((89.5, 83.5), (89.5, 84.5)), ((69.5, 84.5), (70.5, 84.5)), ((75.5, 86.5), (76.5, 86.5)), ((92.5, 87.5), (92.5, 88.5)), ((88.5, 84.5), (89.5, 84.5)), ((67.5, 89.5), (68.5, 89.5)), ((87.5, 84.5), (87.5, 85.5)), ((91.5, 88.5), (91.5, 89.5)), ((79.5, 91.5), (80.5, 91.5)), ((82.5, 85.5), (83.5, 85.5)), ((83.5, 91.5), (84.5, 91.5)), ((64.5, 88.5), (65.5, 88.5)), ((71.5, 84.5), (71.5, 85.5)), ((63.5, 84.5), (63.5, 85.5)), ((77.5, 91.5), (78.5, 91.5)), ((85.5, 91.5), (86.5, 91.5)), ((93.5, 86.5), (93.5, 87.5)), ((66.5, 82.5), (67.5, 82.5)), ((72.5, 85.5), (73.5, 85.5)), ((73.5, 85.5), (73.5, 86.5)), ((68.5, 90.5), (69.5, 90.5)), ((69.5, 83.5), (69.5, 84.5)), ((64.5, 86.5), (64.5, 87.5)), ((88.5, 90.5), (88.5, 91.5)), ((68.5, 89.5), (68.5, 90.5)), ((91.5, 88.5), (92.5, 88.5)), ((64.5, 82.5), (65.5, 82.5)), ((71.5, 85.5), (72.5, 85.5)), ((78.5, 86.5), (79.5, 86.5)), ((65.5, 82.5), (66.5, 82.5)), ((78.5, 91.5), (79.5, 91.5)), ((79.5, 86.5), (80.5, 86.5)), ((63.5, 83.5), (64.5, 83.5)), ((76.5, 86.5), (77.5, 86.5)), ((84.5, 85.5), (85.5, 85.5)), ((77.5, 86.5), (78.5, 86.5)), ((83.5, 85.5), (84.5, 85.5)), ((63.5, 86.5), (64.5, 86.5)), ((92.5, 83.5), (92.5, 84.5)), ((82.5, 91.5), (83.5, 91.5)), ((87.5, 91.5), (88.5, 91.5)), ((67.5, 82.5), (67.5, 83.5)), ((84.5, 91.5), (85.5, 91.5)), ((64.5, 87.5), (64.5, 88.5)), ((67.5, 83.5), (68.5, 83.5)), ((75.5, 91.5), (76.5, 91.5)), ((80.5, 91.5), (81.5, 91.5)), ((70.5, 90.5), (71.5, 90.5)), ((71.5, 91.5), (72.5, 91.5)), ((76.5, 91.5), (77.5, 91.5)), ((63.5, 83.5), (63.5, 84.5)), ((92.5, 84.5), (93.5, 84.5)), ((86.5, 91.5), (87.5, 91.5)), ((90.5, 89.5), (91.5, 89.5)), ((85.5, 85.5), (86.5, 85.5)), ((64.5, 82.5), (64.5, 83.5)), ((92.5, 87.5), (93.5, 87.5)), ((86.5, 85.5), (87.5, 85.5)), ((81.5, 91.5), (82.5, 91.5)), ((80.5, 86.5), (81.5, 86.5))}","{((81.5, 85.5), (82.5, 85.5)), ((88.5, 84.5), (88.5, 85.5)), ((90.5, 82.5), (90.5, 83.5)), ((86.5, 90.5), (87.5, 90.5)), ((69.5, 82.5), (69.5, 83.5)), ((73.5, 84.5), (74.5, 84.5)), ((80.5, 85.5), (81.5, 85.5)), ((67.5, 86.5), (67.5, 87.5)), ((68.5, 82.5), (69.5, 82.5)), ((71.5, 84.5), (72.5, 84.5)), ((75.5, 90.5), (76.5, 90.5)), ((70.5, 88.5), (70.5, 89.5)), ((85.5, 90.5), (86.5, 90.5)), ((91.5, 83.5), (91.5, 84.5)), ((67.5, 87.5), (67.5, 88.5)), ((72.5, 84.5), (73.5, 84.5)), ((90.5, 82.5), (91.5, 82.5)), ((75.5, 85.5), (76.5, 85.5)), ((69.5, 83.5), (70.5, 83.5)), ((73.5, 90.5), (74.5, 90.5)), ((71.5, 89.5), (72.5, 89.5)), ((79.5, 90.5), (80.5, 90.5)), ((87.5, 90.5), (88.5, 90.5)), ((70.5, 89.5), (71.5, 89.5)), ((78.5, 90.5), (79.5, 90.5)), ((83.5, 90.5), (84.5, 90.5)), ((93.5, 87.5), (93.5, 88.5)), ((74.5, 90.5), (75.5, 90.5)), ((67.5, 85.5), (67.5, 86.5)), ((67.5, 88.5), (68.5, 88.5)), ((72.5, 89.5), (72.5, 90.5)), ((82.5, 90.5), (83.5, 90.5)), ((78.5, 85.5), (79.5, 85.5)), ((70.5, 83.5), (71.5, 83.5)), ((91.5, 84.5), (92.5, 84.5)), ((87.5, 85.5), (88.5, 85.5)), ((74.5, 84.5), (75.5, 84.5)), ((67.5, 84.5), (67.5, 85.5)), ((79.5, 85.5), (80.5, 85.5)), ((67.5, 83.5), (67.5, 84.5)), ((77.5, 90.5), (78.5, 90.5)), ((75.5, 84.5), (75.5, 85.5)), ((69.5, 88.5), (70.5, 88.5)), ((80.5, 90.5), (81.5, 90.5)), ((76.5, 90.5), (77.5, 90.5)), ((81.5, 90.5), (82.5, 90.5)), ((68.5, 82.5), (68.5, 83.5)), ((77.5, 85.5), (78.5, 85.5)), ((68.5, 88.5), (69.5, 88.5)), ((84.5, 90.5), (85.5, 90.5)), ((92.5, 88.5), (93.5, 88.5)), ((91.5, 82.5), (91.5, 83.5)), ((71.5, 83.5), (71.5, 84.5)), ((72.5, 90.5), (73.5, 90.5)), ((76.5, 85.5), (77.5, 85.5))}"
53,HNCDL_447,20170421,0.6292682926829268,8.246211251235321,0.9581278372547243,118.359375,0.8416666666666667,0.43171806167400884,"{(79, 88), (90, 88), (73, 90), (87, 89), (77, 90), (91, 89), (93, 86), (92, 88), (94, 85), (85, 91), (75, 90), (66, 87), (68, 84), (79, 90), (81, 87), (90, 90), (71, 86), (82, 86), (87, 91), (69, 88), (83, 87), (80, 88), (85, 89), (88, 86), (90, 83), (81, 89), (72, 86), (71, 88), (82, 88), (86, 88), (91, 84), (92, 83), (69, 90), (83, 89), (85, 86), (80, 90), (66, 82), (88, 88), (90, 85), (71, 90), (73, 87), (64, 84), (82, 90), (86, 90), (77, 87), (91, 86), (67, 86), (69, 83), (92, 85), (89, 86), (83, 91), (75, 87), (66, 84), (76, 88), (79, 87), (90, 87), (88, 90), (73, 89), (84, 86), (77, 89), (67, 88), (69, 85), (94, 84), (70, 84), (92, 87), (78, 88), (89, 88), (75, 89), (65, 81), (76, 90), (79, 89), (90, 89), (68, 86), (71, 85), (84, 88), (86, 85), (67, 81), (78, 90), (69, 87), (80, 87), (70, 86), (89, 90), (74, 86), (88, 85), (65, 83), (68, 88), (71, 87), (82, 87), (72, 88), (86, 87), (84, 90), (87, 86), (67, 83), (89, 83), (69, 89), (80, 89), (70, 88), (93, 83), (74, 88), (65, 85), (90, 84), (88, 87), (85, 88), (71, 89), (82, 89), (72, 90), (86, 89), (87, 88), (67, 85), (92, 84), (89, 85), (70, 90), (91, 88), (93, 85), (74, 90), (65, 87), (90, 86), (66, 86), (68, 83), (76, 87), (88, 89), (85, 90), (82, 91), (86, 91), (87, 90), (67, 87), (69, 84), (78, 87), (89, 87), (93, 87), (83, 86), (94, 86), (76, 89), (66, 88), (68, 85), (81, 88), (72, 85), (84, 87), (67, 89), (69, 86), (78, 89), (70, 85), (89, 89), (91, 83), (83, 88), (65, 82), (88, 84), (66, 81), (68, 87), (81, 90), (72, 87), (86, 86), (73, 86), (64, 83), (67, 82), (87, 85), (84, 89), (70, 87), (91, 85), (83, 90), (74, 87), (65, 84), (85, 87), (66, 83), (68, 89), (72, 89), (84, 91), (73, 88), (64, 85), (67, 84), (89, 84), (87, 87), (70, 89), (77, 88), (91, 87), (93, 84), (92, 86), (94, 83), (74, 89), (65, 86), (75, 88), (66, 85), (68, 82)}","{(79, 88), (90, 88), (67, 77), (87, 89), (70, 82), (91, 80), (93, 77), (92, 79), (94, 76), (77, 90), (65, 79), (66, 78), (68, 75), (75, 90), (68, 84), (90, 81), (95, 77), (79, 90), (81, 87), (72, 84), (71, 86), (82, 86), (91, 82), (93, 79), (92, 81), (94, 78), (80, 88), (83, 87), (66, 80), (68, 77), (85, 89), (88, 86), (90, 83), (95, 79), (81, 89), (72, 86), (71, 88), (73, 85), (82, 88), (70, 77), (86, 88), (91, 84), (93, 81), (69, 81), (94, 80), (92, 83), (80, 90), (83, 89), (85, 86), (75, 85), (66, 82), (68, 79), (88, 88), (90, 85), (82, 90), (73, 87), (69, 74), (86, 90), (77, 87), (91, 86), (78, 86), (69, 83), (94, 82), (92, 85), (89, 86), (66, 75), (75, 87), (76, 88), (79, 87), (90, 87), (88, 90), (71, 83), (73, 89), (84, 86), (91, 79), (67, 79), (69, 76), (92, 78), (77, 89), (78, 88), (69, 85), (89, 88), (70, 84), (66, 77), (96, 78), (75, 89), (90, 80), (76, 90), (79, 89), (81, 86), (68, 86), (71, 85), (90, 89), (84, 88), (67, 81), (69, 78), (94, 77), (92, 80), (78, 90), (80, 87), (89, 90), (70, 86), (96, 80), (74, 86), (88, 85), (90, 82), (71, 87), (73, 84), (82, 87), (95, 81), (67, 74), (72, 88), (86, 87), (84, 90), (87, 86), (67, 83), (69, 80), (94, 79), (70, 79), (92, 82), (89, 83), (80, 89), (70, 88), (93, 83), (65, 76), (74, 88), (88, 87), (90, 84), (85, 88), (68, 81), (82, 89), (67, 76), (69, 73), (86, 89), (77, 86), (87, 88), (89, 85), (69, 82), (92, 84), (70, 81), (93, 76), (91, 88), (65, 78), (68, 74), (74, 90), (76, 87), (90, 86), (88, 89), (68, 83), (71, 82), (85, 90), (95, 76), (67, 78), (69, 75), (87, 90), (78, 87), (69, 84), (89, 87), (70, 83), (91, 81), (93, 78), (83, 86), (65, 80), (66, 79), (68, 76), (76, 89), (68, 85), (71, 84), (95, 78), (81, 88), (72, 85), (84, 87), (67, 80), (69, 77), (70, 76), (78, 89), (69, 86), (80, 86), (70, 85), (89, 89), (91, 83), (93, 80), (96, 79), (83, 88), (74, 85), (88, 84), (66, 81), (68, 78), (95, 80), (67, 73), (72, 87), (86, 86), (73, 86), (84, 89), (67, 82), (69, 79), (89, 82), (70, 78), (81, 90), (70, 87), (91, 85), (93, 82), (94, 81), (66, 74), (83, 90), (74, 87), (85, 87), (75, 86), (68, 80), (79, 86), (67, 75), (73, 88), (87, 87), (67, 84), (89, 84), (70, 80), (77, 88), (91, 87), (93, 84), (92, 86), (65, 77), (66, 76), (68, 73), (74, 89), (76, 86), (75, 88), (68, 82)}","{((88.5, 90.5), (89.5, 90.5)), ((87.5, 83.5), (87.5, 84.5)), ((65.5, 88.5), (66.5, 88.5)), ((71.5, 90.5), (72.5, 90.5)), ((68.5, 82.5), (69.5, 82.5)), ((81.5, 91.5), (82.5, 91.5)), ((66.5, 88.5), (66.5, 89.5)), ((92.5, 82.5), (93.5, 82.5)), ((71.5, 84.5), (72.5, 84.5)), ((64.5, 81.5), (64.5, 82.5)), ((67.5, 80.5), (67.5, 81.5)), ((69.5, 90.5), (70.5, 90.5)), ((90.5, 89.5), (90.5, 90.5)), ((70.5, 84.5), (71.5, 84.5)), ((90.5, 82.5), (91.5, 82.5)), ((89.5, 90.5), (90.5, 90.5)), ((91.5, 82.5), (92.5, 82.5)), ((70.5, 83.5), (70.5, 84.5)), ((66.5, 89.5), (67.5, 89.5)), ((87.5, 83.5), (88.5, 83.5)), ((79.5, 90.5), (80.5, 90.5)), ((74.5, 86.5), (75.5, 86.5)), ((85.5, 84.5), (86.5, 84.5)), ((81.5, 85.5), (81.5, 86.5)), ((93.5, 86.5), (94.5, 86.5)), ((78.5, 90.5), (79.5, 90.5)), ((64.5, 80.5), (64.5, 81.5)), ((74.5, 90.5), (75.5, 90.5)), ((75.5, 86.5), (76.5, 86.5)), ((92.5, 87.5), (92.5, 88.5)), ((66.5, 80.5), (67.5, 80.5)), ((67.5, 89.5), (68.5, 89.5)), ((94.5, 85.5), (94.5, 86.5)), ((91.5, 88.5), (91.5, 89.5)), ((82.5, 85.5), (83.5, 85.5)), ((92.5, 87.5), (93.5, 87.5)), ((77.5, 90.5), (78.5, 90.5)), ((83.5, 91.5), (84.5, 91.5)), ((93.5, 82.5), (94.5, 82.5)), ((63.5, 84.5), (63.5, 85.5)), ((64.5, 80.5), (65.5, 80.5)), ((72.5, 84.5), (72.5, 85.5)), ((85.5, 91.5), (86.5, 91.5)), ((85.5, 84.5), (85.5, 85.5)), ((65.5, 80.5), (66.5, 80.5)), ((69.5, 83.5), (70.5, 83.5)), ((72.5, 90.5), (73.5, 90.5)), ((93.5, 86.5), (93.5, 87.5)), ((94.5, 82.5), (94.5, 83.5)), ((81.5, 85.5), (82.5, 85.5)), ((72.5, 85.5), (73.5, 85.5)), ((69.5, 82.5), (69.5, 83.5)), ((68.5, 90.5), (69.5, 90.5)), ((88.5, 82.5), (89.5, 82.5)), ((64.5, 86.5), (64.5, 87.5)), ((63.5, 85.5), (64.5, 85.5)), ((87.5, 90.5), (87.5, 91.5)), ((68.5, 89.5), (68.5, 90.5)), ((91.5, 88.5), (92.5, 88.5)), ((88.5, 82.5), (88.5, 83.5)), ((75.5, 90.5), (76.5, 90.5)), ((78.5, 86.5), (79.5, 86.5)), ((63.5, 82.5), (64.5, 82.5)), ((73.5, 85.5), (74.5, 85.5)), ((79.5, 86.5), (80.5, 86.5)), ((81.5, 90.5), (81.5, 91.5)), ((73.5, 90.5), (74.5, 90.5)), ((89.5, 82.5), (90.5, 82.5)), ((94.5, 84.5), (94.5, 85.5)), ((76.5, 86.5), (77.5, 86.5)), ((87.5, 90.5), (88.5, 90.5)), ((84.5, 85.5), (85.5, 85.5)), ((77.5, 86.5), (78.5, 86.5)), ((83.5, 85.5), (84.5, 85.5)), ((67.5, 81.5), (68.5, 81.5)), ((82.5, 91.5), (83.5, 91.5)), ((84.5, 91.5), (85.5, 91.5)), ((64.5, 85.5), (64.5, 86.5)), ((65.5, 87.5), (65.5, 88.5)), ((70.5, 90.5), (71.5, 90.5)), ((74.5, 85.5), (74.5, 86.5)), ((63.5, 83.5), (63.5, 84.5)), ((86.5, 91.5), (87.5, 91.5)), ((80.5, 90.5), (81.5, 90.5)), ((76.5, 90.5), (77.5, 90.5)), ((90.5, 89.5), (91.5, 89.5)), ((86.5, 84.5), (87.5, 84.5)), ((63.5, 82.5), (63.5, 83.5)), ((64.5, 87.5), (65.5, 87.5)), ((68.5, 81.5), (68.5, 82.5)), ((94.5, 83.5), (94.5, 84.5)), ((80.5, 86.5), (81.5, 86.5))}","{((70.5, 78.5), (70.5, 79.5)), ((72.5, 88.5), (72.5, 89.5)), ((80.5, 85.5), (81.5, 85.5)), ((92.5, 84.5), (92.5, 85.5)), ((91.5, 77.5), (91.5, 78.5)), ((69.5, 72.5), (69.5, 73.5)), ((89.5, 89.5), (89.5, 90.5)), ((93.5, 83.5), (93.5, 84.5)), ((71.5, 88.5), (72.5, 88.5)), ((93.5, 82.5), (93.5, 83.5)), ((70.5, 81.5), (71.5, 81.5)), ((66.5, 84.5), (67.5, 84.5)), ((75.5, 85.5), (76.5, 85.5)), ((90.5, 78.5), (90.5, 79.5)), ((70.5, 80.5), (70.5, 81.5)), ((94.5, 75.5), (95.5, 75.5)), ((92.5, 85.5), (92.5, 86.5)), ((65.5, 80.5), (65.5, 81.5)), ((96.5, 79.5), (96.5, 80.5)), ((69.5, 73.5), (69.5, 74.5)), ((95.5, 80.5), (96.5, 80.5)), ((95.5, 76.5), (95.5, 77.5)), ((89.5, 89.5), (90.5, 89.5)), ((89.5, 80.5), (89.5, 81.5)), ((83.5, 90.5), (84.5, 90.5)), ((69.5, 86.5), (69.5, 87.5)), ((65.5, 81.5), (65.5, 82.5)), ((91.5, 86.5), (91.5, 87.5)), ((70.5, 77.5), (70.5, 78.5)), ((66.5, 72.5), (66.5, 73.5)), ((71.5, 83.5), (72.5, 83.5)), ((90.5, 88.5), (90.5, 89.5)), ((67.5, 86.5), (68.5, 86.5)), ((70.5, 75.5), (70.5, 76.5)), ((88.5, 81.5), (88.5, 82.5)), ((91.5, 77.5), (92.5, 77.5)), ((94.5, 81.5), (95.5, 81.5)), ((90.5, 78.5), (91.5, 78.5)), ((73.5, 83.5), (73.5, 84.5)), ((95.5, 77.5), (96.5, 77.5)), ((87.5, 84.5), (87.5, 85.5)), ((96.5, 78.5), (96.5, 79.5)), ((89.5, 79.5), (90.5, 79.5)), ((91.5, 87.5), (91.5, 88.5)), ((66.5, 83.5), (66.5, 84.5)), ((75.5, 84.5), (75.5, 85.5)), ((69.5, 87.5), (69.5, 88.5)), ((70.5, 76.5), (70.5, 77.5)), ((92.5, 76.5), (92.5, 77.5)), ((64.5, 75.5), (64.5, 76.5)), ((84.5, 90.5), (85.5, 90.5)), ((71.5, 81.5), (71.5, 82.5)), ((69.5, 74.5), (69.5, 75.5)), ((76.5, 85.5), (77.5, 85.5)), ((65.5, 74.5), (65.5, 75.5)), ((86.5, 90.5), (87.5, 90.5)), ((94.5, 81.5), (94.5, 82.5)), ((91.5, 86.5), (92.5, 86.5)), ((73.5, 84.5), (74.5, 84.5)), ((72.5, 89.5), (73.5, 89.5)), ((64.5, 76.5), (64.5, 77.5)), ((95.5, 80.5), (95.5, 81.5)), ((64.5, 75.5), (65.5, 75.5)), ((89.5, 79.5), (89.5, 80.5)), ((92.5, 75.5), (93.5, 75.5)), ((69.5, 75.5), (70.5, 75.5)), ((88.5, 81.5), (89.5, 81.5)), ((64.5, 78.5), (64.5, 79.5)), ((65.5, 82.5), (66.5, 82.5)), ((85.5, 90.5), (86.5, 90.5)), ((65.5, 73.5), (65.5, 74.5)), ((72.5, 83.5), (73.5, 83.5)), ((66.5, 82.5), (66.5, 83.5)), ((64.5, 79.5), (64.5, 80.5)), ((68.5, 72.5), (69.5, 72.5)), ((73.5, 89.5), (73.5, 90.5)), ((71.5, 82.5), (71.5, 83.5)), ((70.5, 88.5), (71.5, 88.5)), ((67.5, 85.5), (67.5, 86.5)), ((93.5, 75.5), (94.5, 75.5)), ((96.5, 77.5), (96.5, 78.5)), ((82.5, 90.5), (83.5, 90.5)), ((78.5, 85.5), (79.5, 85.5)), ((64.5, 77.5), (64.5, 78.5)), ((74.5, 84.5), (75.5, 84.5)), ((67.5, 84.5), (67.5, 85.5)), ((79.5, 85.5), (80.5, 85.5)), ((92.5, 75.5), (92.5, 76.5)), ((92.5, 84.5), (93.5, 84.5)), ((95.5, 75.5), (95.5, 76.5)), ((68.5, 86.5), (69.5, 86.5)), ((67.5, 72.5), (68.5, 72.5)), ((69.5, 88.5), (70.5, 88.5)), ((65.5, 73.5), (66.5, 73.5)), ((70.5, 79.5), (70.5, 80.5)), ((81.5, 90.5), (82.5, 90.5)), ((77.5, 85.5), (78.5, 85.5)), ((66.5, 72.5), (67.5, 72.5)), ((90.5, 88.5), (91.5, 88.5)), ((85.5, 85.5), (86.5, 85.5)), ((86.5, 85.5), (87.5, 85.5))}"
54,HNCDL_447,20170421,0.7525252525252526,4.242640687119285,0.40508590286217283,101.953125,0.7767857142857143,0.2696078431372549,"{(79, 88), (90, 88), (95, 84), (73, 90), (87, 89), (77, 90), (91, 89), (93, 86), (92, 88), (94, 85), (85, 91), (75, 90), (66, 87), (68, 84), (79, 90), (81, 87), (71, 86), (82, 86), (91, 82), (92, 81), (69, 88), (83, 87), (80, 88), (66, 80), (66, 89), (85, 89), (88, 86), (90, 83), (81, 89), (72, 86), (71, 88), (82, 88), (64, 82), (87, 84), (86, 88), (91, 84), (92, 83), (69, 90), (83, 89), (85, 86), (80, 90), (66, 82), (88, 88), (90, 85), (71, 90), (73, 87), (64, 84), (82, 90), (86, 90), (77, 87), (91, 86), (67, 86), (69, 83), (92, 85), (89, 86), (75, 87), (66, 84), (65, 88), (79, 87), (90, 87), (76, 88), (88, 90), (73, 89), (64, 86), (84, 86), (77, 89), (67, 88), (69, 85), (94, 84), (70, 84), (92, 87), (78, 88), (89, 88), (75, 89), (65, 81), (88, 83), (76, 90), (79, 89), (90, 89), (68, 86), (71, 85), (84, 88), (86, 85), (67, 81), (78, 90), (69, 87), (80, 87), (70, 86), (89, 90), (74, 86), (88, 85), (65, 83), (90, 82), (68, 88), (71, 87), (82, 87), (72, 88), (86, 87), (84, 90), (87, 86), (67, 83), (92, 82), (89, 83), (69, 89), (80, 89), (70, 88), (93, 83), (74, 88), (65, 85), (90, 84), (88, 87), (85, 88), (68, 90), (71, 89), (82, 89), (72, 90), (86, 89), (87, 88), (67, 85), (92, 84), (89, 85), (70, 90), (91, 88), (93, 85), (74, 90), (65, 87), (90, 86), (66, 86), (68, 83), (76, 87), (88, 89), (85, 90), (87, 90), (67, 87), (69, 84), (78, 87), (89, 87), (93, 87), (83, 86), (94, 86), (76, 89), (66, 88), (68, 85), (81, 88), (84, 87), (67, 89), (69, 86), (78, 89), (70, 85), (89, 89), (91, 83), (83, 88), (85, 85), (65, 82), (88, 84), (66, 81), (68, 87), (81, 90), (72, 87), (86, 86), (73, 86), (64, 83), (67, 82), (87, 85), (84, 89), (70, 87), (91, 85), (93, 82), (83, 90), (74, 87), (65, 84), (85, 87), (66, 83), (68, 89), (72, 89), (84, 91), (73, 88), (64, 85), (67, 84), (89, 84), (87, 87), (70, 89), (77, 88), (91, 87), (93, 84), (92, 86), (94, 83), (74, 89), (65, 86), (75, 88), (66, 85), (68, 82)}","{(79, 88), (90, 88), (67, 77), (73, 90), (87, 89), (91, 80), (93, 77), (92, 79), (77, 90), (65, 79), (66, 78), (75, 90), (68, 84), (90, 81), (79, 90), (81, 87), (71, 86), (82, 86), (91, 82), (93, 79), (92, 81), (69, 88), (83, 87), (80, 88), (66, 80), (68, 77), (85, 89), (88, 86), (90, 83), (95, 79), (81, 89), (72, 86), (71, 88), (73, 85), (87, 84), (82, 88), (86, 88), (91, 84), (93, 81), (69, 81), (94, 80), (92, 83), (80, 90), (83, 89), (85, 86), (66, 82), (68, 79), (88, 88), (90, 85), (81, 91), (82, 90), (73, 87), (86, 90), (77, 87), (91, 86), (67, 86), (69, 83), (94, 82), (78, 86), (89, 86), (75, 87), (66, 84), (76, 88), (79, 87), (90, 87), (73, 89), (84, 86), (91, 79), (67, 79), (92, 78), (77, 89), (78, 88), (69, 85), (89, 88), (70, 84), (66, 77), (75, 89), (65, 81), (90, 80), (88, 83), (76, 90), (79, 89), (81, 86), (68, 86), (71, 85), (84, 88), (86, 85), (67, 81), (69, 78), (92, 80), (78, 90), (69, 87), (80, 87), (70, 86), (74, 86), (65, 83), (90, 82), (88, 85), (79, 91), (68, 88), (71, 87), (82, 87), (72, 88), (86, 87), (84, 90), (87, 86), (67, 83), (69, 80), (94, 79), (92, 82), (89, 83), (80, 89), (70, 88), (93, 83), (74, 88), (88, 87), (90, 84), (85, 88), (68, 81), (71, 89), (82, 89), (67, 76), (72, 90), (86, 89), (77, 86), (87, 88), (67, 85), (69, 82), (92, 84), (89, 85), (80, 91), (65, 78), (74, 90), (76, 87), (90, 86), (66, 86), (68, 83), (88, 89), (85, 90), (67, 78), (78, 87), (69, 84), (89, 87), (91, 81), (93, 78), (83, 86), (65, 80), (66, 79), (76, 89), (68, 85), (71, 84), (81, 88), (72, 85), (84, 87), (67, 80), (69, 77), (78, 89), (69, 86), (80, 86), (70, 85), (89, 89), (91, 83), (93, 80), (83, 88), (85, 85), (65, 82), (88, 84), (66, 81), (68, 78), (68, 87), (95, 80), (81, 90), (72, 87), (86, 86), (73, 86), (87, 85), (67, 82), (69, 79), (89, 82), (84, 89), (70, 87), (91, 85), (93, 82), (94, 81), (83, 90), (74, 87), (65, 84), (75, 86), (66, 83), (68, 80), (85, 87), (79, 86), (72, 89), (73, 88), (87, 87), (67, 84), (89, 84), (77, 88), (91, 87), (74, 89), (76, 86), (75, 88), (66, 85), (68, 82)}","{((88.5, 90.5), (89.5, 90.5)), ((84.5, 84.5), (85.5, 84.5)), ((93.5, 81.5), (93.5, 82.5)), ((71.5, 90.5), (72.5, 90.5)), ((68.5, 82.5), (69.5, 82.5)), ((91.5, 80.5), (91.5, 81.5)), ((89.5, 89.5), (89.5, 90.5)), ((67.5, 80.5), (67.5, 81.5)), ((86.5, 83.5), (87.5, 83.5)), ((94.5, 83.5), (95.5, 83.5)), ((69.5, 90.5), (70.5, 90.5)), ((70.5, 84.5), (71.5, 84.5)), ((89.5, 81.5), (90.5, 81.5)), ((66.5, 89.5), (67.5, 89.5)), ((70.5, 83.5), (70.5, 84.5)), ((79.5, 90.5), (80.5, 90.5)), ((74.5, 86.5), (75.5, 86.5)), ((89.5, 89.5), (90.5, 89.5)), ((85.5, 84.5), (86.5, 84.5)), ((81.5, 85.5), (81.5, 86.5)), ((93.5, 86.5), (94.5, 86.5)), ((63.5, 85.5), (63.5, 86.5)), ((78.5, 90.5), (79.5, 90.5)), ((92.5, 81.5), (93.5, 81.5)), ((64.5, 80.5), (64.5, 81.5)), ((74.5, 90.5), (75.5, 90.5)), ((75.5, 86.5), (76.5, 86.5)), ((92.5, 87.5), (92.5, 88.5)), ((63.5, 81.5), (64.5, 81.5)), ((66.5, 80.5), (67.5, 80.5)), ((91.5, 80.5), (92.5, 80.5)), ((94.5, 85.5), (94.5, 86.5)), ((91.5, 88.5), (91.5, 89.5)), ((82.5, 85.5), (83.5, 85.5)), ((65.5, 79.5), (65.5, 80.5)), ((92.5, 87.5), (93.5, 87.5)), ((77.5, 90.5), (78.5, 90.5)), ((83.5, 91.5), (84.5, 91.5)), ((64.5, 88.5), (65.5, 88.5)), ((65.5, 89.5), (66.5, 89.5)), ((93.5, 82.5), (94.5, 82.5)), ((71.5, 84.5), (71.5, 85.5)), ((63.5, 84.5), (63.5, 85.5)), ((64.5, 80.5), (65.5, 80.5)), ((90.5, 81.5), (91.5, 81.5)), ((69.5, 83.5), (70.5, 83.5)), ((72.5, 90.5), (73.5, 90.5)), ((85.5, 90.5), (85.5, 91.5)), ((87.5, 82.5), (88.5, 82.5)), ((63.5, 81.5), (63.5, 82.5)), ((93.5, 86.5), (93.5, 87.5)), ((94.5, 82.5), (94.5, 83.5)), ((81.5, 85.5), (82.5, 85.5)), ((72.5, 85.5), (73.5, 85.5)), ((86.5, 90.5), (87.5, 90.5)), ((94.5, 84.5), (95.5, 84.5)), ((89.5, 81.5), (89.5, 82.5)), ((69.5, 82.5), (69.5, 83.5)), ((68.5, 90.5), (69.5, 90.5)), ((88.5, 82.5), (89.5, 82.5)), ((67.5, 89.5), (67.5, 90.5)), ((64.5, 86.5), (64.5, 87.5)), ((83.5, 90.5), (83.5, 91.5)), ((65.5, 79.5), (66.5, 79.5)), ((91.5, 88.5), (92.5, 88.5)), ((75.5, 90.5), (76.5, 90.5)), ((71.5, 85.5), (72.5, 85.5)), ((78.5, 86.5), (79.5, 86.5)), ((85.5, 90.5), (86.5, 90.5)), ((73.5, 85.5), (74.5, 85.5)), ((79.5, 86.5), (80.5, 86.5)), ((73.5, 90.5), (74.5, 90.5)), ((94.5, 84.5), (94.5, 85.5)), ((76.5, 86.5), (77.5, 86.5)), ((87.5, 90.5), (88.5, 90.5)), ((77.5, 86.5), (78.5, 86.5)), ((83.5, 85.5), (84.5, 85.5)), ((92.5, 80.5), (92.5, 81.5)), ((63.5, 86.5), (64.5, 86.5)), ((67.5, 81.5), (68.5, 81.5)), ((95.5, 83.5), (95.5, 84.5)), ((65.5, 88.5), (65.5, 89.5)), ((84.5, 91.5), (85.5, 91.5)), ((84.5, 84.5), (84.5, 85.5)), ((82.5, 90.5), (83.5, 90.5)), ((66.5, 79.5), (66.5, 80.5)), ((64.5, 87.5), (64.5, 88.5)), ((87.5, 82.5), (87.5, 83.5)), ((70.5, 90.5), (71.5, 90.5)), ((74.5, 85.5), (74.5, 86.5)), ((86.5, 83.5), (86.5, 84.5)), ((63.5, 83.5), (63.5, 84.5)), ((80.5, 90.5), (81.5, 90.5)), ((76.5, 90.5), (77.5, 90.5)), ((90.5, 89.5), (91.5, 89.5)), ((67.5, 90.5), (68.5, 90.5)), ((81.5, 90.5), (82.5, 90.5)), ((63.5, 82.5), (63.5, 83.5)), ((68.5, 81.5), (68.5, 82.5)), ((80.5, 86.5), (81.5, 86.5))}","{((87.5, 89.5), (88.5, 89.5)), ((80.5, 85.5), (81.5, 85.5)), ((67.5, 86.5), (67.5, 87.5)), ((67.5, 76.5), (68.5, 76.5)), ((91.5, 77.5), (91.5, 78.5)), ((71.5, 84.5), (72.5, 84.5)), ((93.5, 78.5), (94.5, 78.5)), ((64.5, 81.5), (64.5, 82.5)), ((78.5, 90.5), (78.5, 91.5)), ((89.5, 88.5), (89.5, 89.5)), ((93.5, 82.5), (93.5, 83.5)), ((75.5, 85.5), (76.5, 85.5)), ((90.5, 78.5), (90.5, 79.5)), ((69.5, 78.5), (69.5, 79.5)), ((90.5, 87.5), (90.5, 88.5)), ((92.5, 76.5), (93.5, 76.5)), ((89.5, 80.5), (89.5, 81.5)), ((64.5, 84.5), (65.5, 84.5)), ((83.5, 90.5), (84.5, 90.5)), ((91.5, 86.5), (91.5, 87.5)), ((67.5, 88.5), (68.5, 88.5)), ((64.5, 83.5), (64.5, 84.5)), ((93.5, 77.5), (93.5, 78.5)), ((88.5, 81.5), (88.5, 82.5)), ((71.5, 83.5), (71.5, 84.5)), ((91.5, 77.5), (92.5, 77.5)), ((90.5, 78.5), (91.5, 78.5)), ((70.5, 83.5), (71.5, 83.5)), ((89.5, 79.5), (90.5, 79.5)), ((79.5, 91.5), (80.5, 91.5)), ((68.5, 76.5), (69.5, 76.5)), ((92.5, 76.5), (92.5, 77.5)), ((89.5, 88.5), (90.5, 88.5)), ((67.5, 75.5), (67.5, 76.5)), ((92.5, 83.5), (93.5, 83.5)), ((68.5, 88.5), (69.5, 88.5)), ((84.5, 90.5), (85.5, 90.5)), ((76.5, 85.5), (77.5, 85.5)), ((94.5, 81.5), (94.5, 82.5)), ((71.5, 89.5), (71.5, 90.5)), ((65.5, 84.5), (65.5, 85.5)), ((66.5, 86.5), (67.5, 86.5)), ((89.5, 79.5), (89.5, 80.5)), ((86.5, 89.5), (86.5, 90.5)), ((88.5, 81.5), (89.5, 81.5)), ((74.5, 85.5), (75.5, 85.5)), ((93.5, 76.5), (93.5, 77.5)), ((91.5, 84.5), (91.5, 85.5)), ((64.5, 78.5), (64.5, 79.5)), ((70.5, 88.5), (70.5, 89.5)), ((64.5, 77.5), (65.5, 77.5)), ((78.5, 91.5), (79.5, 91.5)), ((69.5, 79.5), (69.5, 80.5)), ((67.5, 87.5), (67.5, 88.5)), ((72.5, 84.5), (73.5, 84.5)), ((69.5, 76.5), (69.5, 77.5)), ((81.5, 90.5), (81.5, 91.5)), ((65.5, 76.5), (65.5, 77.5)), ((95.5, 79.5), (95.5, 80.5)), ((88.5, 89.5), (89.5, 89.5)), ((64.5, 79.5), (64.5, 80.5)), ((70.5, 89.5), (71.5, 89.5)), ((95.5, 78.5), (95.5, 79.5)), ((65.5, 86.5), (66.5, 86.5)), ((92.5, 83.5), (92.5, 84.5)), ((66.5, 75.5), (66.5, 76.5)), ((94.5, 80.5), (95.5, 80.5)), ((86.5, 89.5), (87.5, 89.5)), ((78.5, 85.5), (79.5, 85.5)), ((69.5, 81.5), (69.5, 82.5)), ((64.5, 77.5), (64.5, 78.5)), ((91.5, 84.5), (92.5, 84.5)), ((90.5, 87.5), (91.5, 87.5)), ((80.5, 91.5), (81.5, 91.5)), ((79.5, 85.5), (80.5, 85.5)), ((73.5, 84.5), (73.5, 85.5)), ((65.5, 85.5), (65.5, 86.5)), ((94.5, 78.5), (95.5, 78.5)), ((66.5, 75.5), (67.5, 75.5)), ((69.5, 88.5), (70.5, 88.5)), ((77.5, 85.5), (78.5, 85.5)), ((65.5, 76.5), (66.5, 76.5)), ((64.5, 82.5), (64.5, 83.5)), ((91.5, 85.5), (91.5, 86.5)), ((94.5, 80.5), (94.5, 81.5)), ((69.5, 77.5), (69.5, 78.5)), ((69.5, 80.5), (69.5, 81.5))}"
55,HNCDL_447,20170421,0.7727272727272727,4.0,0.3657905768787709,96.09375,0.7454545454545455,0.25,"{(79, 88), (90, 88), (73, 90), (64, 87), (87, 89), (77, 90), (91, 89), (93, 86), (92, 88), (94, 85), (85, 91), (75, 90), (66, 87), (68, 84), (79, 90), (81, 87), (71, 86), (82, 86), (91, 82), (69, 88), (83, 87), (80, 88), (66, 89), (85, 89), (88, 86), (90, 83), (81, 89), (72, 86), (71, 88), (82, 88), (64, 82), (87, 84), (86, 88), (91, 84), (92, 83), (69, 90), (83, 89), (85, 86), (80, 90), (66, 82), (88, 88), (90, 85), (71, 90), (73, 87), (64, 84), (82, 90), (86, 90), (77, 87), (91, 86), (67, 86), (69, 83), (92, 85), (89, 86), (83, 91), (75, 87), (66, 84), (65, 88), (79, 87), (90, 87), (76, 88), (88, 90), (73, 89), (64, 86), (84, 86), (77, 89), (67, 88), (69, 85), (94, 84), (70, 84), (92, 87), (78, 88), (89, 88), (75, 89), (65, 81), (88, 83), (76, 90), (79, 89), (90, 89), (68, 86), (71, 85), (84, 88), (86, 85), (67, 81), (78, 90), (69, 87), (80, 87), (70, 86), (89, 90), (88, 85), (65, 83), (90, 82), (68, 88), (71, 87), (82, 87), (72, 88), (86, 87), (84, 90), (87, 86), (67, 83), (92, 82), (89, 83), (69, 89), (80, 89), (70, 88), (93, 83), (74, 88), (65, 85), (90, 84), (88, 87), (85, 88), (68, 90), (71, 89), (82, 89), (72, 90), (86, 89), (87, 88), (67, 85), (92, 84), (89, 85), (70, 90), (91, 88), (93, 85), (74, 90), (65, 87), (90, 86), (66, 86), (68, 83), (76, 87), (88, 89), (85, 90), (82, 91), (86, 91), (87, 90), (67, 87), (69, 84), (78, 87), (89, 87), (93, 87), (83, 86), (94, 86), (76, 89), (66, 88), (68, 85), (81, 88), (84, 87), (67, 89), (69, 86), (78, 89), (70, 85), (89, 89), (91, 83), (83, 88), (85, 85), (65, 82), (88, 84), (66, 81), (68, 87), (81, 90), (72, 87), (86, 86), (73, 86), (64, 83), (67, 82), (87, 85), (84, 89), (70, 87), (91, 85), (93, 82), (83, 90), (74, 87), (65, 84), (85, 87), (66, 83), (68, 89), (72, 89), (84, 91), (73, 88), (64, 85), (67, 84), (89, 84), (87, 87), (70, 89), (77, 88), (91, 87), (93, 84), (92, 86), (94, 83), (74, 89), (65, 86), (75, 88), (66, 85), (68, 82)}","{(79, 88), (67, 77), (73, 90), (87, 89), (91, 80), (92, 79), (77, 90), (65, 79), (66, 78), (75, 90), (66, 87), (68, 84), (90, 81), (79, 90), (81, 87), (71, 86), (82, 86), (64, 80), (91, 82), (93, 79), (92, 81), (69, 88), (83, 87), (80, 88), (66, 80), (85, 89), (88, 86), (90, 83), (81, 89), (72, 86), (71, 88), (82, 88), (64, 82), (87, 84), (86, 88), (91, 84), (93, 81), (92, 83), (94, 80), (69, 90), (83, 89), (85, 86), (80, 90), (66, 82), (68, 79), (88, 88), (90, 85), (81, 91), (71, 90), (73, 87), (64, 84), (82, 90), (77, 87), (67, 86), (69, 83), (78, 86), (89, 86), (83, 91), (75, 87), (66, 84), (76, 86), (76, 88), (79, 87), (73, 89), (84, 86), (91, 79), (67, 79), (92, 78), (77, 89), (67, 88), (69, 85), (78, 88), (89, 88), (75, 89), (65, 81), (90, 80), (88, 83), (76, 90), (79, 89), (81, 86), (68, 86), (84, 88), (86, 85), (67, 81), (92, 80), (89, 81), (77, 91), (78, 90), (69, 87), (80, 87), (70, 86), (74, 86), (65, 83), (90, 82), (88, 85), (79, 91), (68, 88), (71, 87), (82, 87), (72, 88), (86, 87), (84, 90), (87, 86), (67, 83), (69, 80), (92, 82), (89, 83), (69, 89), (80, 89), (70, 88), (74, 88), (65, 85), (90, 84), (88, 87), (68, 81), (85, 88), (68, 90), (71, 89), (82, 89), (72, 90), (86, 89), (77, 86), (87, 88), (67, 85), (92, 84), (89, 85), (80, 91), (70, 90), (74, 90), (76, 87), (90, 86), (66, 86), (68, 83), (85, 90), (82, 91), (67, 78), (67, 87), (69, 84), (78, 87), (89, 87), (91, 81), (93, 78), (83, 86), (88, 82), (90, 79), (66, 79), (65, 80), (76, 89), (75, 91), (66, 88), (68, 85), (81, 88), (84, 87), (64, 81), (67, 80), (89, 80), (78, 89), (69, 86), (80, 86), (91, 83), (93, 80), (83, 88), (85, 85), (65, 82), (88, 84), (66, 81), (76, 91), (68, 87), (81, 90), (72, 87), (86, 86), (73, 86), (64, 83), (67, 82), (69, 79), (89, 82), (87, 85), (84, 89), (78, 91), (70, 87), (91, 85), (93, 82), (83, 90), (74, 87), (65, 84), (75, 86), (66, 83), (68, 80), (85, 87), (68, 89), (79, 86), (72, 89), (73, 88), (87, 87), (67, 84), (89, 84), (91, 78), (70, 89), (77, 88), (74, 89), (65, 86), (75, 88), (66, 85), (68, 82)}","{((88.5, 90.5), (89.5, 90.5)), ((84.5, 84.5), (85.5, 84.5)), ((93.5, 81.5), (93.5, 82.5)), ((73.5, 86.5), (74.5, 86.5)), ((71.5, 90.5), (72.5, 90.5)), ((68.5, 82.5), (69.5, 82.5)), ((81.5, 91.5), (82.5, 91.5)), ((63.5, 86.5), (63.5, 87.5)), ((89.5, 89.5), (89.5, 90.5)), ((67.5, 80.5), (67.5, 81.5)), ((86.5, 83.5), (87.5, 83.5)), ((69.5, 90.5), (70.5, 90.5)), ((70.5, 84.5), (71.5, 84.5)), ((89.5, 81.5), (90.5, 81.5)), ((66.5, 89.5), (67.5, 89.5)), ((70.5, 83.5), (70.5, 84.5)), ((79.5, 90.5), (80.5, 90.5)), ((74.5, 86.5), (75.5, 86.5)), ((89.5, 89.5), (90.5, 89.5)), ((85.5, 84.5), (86.5, 84.5)), ((81.5, 85.5), (81.5, 86.5)), ((93.5, 86.5), (94.5, 86.5)), ((63.5, 85.5), (63.5, 86.5)), ((86.5, 90.5), (86.5, 91.5)), ((78.5, 90.5), (79.5, 90.5)), ((92.5, 81.5), (93.5, 81.5)), ((64.5, 80.5), (64.5, 81.5)), ((74.5, 90.5), (75.5, 90.5)), ((75.5, 86.5), (76.5, 86.5)), ((92.5, 87.5), (92.5, 88.5)), ((63.5, 81.5), (64.5, 81.5)), ((66.5, 80.5), (67.5, 80.5)), ((94.5, 85.5), (94.5, 86.5)), ((91.5, 88.5), (91.5, 89.5)), ((82.5, 85.5), (83.5, 85.5)), ((92.5, 87.5), (93.5, 87.5)), ((77.5, 90.5), (78.5, 90.5)), ((83.5, 91.5), (84.5, 91.5)), ((64.5, 88.5), (65.5, 88.5)), ((65.5, 89.5), (66.5, 89.5)), ((93.5, 82.5), (94.5, 82.5)), ((71.5, 84.5), (71.5, 85.5)), ((63.5, 84.5), (63.5, 85.5)), ((64.5, 80.5), (65.5, 80.5)), ((85.5, 91.5), (86.5, 91.5)), ((65.5, 80.5), (66.5, 80.5)), ((90.5, 81.5), (91.5, 81.5)), ((69.5, 83.5), (70.5, 83.5)), ((72.5, 90.5), (73.5, 90.5)), ((87.5, 82.5), (88.5, 82.5)), ((63.5, 81.5), (63.5, 82.5)), ((93.5, 86.5), (93.5, 87.5)), ((94.5, 82.5), (94.5, 83.5)), ((81.5, 85.5), (82.5, 85.5)), ((72.5, 85.5), (73.5, 85.5)), ((86.5, 90.5), (87.5, 90.5)), ((89.5, 81.5), (89.5, 82.5)), ((73.5, 85.5), (73.5, 86.5)), ((69.5, 82.5), (69.5, 83.5)), ((68.5, 90.5), (69.5, 90.5)), ((88.5, 82.5), (89.5, 82.5)), ((67.5, 89.5), (67.5, 90.5)), ((91.5, 88.5), (92.5, 88.5)), ((75.5, 90.5), (76.5, 90.5)), ((71.5, 85.5), (72.5, 85.5)), ((78.5, 86.5), (79.5, 86.5)), ((91.5, 81.5), (92.5, 81.5)), ((79.5, 86.5), (80.5, 86.5)), ((81.5, 90.5), (81.5, 91.5)), ((73.5, 90.5), (74.5, 90.5)), ((94.5, 84.5), (94.5, 85.5)), ((76.5, 86.5), (77.5, 86.5)), ((87.5, 90.5), (88.5, 90.5)), ((63.5, 87.5), (64.5, 87.5)), ((77.5, 86.5), (78.5, 86.5)), ((83.5, 85.5), (84.5, 85.5)), ((67.5, 81.5), (68.5, 81.5)), ((82.5, 91.5), (83.5, 91.5)), ((65.5, 88.5), (65.5, 89.5)), ((84.5, 91.5), (85.5, 91.5)), ((84.5, 84.5), (84.5, 85.5)), ((64.5, 87.5), (64.5, 88.5)), ((87.5, 82.5), (87.5, 83.5)), ((70.5, 90.5), (71.5, 90.5)), ((86.5, 83.5), (86.5, 84.5)), ((63.5, 83.5), (63.5, 84.5)), ((80.5, 90.5), (81.5, 90.5)), ((76.5, 90.5), (77.5, 90.5)), ((90.5, 89.5), (91.5, 89.5)), ((67.5, 90.5), (68.5, 90.5)), ((63.5, 82.5), (63.5, 83.5)), ((68.5, 81.5), (68.5, 82.5)), ((94.5, 83.5), (94.5, 84.5)), ((80.5, 86.5), (81.5, 86.5))}","{((65.5, 77.5), (65.5, 78.5)), ((67.5, 88.5), (67.5, 89.5)), ((66.5, 76.5), (67.5, 76.5)), ((89.5, 87.5), (89.5, 88.5)), ((80.5, 85.5), (81.5, 85.5)), ((93.5, 79.5), (94.5, 79.5)), ((65.5, 88.5), (66.5, 88.5)), ((74.5, 91.5), (75.5, 91.5)), ((92.5, 82.5), (93.5, 82.5)), ((85.5, 89.5), (85.5, 90.5)), ((75.5, 85.5), (76.5, 85.5)), ((69.5, 78.5), (69.5, 79.5)), ((87.5, 88.5), (88.5, 88.5)), ((68.5, 80.5), (69.5, 80.5)), ((66.5, 88.5), (67.5, 88.5)), ((63.5, 84.5), (64.5, 84.5)), ((88.5, 79.5), (88.5, 80.5)), ((83.5, 90.5), (84.5, 90.5)), ((94.5, 79.5), (94.5, 80.5)), ((90.5, 77.5), (91.5, 77.5)), ((93.5, 77.5), (93.5, 78.5)), ((91.5, 77.5), (92.5, 77.5)), ((68.5, 78.5), (69.5, 78.5)), ((67.5, 77.5), (67.5, 78.5)), ((64.5, 86.5), (65.5, 86.5)), ((79.5, 91.5), (80.5, 91.5)), ((90.5, 85.5), (90.5, 86.5)), ((63.5, 79.5), (64.5, 79.5)), ((63.5, 80.5), (63.5, 81.5)), ((92.5, 82.5), (92.5, 83.5)), ((68.5, 80.5), (68.5, 81.5)), ((77.5, 91.5), (78.5, 91.5)), ((84.5, 90.5), (85.5, 90.5)), ((76.5, 85.5), (77.5, 85.5)), ((90.5, 77.5), (90.5, 78.5)), ((88.5, 79.5), (89.5, 79.5)), ((69.5, 84.5), (69.5, 85.5)), ((87.5, 81.5), (88.5, 81.5)), ((69.5, 83.5), (69.5, 84.5)), ((89.5, 86.5), (90.5, 86.5)), ((63.5, 79.5), (63.5, 80.5)), ((92.5, 77.5), (93.5, 77.5)), ((74.5, 90.5), (74.5, 91.5)), ((83.5, 90.5), (83.5, 91.5)), ((74.5, 85.5), (75.5, 85.5)), ((64.5, 84.5), (64.5, 85.5)), ((91.5, 84.5), (91.5, 85.5)), ((64.5, 78.5), (64.5, 79.5)), ((78.5, 91.5), (79.5, 91.5)), ((69.5, 79.5), (69.5, 80.5)), ((90.5, 85.5), (91.5, 85.5)), ((73.5, 85.5), (74.5, 85.5)), ((69.5, 85.5), (70.5, 85.5)), ((65.5, 86.5), (65.5, 87.5)), ((67.5, 78.5), (68.5, 78.5)), ((93.5, 80.5), (93.5, 81.5)), ((65.5, 77.5), (66.5, 77.5)), ((92.5, 83.5), (92.5, 84.5)), ((88.5, 80.5), (88.5, 81.5)), ((64.5, 78.5), (65.5, 78.5)), ((85.5, 89.5), (86.5, 89.5)), ((67.5, 76.5), (67.5, 77.5)), ((86.5, 89.5), (87.5, 89.5)), ((64.5, 85.5), (64.5, 86.5)), ((78.5, 85.5), (79.5, 85.5)), ((89.5, 78.5), (89.5, 79.5)), ((65.5, 87.5), (65.5, 88.5)), ((91.5, 84.5), (92.5, 84.5)), ((93.5, 78.5), (93.5, 79.5)), ((75.5, 91.5), (76.5, 91.5)), ((87.5, 81.5), (87.5, 82.5)), ((66.5, 76.5), (66.5, 77.5)), ((80.5, 91.5), (81.5, 91.5)), ((79.5, 85.5), (80.5, 85.5)), ((76.5, 91.5), (77.5, 91.5)), ((93.5, 80.5), (94.5, 80.5)), ((89.5, 86.5), (89.5, 87.5)), ((87.5, 88.5), (87.5, 89.5)), ((88.5, 88.5), (89.5, 88.5)), ((77.5, 85.5), (78.5, 85.5)), ((89.5, 78.5), (90.5, 78.5)), ((70.5, 85.5), (71.5, 85.5))}"
56,HNCDL_447,20170421,0.7613941018766757,6.0,0.4437775392123781,98.4375,0.7636363636363637,0.32057416267942584,"{(79, 88), (90, 88), (73, 90), (64, 87), (87, 89), (77, 90), (85, 91), (75, 90), (66, 87), (68, 84), (79, 90), (81, 87), (71, 86), (82, 86), (69, 88), (83, 87), (80, 88), (66, 89), (85, 89), (88, 86), (90, 83), (81, 89), (72, 86), (71, 88), (82, 88), (87, 84), (86, 88), (91, 84), (92, 83), (69, 90), (83, 89), (85, 86), (80, 90), (88, 88), (90, 85), (81, 91), (71, 90), (73, 87), (64, 84), (82, 90), (86, 90), (77, 87), (91, 86), (67, 86), (92, 85), (89, 86), (83, 91), (75, 87), (66, 84), (65, 88), (79, 87), (90, 87), (76, 88), (73, 89), (64, 86), (84, 86), (77, 89), (67, 88), (69, 85), (92, 87), (78, 88), (89, 88), (75, 89), (76, 90), (79, 89), (81, 86), (68, 86), (71, 85), (84, 88), (86, 85), (78, 90), (69, 87), (80, 87), (70, 86), (88, 85), (65, 83), (68, 88), (71, 87), (82, 87), (72, 88), (86, 87), (84, 90), (87, 86), (67, 83), (89, 83), (69, 89), (80, 89), (70, 88), (74, 88), (65, 85), (90, 84), (88, 87), (85, 88), (68, 90), (71, 89), (82, 89), (72, 90), (86, 89), (87, 88), (67, 85), (92, 84), (89, 85), (70, 90), (93, 85), (74, 90), (65, 87), (90, 86), (66, 86), (76, 87), (88, 89), (85, 90), (82, 91), (87, 90), (67, 87), (69, 84), (78, 87), (89, 87), (83, 86), (76, 89), (66, 88), (68, 85), (81, 88), (84, 87), (67, 89), (69, 86), (78, 89), (70, 85), (89, 89), (91, 83), (83, 88), (85, 85), (88, 84), (68, 87), (81, 90), (72, 87), (86, 86), (73, 86), (64, 83), (87, 85), (84, 89), (70, 87), (91, 85), (83, 90), (74, 87), (65, 84), (85, 87), (66, 83), (68, 89), (72, 89), (84, 91), (73, 88), (64, 85), (67, 84), (89, 84), (87, 87), (70, 89), (77, 88), (91, 87), (93, 84), (92, 86), (74, 89), (65, 86), (75, 88), (66, 85)}","{(79, 88), (90, 88), (67, 77), (73, 90), (87, 89), (91, 80), (92, 79), (77, 90), (65, 79), (66, 78), (75, 90), (68, 84), (90, 81), (79, 90), (81, 87), (71, 86), (82, 86), (64, 80), (91, 82), (93, 79), (92, 81), (69, 88), (83, 87), (80, 88), (66, 80), (85, 89), (88, 86), (90, 83), (81, 89), (72, 86), (71, 88), (82, 88), (64, 82), (87, 84), (86, 88), (91, 84), (93, 81), (92, 83), (94, 80), (69, 90), (83, 89), (85, 86), (80, 90), (66, 82), (68, 79), (88, 88), (90, 85), (81, 91), (71, 90), (73, 87), (64, 84), (82, 90), (77, 87), (91, 86), (67, 86), (69, 83), (94, 82), (92, 85), (78, 86), (89, 86), (75, 87), (66, 84), (76, 86), (76, 88), (79, 87), (90, 87), (73, 89), (84, 86), (91, 79), (67, 79), (92, 78), (77, 89), (67, 88), (69, 85), (78, 88), (89, 88), (75, 89), (65, 81), (90, 80), (88, 83), (76, 90), (79, 89), (81, 86), (68, 86), (71, 85), (84, 88), (86, 85), (67, 81), (92, 80), (89, 81), (77, 91), (78, 90), (69, 87), (80, 87), (70, 86), (74, 86), (65, 83), (90, 82), (88, 85), (79, 91), (68, 88), (71, 87), (82, 87), (72, 88), (86, 87), (84, 90), (87, 86), (67, 83), (69, 80), (92, 82), (89, 83), (69, 89), (80, 89), (70, 88), (93, 83), (74, 88), (65, 85), (90, 84), (88, 87), (68, 81), (85, 88), (71, 89), (82, 89), (72, 90), (86, 89), (77, 86), (87, 88), (67, 85), (92, 84), (89, 85), (80, 91), (70, 90), (74, 90), (76, 87), (90, 86), (66, 86), (68, 83), (85, 90), (67, 78), (67, 87), (69, 84), (78, 87), (89, 87), (91, 81), (93, 78), (83, 86), (88, 82), (65, 80), (66, 79), (76, 89), (75, 91), (68, 85), (81, 88), (84, 87), (86, 84), (64, 81), (67, 80), (87, 83), (78, 89), (69, 86), (80, 86), (70, 85), (91, 83), (93, 80), (83, 88), (85, 85), (65, 82), (88, 84), (66, 81), (76, 91), (68, 87), (81, 90), (72, 87), (86, 86), (73, 86), (64, 83), (67, 82), (69, 79), (89, 82), (87, 85), (84, 89), (78, 91), (70, 87), (91, 85), (93, 82), (94, 81), (83, 90), (74, 87), (65, 84), (75, 86), (66, 83), (68, 80), (85, 87), (79, 86), (72, 89), (73, 88), (87, 87), (67, 84), (89, 84), (91, 78), (70, 89), (77, 88), (91, 87), (92, 86), (74, 89), (65, 86), (75, 88), (66, 85), (68, 82)}","{((68.5, 83.5), (69.5, 83.5)), ((87.5, 89.5), (88.5, 89.5)), ((92.5, 85.5), (93.5, 85.5)), ((84.5, 84.5), (85.5, 84.5)), ((80.5, 85.5), (81.5, 85.5)), ((73.5, 86.5), (74.5, 86.5)), ((71.5, 90.5), (72.5, 90.5)), ((63.5, 86.5), (63.5, 87.5)), ((93.5, 84.5), (93.5, 85.5)), ((86.5, 83.5), (87.5, 83.5)), ((69.5, 90.5), (70.5, 90.5)), ((89.5, 88.5), (89.5, 89.5)), ((93.5, 83.5), (93.5, 84.5)), ((70.5, 84.5), (71.5, 84.5)), ((90.5, 82.5), (91.5, 82.5)), ((66.5, 89.5), (67.5, 89.5)), ((91.5, 82.5), (92.5, 82.5)), ((87.5, 83.5), (88.5, 83.5)), ((90.5, 87.5), (90.5, 88.5)), ((92.5, 85.5), (92.5, 86.5)), ((79.5, 90.5), (80.5, 90.5)), ((87.5, 89.5), (87.5, 90.5)), ((74.5, 86.5), (75.5, 86.5)), ((85.5, 84.5), (86.5, 84.5)), ((63.5, 85.5), (63.5, 86.5)), ((78.5, 90.5), (79.5, 90.5)), ((69.5, 84.5), (70.5, 84.5)), ((74.5, 90.5), (75.5, 90.5)), ((75.5, 86.5), (76.5, 86.5)), ((92.5, 86.5), (92.5, 87.5)), ((82.5, 85.5), (83.5, 85.5)), ((77.5, 90.5), (78.5, 90.5)), ((83.5, 91.5), (84.5, 91.5)), ((64.5, 88.5), (65.5, 88.5)), ((65.5, 89.5), (66.5, 89.5)), ((92.5, 82.5), (92.5, 83.5)), ((71.5, 84.5), (71.5, 85.5)), ((63.5, 84.5), (63.5, 85.5)), ((89.5, 88.5), (90.5, 88.5)), ((92.5, 83.5), (93.5, 83.5)), ((72.5, 90.5), (73.5, 90.5)), ((85.5, 90.5), (85.5, 91.5)), ((81.5, 85.5), (82.5, 85.5)), ((66.5, 82.5), (67.5, 82.5)), ((86.5, 90.5), (87.5, 90.5)), ((72.5, 85.5), (73.5, 85.5)), ((73.5, 85.5), (73.5, 86.5)), ((68.5, 90.5), (69.5, 90.5)), ((69.5, 83.5), (69.5, 84.5)), ((88.5, 82.5), (89.5, 82.5)), ((67.5, 89.5), (67.5, 90.5)), ((64.5, 82.5), (65.5, 82.5)), ((88.5, 82.5), (88.5, 83.5)), ((75.5, 90.5), (76.5, 90.5)), ((71.5, 85.5), (72.5, 85.5)), ((78.5, 86.5), (79.5, 86.5)), ((85.5, 90.5), (86.5, 90.5)), ((91.5, 87.5), (92.5, 87.5)), ((63.5, 82.5), (64.5, 82.5)), ((65.5, 82.5), (66.5, 82.5)), ((79.5, 86.5), (80.5, 86.5)), ((73.5, 90.5), (74.5, 90.5)), ((89.5, 82.5), (90.5, 82.5)), ((76.5, 86.5), (77.5, 86.5)), ((63.5, 87.5), (64.5, 87.5)), ((88.5, 89.5), (89.5, 89.5)), ((77.5, 86.5), (78.5, 86.5)), ((83.5, 85.5), (84.5, 85.5)), ((80.5, 90.5), (80.5, 91.5)), ((82.5, 91.5), (83.5, 91.5)), ((67.5, 82.5), (67.5, 83.5)), ((65.5, 88.5), (65.5, 89.5)), ((84.5, 91.5), (85.5, 91.5)), ((84.5, 84.5), (84.5, 85.5)), ((64.5, 87.5), (64.5, 88.5)), ((67.5, 83.5), (68.5, 83.5)), ((90.5, 87.5), (91.5, 87.5)), ((80.5, 91.5), (81.5, 91.5)), ((70.5, 90.5), (71.5, 90.5)), ((86.5, 83.5), (86.5, 84.5)), ((63.5, 83.5), (63.5, 84.5)), ((80.5, 85.5), (80.5, 86.5)), ((76.5, 90.5), (77.5, 90.5)), ((67.5, 90.5), (68.5, 90.5)), ((63.5, 82.5), (63.5, 83.5)), ((81.5, 91.5), (82.5, 91.5))}","{((65.5, 77.5), (65.5, 78.5)), ((85.5, 83.5), (86.5, 83.5)), ((66.5, 76.5), (67.5, 76.5)), ((88.5, 80.5), (89.5, 80.5)), ((93.5, 79.5), (94.5, 79.5)), ((92.5, 84.5), (92.5, 85.5)), ((68.5, 82.5), (69.5, 82.5)), ((74.5, 91.5), (75.5, 91.5)), ((85.5, 89.5), (85.5, 90.5)), ((93.5, 82.5), (93.5, 83.5)), ((75.5, 85.5), (76.5, 85.5)), ((90.5, 78.5), (90.5, 79.5)), ((69.5, 78.5), (69.5, 79.5)), ((87.5, 88.5), (88.5, 88.5)), ((68.5, 80.5), (69.5, 80.5)), ((66.5, 88.5), (67.5, 88.5)), ((63.5, 84.5), (64.5, 84.5)), ((83.5, 90.5), (84.5, 90.5)), ((91.5, 86.5), (91.5, 87.5)), ((94.5, 79.5), (94.5, 80.5)), ((67.5, 88.5), (68.5, 88.5)), ((90.5, 77.5), (91.5, 77.5)), ((68.5, 88.5), (68.5, 89.5)), ((93.5, 77.5), (93.5, 78.5)), ((91.5, 77.5), (92.5, 77.5)), ((68.5, 78.5), (69.5, 78.5)), ((67.5, 77.5), (67.5, 78.5)), ((64.5, 86.5), (65.5, 86.5)), ((89.5, 79.5), (90.5, 79.5)), ((79.5, 91.5), (80.5, 91.5)), ((63.5, 79.5), (64.5, 79.5)), ((63.5, 80.5), (63.5, 81.5)), ((93.5, 82.5), (94.5, 82.5)), ((68.5, 80.5), (68.5, 81.5)), ((77.5, 91.5), (78.5, 91.5)), ((84.5, 90.5), (85.5, 90.5)), ((76.5, 85.5), (77.5, 85.5)), ((90.5, 77.5), (90.5, 78.5)), ((63.5, 81.5), (63.5, 82.5)), ((94.5, 81.5), (94.5, 82.5)), ((91.5, 86.5), (92.5, 86.5)), ((69.5, 82.5), (69.5, 83.5)), ((86.5, 82.5), (86.5, 83.5)), ((87.5, 81.5), (88.5, 81.5)), ((63.5, 79.5), (63.5, 80.5)), ((92.5, 77.5), (93.5, 77.5)), ((74.5, 90.5), (74.5, 91.5)), ((89.5, 79.5), (89.5, 80.5)), ((74.5, 85.5), (75.5, 85.5)), ((68.5, 89.5), (68.5, 90.5)), ((64.5, 84.5), (64.5, 85.5)), ((64.5, 78.5), (64.5, 79.5)), ((78.5, 91.5), (79.5, 91.5)), ((69.5, 79.5), (69.5, 80.5)), ((73.5, 85.5), (74.5, 85.5)), ((81.5, 90.5), (81.5, 91.5)), ((85.5, 83.5), (85.5, 84.5)), ((67.5, 78.5), (68.5, 78.5)), ((66.5, 87.5), (66.5, 88.5)), ((66.5, 86.5), (66.5, 87.5)), ((86.5, 82.5), (87.5, 82.5)), ((92.5, 83.5), (92.5, 84.5)), ((65.5, 77.5), (66.5, 77.5)), ((88.5, 80.5), (88.5, 81.5)), ((64.5, 78.5), (65.5, 78.5)), ((85.5, 89.5), (86.5, 89.5)), ((67.5, 76.5), (67.5, 77.5)), ((86.5, 89.5), (87.5, 89.5)), ((82.5, 90.5), (83.5, 90.5)), ((64.5, 85.5), (64.5, 86.5)), ((78.5, 85.5), (79.5, 85.5)), ((93.5, 78.5), (93.5, 79.5)), ((75.5, 91.5), (76.5, 91.5)), ((87.5, 81.5), (87.5, 82.5)), ((66.5, 76.5), (66.5, 77.5)), ((79.5, 85.5), (80.5, 85.5)), ((76.5, 91.5), (77.5, 91.5)), ((87.5, 88.5), (87.5, 89.5)), ((88.5, 88.5), (89.5, 88.5)), ((81.5, 90.5), (82.5, 90.5)), ((77.5, 85.5), (78.5, 85.5)), ((68.5, 81.5), (68.5, 82.5)), ((65.5, 86.5), (66.5, 86.5)), ((94.5, 80.5), (94.5, 81.5))}"
57,HNCDL_447,20170421,0.535593220338983,10.63014581273465,1.2917787717346534,101.953125,0.8365384615384616,0.6146341463414634,"{(79, 88), (72, 91), (73, 90), (74, 89), (77, 90), (75, 90), (66, 87), (79, 90), (81, 87), (71, 86), (69, 88), (83, 87), (80, 88), (81, 89), (72, 86), (71, 88), (82, 88), (86, 88), (69, 90), (83, 89), (85, 86), (80, 90), (71, 90), (73, 87), (82, 90), (65, 88), (79, 87), (76, 88), (73, 89), (64, 86), (84, 86), (77, 89), (67, 88), (78, 88), (75, 89), (76, 90), (79, 89), (84, 88), (78, 90), (69, 87), (80, 87), (70, 86), (68, 88), (71, 87), (82, 87), (72, 88), (86, 87), (84, 90), (69, 89), (80, 89), (70, 88), (74, 88), (65, 85), (85, 88), (68, 90), (71, 89), (82, 89), (72, 90), (86, 89), (87, 88), (70, 90), (74, 90), (65, 87), (66, 86), (67, 87), (76, 89), (66, 88), (81, 88), (84, 87), (67, 89), (78, 89), (83, 88), (68, 87), (81, 90), (72, 87), (86, 86), (84, 89), (70, 87), (83, 90), (74, 87), (85, 87), (68, 89), (72, 89), (73, 88), (64, 85), (70, 89), (77, 88), (85, 89), (65, 86), (75, 88)}","{(79, 88), (90, 88), (73, 90), (87, 89), (91, 80), (92, 79), (77, 90), (93, 86), (65, 79), (75, 90), (68, 84), (90, 81), (79, 90), (81, 87), (71, 86), (82, 86), (64, 80), (91, 82), (93, 79), (92, 81), (69, 88), (83, 87), (80, 88), (66, 80), (85, 89), (88, 86), (90, 83), (81, 89), (72, 86), (71, 88), (82, 88), (64, 82), (87, 84), (86, 88), (91, 84), (93, 81), (92, 83), (94, 80), (80, 90), (83, 89), (85, 86), (66, 82), (88, 88), (90, 85), (71, 90), (73, 87), (64, 84), (82, 90), (86, 90), (77, 87), (91, 86), (67, 86), (69, 83), (94, 82), (92, 85), (78, 86), (89, 86), (75, 87), (66, 84), (76, 86), (76, 88), (79, 87), (90, 87), (73, 89), (84, 86), (91, 79), (67, 79), (92, 78), (77, 89), (67, 88), (69, 85), (92, 87), (78, 88), (89, 88), (75, 89), (65, 81), (90, 80), (88, 83), (76, 90), (79, 89), (81, 86), (68, 86), (71, 85), (84, 88), (86, 85), (67, 81), (92, 80), (89, 81), (78, 90), (69, 87), (80, 87), (70, 86), (74, 86), (65, 83), (90, 82), (88, 85), (68, 88), (71, 87), (82, 87), (72, 88), (86, 87), (84, 90), (87, 86), (67, 83), (92, 82), (89, 83), (69, 89), (80, 89), (70, 88), (93, 83), (74, 88), (65, 85), (90, 84), (88, 87), (68, 81), (85, 88), (71, 89), (82, 89), (72, 90), (86, 89), (77, 86), (87, 88), (67, 85), (69, 82), (92, 84), (89, 85), (70, 90), (91, 88), (93, 85), (74, 90), (76, 87), (90, 86), (66, 86), (68, 83), (88, 89), (85, 90), (67, 78), (67, 87), (69, 84), (78, 87), (89, 87), (91, 81), (93, 78), (83, 86), (65, 80), (88, 82), (66, 79), (76, 89), (68, 85), (81, 88), (84, 87), (86, 84), (64, 81), (67, 80), (87, 83), (78, 89), (69, 86), (80, 86), (70, 85), (89, 89), (91, 83), (93, 80), (83, 88), (85, 85), (65, 82), (88, 84), (66, 81), (68, 87), (81, 90), (72, 87), (86, 86), (73, 86), (64, 83), (67, 82), (89, 82), (87, 85), (84, 89), (70, 87), (91, 85), (93, 82), (94, 81), (83, 90), (74, 87), (65, 84), (75, 86), (66, 83), (68, 80), (85, 87), (79, 86), (72, 89), (73, 88), (87, 87), (67, 84), (89, 84), (91, 78), (70, 89), (77, 88), (91, 87), (93, 84), (92, 86), (74, 89), (65, 86), (75, 88), (66, 85), (68, 82)}","{((81.5, 86.5), (82.5, 86.5)), ((73.5, 86.5), (74.5, 86.5)), ((65.5, 88.5), (66.5, 88.5)), ((66.5, 85.5), (66.5, 86.5)), ((66.5, 88.5), (66.5, 89.5)), ((69.5, 90.5), (70.5, 90.5)), ((65.5, 85.5), (66.5, 85.5)), ((66.5, 89.5), (67.5, 89.5)), ((71.5, 90.5), (71.5, 91.5)), ((79.5, 90.5), (80.5, 90.5)), ((84.5, 89.5), (84.5, 90.5)), ((72.5, 90.5), (72.5, 91.5)), ((63.5, 84.5), (64.5, 84.5)), ((63.5, 85.5), (63.5, 86.5)), ((78.5, 90.5), (79.5, 90.5)), ((83.5, 90.5), (84.5, 90.5)), ((64.5, 84.5), (65.5, 84.5)), ((74.5, 90.5), (75.5, 90.5)), ((67.5, 86.5), (68.5, 86.5)), ((72.5, 86.5), (73.5, 86.5)), ((87.5, 87.5), (87.5, 88.5)), ((77.5, 90.5), (78.5, 90.5)), ((64.5, 88.5), (65.5, 88.5)), ((63.5, 84.5), (63.5, 85.5)), ((69.5, 85.5), (69.5, 86.5)), ((86.5, 88.5), (86.5, 89.5)), ((84.5, 89.5), (85.5, 89.5)), ((72.5, 90.5), (73.5, 90.5)), ((65.5, 84.5), (65.5, 85.5)), ((68.5, 90.5), (69.5, 90.5)), ((67.5, 89.5), (67.5, 90.5)), ((86.5, 86.5), (86.5, 87.5)), ((64.5, 86.5), (64.5, 87.5)), ((66.5, 86.5), (67.5, 86.5)), ((76.5, 87.5), (77.5, 87.5)), ((75.5, 87.5), (76.5, 87.5)), ((77.5, 87.5), (78.5, 87.5)), ((82.5, 86.5), (83.5, 86.5)), ((75.5, 90.5), (76.5, 90.5)), ((71.5, 85.5), (72.5, 85.5)), ((78.5, 86.5), (79.5, 86.5)), ((86.5, 87.5), (87.5, 87.5)), ((79.5, 86.5), (80.5, 86.5)), ((69.5, 85.5), (70.5, 85.5)), ((73.5, 90.5), (74.5, 90.5)), ((86.5, 88.5), (87.5, 88.5)), ((86.5, 85.5), (86.5, 86.5)), ((84.5, 85.5), (85.5, 85.5)), ((83.5, 85.5), (84.5, 85.5)), ((63.5, 86.5), (64.5, 86.5)), ((74.5, 87.5), (75.5, 87.5)), ((72.5, 85.5), (72.5, 86.5)), ((85.5, 89.5), (86.5, 89.5)), ((82.5, 90.5), (83.5, 90.5)), ((64.5, 87.5), (64.5, 88.5)), ((71.5, 91.5), (72.5, 91.5)), ((70.5, 90.5), (71.5, 90.5)), ((83.5, 85.5), (83.5, 86.5)), ((68.5, 86.5), (69.5, 86.5)), ((80.5, 90.5), (81.5, 90.5)), ((76.5, 90.5), (77.5, 90.5)), ((67.5, 90.5), (68.5, 90.5)), ((81.5, 90.5), (82.5, 90.5)), ((85.5, 85.5), (86.5, 85.5)), ((78.5, 86.5), (78.5, 87.5)), ((74.5, 86.5), (74.5, 87.5)), ((80.5, 86.5), (81.5, 86.5)), ((70.5, 85.5), (71.5, 85.5))}","{((85.5, 83.5), (86.5, 83.5)), ((87.5, 89.5), (88.5, 89.5)), ((88.5, 80.5), (89.5, 80.5)), ((84.5, 84.5), (85.5, 84.5)), ((80.5, 85.5), (81.5, 85.5)), ((93.5, 79.5), (94.5, 79.5)), ((71.5, 90.5), (72.5, 90.5)), ((93.5, 84.5), (93.5, 85.5)), ((92.5, 86.5), (93.5, 86.5)), ((89.5, 88.5), (89.5, 89.5)), ((93.5, 83.5), (93.5, 84.5)), ((70.5, 84.5), (71.5, 84.5)), ((66.5, 77.5), (67.5, 77.5)), ((93.5, 82.5), (93.5, 83.5)), ((66.5, 77.5), (66.5, 78.5)), ((75.5, 85.5), (76.5, 85.5)), ((90.5, 78.5), (90.5, 79.5)), ((93.5, 85.5), (93.5, 86.5)), ((66.5, 88.5), (67.5, 88.5)), ((69.5, 84.5), (70.5, 84.5)), ((94.5, 79.5), (94.5, 80.5)), ((67.5, 88.5), (68.5, 88.5)), ((90.5, 77.5), (91.5, 77.5)), ((69.5, 89.5), (69.5, 90.5)), ((68.5, 88.5), (68.5, 89.5)), ((92.5, 86.5), (92.5, 87.5)), ((93.5, 77.5), (93.5, 78.5)), ((91.5, 77.5), (92.5, 77.5)), ((67.5, 77.5), (67.5, 78.5)), ((64.5, 86.5), (65.5, 86.5)), ((89.5, 79.5), (90.5, 79.5)), ((65.5, 78.5), (66.5, 78.5)), ((82.5, 85.5), (83.5, 85.5)), ((63.5, 79.5), (64.5, 79.5)), ((91.5, 87.5), (91.5, 88.5)), ((63.5, 80.5), (63.5, 81.5)), ((68.5, 89.5), (69.5, 89.5)), ((93.5, 82.5), (94.5, 82.5)), ((71.5, 84.5), (71.5, 85.5)), ((68.5, 80.5), (68.5, 81.5)), ((89.5, 88.5), (90.5, 88.5)), ((67.5, 78.5), (67.5, 79.5)), ((84.5, 90.5), (85.5, 90.5)), ((76.5, 85.5), (77.5, 85.5)), ((90.5, 77.5), (90.5, 78.5)), ((63.5, 81.5), (63.5, 82.5)), ((81.5, 85.5), (82.5, 85.5)), ((72.5, 85.5), (73.5, 85.5)), ((94.5, 81.5), (94.5, 82.5)), ((69.5, 82.5), (69.5, 83.5)), ((86.5, 82.5), (86.5, 83.5)), ((87.5, 81.5), (88.5, 81.5)), ((69.5, 83.5), (69.5, 84.5)), ((63.5, 79.5), (63.5, 80.5)), ((92.5, 77.5), (93.5, 77.5)), ((89.5, 79.5), (89.5, 80.5)), ((86.5, 89.5), (86.5, 90.5)), ((74.5, 85.5), (75.5, 85.5)), ((64.5, 84.5), (64.5, 85.5)), ((64.5, 78.5), (64.5, 79.5)), ((91.5, 87.5), (92.5, 87.5)), ((85.5, 90.5), (86.5, 90.5)), ((73.5, 85.5), (74.5, 85.5)), ((67.5, 79.5), (68.5, 79.5)), ((85.5, 83.5), (85.5, 84.5)), ((68.5, 79.5), (68.5, 80.5)), ((66.5, 87.5), (66.5, 88.5)), ((88.5, 89.5), (89.5, 89.5)), ((66.5, 86.5), (66.5, 87.5)), ((86.5, 82.5), (87.5, 82.5)), ((68.5, 81.5), (69.5, 81.5)), ((88.5, 80.5), (88.5, 81.5)), ((64.5, 78.5), (65.5, 78.5)), ((86.5, 89.5), (87.5, 89.5)), ((84.5, 84.5), (84.5, 85.5)), ((64.5, 85.5), (64.5, 86.5)), ((78.5, 85.5), (79.5, 85.5)), ((69.5, 81.5), (69.5, 82.5)), ((93.5, 78.5), (93.5, 79.5)), ((87.5, 81.5), (87.5, 82.5)), ((79.5, 85.5), (80.5, 85.5)), ((63.5, 83.5), (63.5, 84.5)), ((63.5, 82.5), (63.5, 83.5)), ((77.5, 85.5), (78.5, 85.5)), ((90.5, 88.5), (91.5, 88.5)), ((65.5, 86.5), (66.5, 86.5)), ((94.5, 80.5), (94.5, 81.5))}"
58,HNCDL_447,20170421,0.010050251256281409,25.495097567963924,6.014458433586688,119.53125,0.9622641509433962,0.9948979591836735,"{(67, 88), (70, 90), (68, 89)}","{(79, 88), (64, 78), (73, 90), (87, 89), (91, 80), (92, 79), (77, 90), (83, 85), (65, 79), (66, 78), (75, 90), (68, 84), (90, 81), (79, 90), (81, 87), (71, 86), (82, 86), (64, 80), (87, 82), (91, 82), (93, 79), (92, 81), (69, 88), (83, 87), (85, 84), (80, 88), (66, 80), (85, 89), (88, 86), (90, 83), (81, 89), (72, 86), (71, 88), (82, 88), (64, 82), (87, 84), (86, 88), (91, 84), (93, 81), (69, 81), (92, 83), (80, 90), (83, 89), (85, 86), (66, 82), (88, 88), (90, 85), (71, 90), (73, 87), (82, 90), (77, 87), (91, 86), (67, 86), (69, 83), (78, 86), (89, 86), (75, 87), (66, 84), (88, 81), (76, 88), (79, 87), (73, 89), (84, 86), (86, 83), (91, 79), (67, 79), (77, 89), (78, 88), (69, 85), (70, 84), (75, 89), (65, 81), (90, 80), (88, 83), (76, 90), (79, 89), (81, 86), (68, 86), (71, 85), (64, 79), (84, 88), (86, 85), (67, 81), (92, 80), (89, 81), (78, 90), (69, 87), (80, 87), (70, 86), (74, 86), (65, 83), (90, 82), (88, 85), (68, 88), (71, 87), (82, 87), (72, 88), (86, 87), (84, 90), (87, 86), (67, 83), (69, 80), (92, 82), (89, 83), (80, 89), (70, 88), (93, 83), (74, 88), (88, 87), (90, 84), (85, 88), (68, 81), (71, 89), (82, 89), (72, 90), (86, 89), (77, 86), (87, 88), (67, 85), (69, 82), (92, 84), (89, 85), (70, 90), (65, 78), (74, 90), (76, 87), (90, 86), (66, 86), (68, 83), (84, 85), (67, 78), (78, 87), (69, 84), (89, 87), (91, 81), (83, 86), (65, 80), (90, 79), (66, 79), (88, 82), (76, 89), (68, 85), (71, 84), (63, 80), (81, 88), (84, 87), (86, 84), (64, 81), (67, 80), (89, 80), (87, 83), (78, 89), (69, 86), (80, 86), (70, 85), (91, 83), (93, 80), (83, 88), (85, 85), (65, 82), (88, 84), (66, 81), (68, 87), (81, 90), (72, 87), (86, 86), (73, 86), (87, 85), (67, 82), (89, 82), (84, 89), (70, 87), (91, 85), (93, 82), (83, 90), (74, 87), (65, 84), (75, 86), (66, 83), (68, 80), (85, 87), (79, 86), (72, 89), (73, 88), (87, 87), (67, 84), (89, 84), (91, 78), (70, 89), (77, 88), (65, 77), (74, 89), (76, 86), (75, 88), (66, 85), (68, 82)}","{((67.5, 88.5), (67.5, 89.5)), ((66.5, 87.5), (67.5, 87.5)), ((69.5, 90.5), (70.5, 90.5)), ((69.5, 89.5), (70.5, 89.5)), ((67.5, 87.5), (67.5, 88.5)), ((67.5, 88.5), (68.5, 88.5)), ((69.5, 89.5), (69.5, 90.5)), ((68.5, 88.5), (68.5, 89.5)), ((70.5, 89.5), (70.5, 90.5)), ((67.5, 89.5), (68.5, 89.5)), ((66.5, 88.5), (67.5, 88.5)), ((66.5, 87.5), (66.5, 88.5))}","{((91.5, 78.5), (92.5, 78.5)), ((87.5, 80.5), (87.5, 81.5)), ((80.5, 85.5), (81.5, 85.5)), ((67.5, 86.5), (67.5, 87.5)), ((93.5, 81.5), (93.5, 82.5)), ((71.5, 90.5), (72.5, 90.5)), ((91.5, 77.5), (91.5, 78.5)), ((66.5, 77.5), (67.5, 77.5)), ((93.5, 82.5), (93.5, 83.5)), ((75.5, 85.5), (76.5, 85.5)), ((63.5, 77.5), (64.5, 77.5)), ((83.5, 84.5), (84.5, 84.5)), ((87.5, 88.5), (88.5, 88.5)), ((79.5, 90.5), (80.5, 90.5)), ((84.5, 89.5), (84.5, 90.5)), ((92.5, 78.5), (93.5, 78.5)), ((85.5, 82.5), (86.5, 82.5)), ((88.5, 79.5), (88.5, 80.5)), ((78.5, 90.5), (79.5, 90.5)), ((83.5, 90.5), (84.5, 90.5)), ((64.5, 84.5), (65.5, 84.5)), ((74.5, 90.5), (75.5, 90.5)), ((90.5, 77.5), (91.5, 77.5)), ((93.5, 79.5), (93.5, 80.5)), ((64.5, 83.5), (64.5, 84.5)), ((71.5, 83.5), (71.5, 84.5)), ((67.5, 77.5), (67.5, 78.5)), ((70.5, 83.5), (71.5, 83.5)), ((63.5, 77.5), (63.5, 78.5)), ((68.5, 79.5), (69.5, 79.5)), ((63.5, 80.5), (63.5, 81.5)), ((77.5, 90.5), (78.5, 90.5)), ((71.5, 84.5), (71.5, 85.5)), ((82.5, 84.5), (83.5, 84.5)), ((92.5, 83.5), (93.5, 83.5)), ((67.5, 78.5), (67.5, 79.5)), ((68.5, 88.5), (69.5, 88.5)), ((69.5, 83.5), (70.5, 83.5)), ((90.5, 86.5), (91.5, 86.5)), ((84.5, 89.5), (85.5, 89.5)), ((72.5, 90.5), (73.5, 90.5)), ((76.5, 85.5), (77.5, 85.5)), ((63.5, 81.5), (63.5, 82.5)), ((90.5, 77.5), (90.5, 78.5)), ((81.5, 85.5), (82.5, 85.5)), ((72.5, 85.5), (73.5, 85.5)), ((88.5, 79.5), (89.5, 79.5)), ((69.5, 82.5), (69.5, 83.5)), ((64.5, 76.5), (64.5, 77.5)), ((65.5, 84.5), (65.5, 85.5)), ((89.5, 86.5), (90.5, 86.5)), ((66.5, 86.5), (67.5, 86.5)), ((74.5, 85.5), (75.5, 85.5)), ((85.5, 82.5), (85.5, 83.5)), ((75.5, 90.5), (76.5, 90.5)), ((91.5, 84.5), (91.5, 85.5)), ((63.5, 82.5), (64.5, 82.5)), ((71.5, 85.5), (72.5, 85.5)), ((63.5, 78.5), (63.5, 79.5)), ((69.5, 79.5), (69.5, 80.5)), ((69.5, 88.5), (69.5, 89.5)), ((73.5, 85.5), (74.5, 85.5)), ((84.5, 83.5), (84.5, 84.5)), ((86.5, 81.5), (86.5, 82.5)), ((67.5, 79.5), (68.5, 79.5)), ((73.5, 90.5), (74.5, 90.5)), ((65.5, 76.5), (65.5, 77.5)), ((62.5, 79.5), (62.5, 80.5)), ((88.5, 87.5), (88.5, 88.5)), ((93.5, 80.5), (93.5, 81.5)), ((65.5, 86.5), (66.5, 86.5)), ((65.5, 77.5), (66.5, 77.5)), ((92.5, 83.5), (92.5, 84.5)), ((82.5, 84.5), (82.5, 85.5)), ((85.5, 89.5), (86.5, 89.5)), ((86.5, 89.5), (87.5, 89.5)), ((82.5, 90.5), (83.5, 90.5)), ((78.5, 85.5), (79.5, 85.5)), ((89.5, 78.5), (89.5, 79.5)), ((69.5, 81.5), (69.5, 82.5)), ((87.5, 80.5), (88.5, 80.5)), ((64.5, 76.5), (65.5, 76.5)), ((91.5, 84.5), (92.5, 84.5)), ((93.5, 78.5), (93.5, 79.5)), ((70.5, 90.5), (71.5, 90.5)), ((62.5, 80.5), (63.5, 80.5)), ((79.5, 85.5), (80.5, 85.5)), ((65.5, 85.5), (65.5, 86.5)), ((89.5, 86.5), (89.5, 87.5)), ((80.5, 90.5), (81.5, 90.5)), ((87.5, 88.5), (87.5, 89.5)), ((84.5, 83.5), (85.5, 83.5)), ((76.5, 90.5), (77.5, 90.5)), ((86.5, 81.5), (87.5, 81.5)), ((81.5, 90.5), (82.5, 90.5)), ((77.5, 85.5), (78.5, 85.5)), ((62.5, 79.5), (63.5, 79.5)), ((64.5, 82.5), (64.5, 83.5)), ((91.5, 85.5), (91.5, 86.5)), ((89.5, 78.5), (90.5, 78.5)), ((88.5, 87.5), (89.5, 87.5)), ((69.5, 80.5), (69.5, 81.5))}"
59,HNCDL_447,20170421,0.0,,,128.90625,1.0,1.0,set(),"{(79, 88), (84, 84), (64, 78), (67, 77), (73, 90), (70, 82), (91, 80), (92, 79), (77, 90), (83, 85), (65, 79), (66, 78), (75, 90), (68, 84), (90, 81), (79, 90), (81, 87), (71, 86), (82, 86), (64, 80), (89, 79), (87, 82), (91, 82), (93, 79), (92, 81), (69, 88), (83, 87), (85, 84), (80, 88), (66, 80), (85, 89), (88, 86), (90, 83), (81, 89), (72, 86), (71, 88), (73, 85), (64, 82), (87, 84), (82, 88), (86, 88), (91, 84), (93, 81), (69, 81), (80, 90), (83, 89), (85, 86), (66, 82), (90, 85), (62, 78), (63, 77), (71, 90), (73, 87), (82, 90), (77, 87), (67, 86), (69, 83), (78, 86), (89, 86), (75, 87), (66, 84), (88, 81), (76, 88), (79, 87), (71, 83), (64, 77), (63, 79), (73, 89), (84, 86), (86, 83), (91, 79), (67, 79), (77, 89), (78, 88), (69, 85), (70, 84), (66, 77), (75, 89), (65, 81), (90, 80), (88, 83), (76, 90), (79, 89), (81, 86), (68, 86), (71, 85), (64, 79), (84, 88), (86, 85), (67, 81), (92, 80), (89, 81), (78, 90), (69, 87), (80, 87), (70, 86), (74, 86), (88, 85), (90, 82), (71, 87), (82, 87), (72, 88), (86, 87), (87, 86), (67, 83), (69, 80), (92, 82), (89, 83), (80, 89), (70, 88), (65, 76), (74, 88), (85, 88), (90, 84), (68, 81), (71, 89), (82, 89), (72, 90), (77, 86), (67, 85), (69, 82), (89, 85), (65, 78), (88, 80), (74, 90), (76, 87), (68, 83), (63, 78), (84, 85), (67, 78), (78, 87), (69, 84), (70, 83), (91, 81), (83, 86), (85, 83), (65, 80), (90, 79), (66, 79), (88, 82), (76, 89), (68, 85), (71, 84), (63, 80), (81, 88), (72, 85), (86, 84), (84, 87), (64, 81), (67, 80), (89, 80), (87, 83), (78, 89), (69, 86), (80, 86), (70, 85), (91, 83), (93, 80), (83, 88), (85, 85), (65, 82), (88, 84), (66, 81), (81, 90), (72, 87), (86, 86), (73, 86), (87, 85), (67, 82), (89, 82), (84, 89), (70, 87), (83, 90), (74, 87), (85, 87), (75, 86), (66, 83), (68, 80), (79, 86), (72, 89), (73, 88), (87, 87), (67, 84), (89, 84), (91, 78), (77, 88), (65, 77), (74, 89), (76, 86), (75, 88), (68, 82)}",set(),"{((91.5, 78.5), (92.5, 78.5)), ((66.5, 76.5), (67.5, 76.5)), ((87.5, 80.5), (87.5, 81.5)), ((80.5, 85.5), (81.5, 85.5)), ((83.5, 83.5), (83.5, 84.5)), ((71.5, 90.5), (72.5, 90.5)), ((83.5, 89.5), (84.5, 89.5)), ((66.5, 85.5), (66.5, 86.5)), ((69.5, 81.5), (70.5, 81.5)), ((65.5, 83.5), (65.5, 84.5)), ((91.5, 77.5), (91.5, 78.5)), ((71.5, 84.5), (72.5, 84.5)), ((87.5, 79.5), (88.5, 79.5)), ((84.5, 82.5), (84.5, 83.5)), ((62.5, 76.5), (63.5, 76.5)), ((85.5, 88.5), (85.5, 89.5)), ((90.5, 84.5), (90.5, 85.5)), ((61.5, 77.5), (61.5, 78.5)), ((75.5, 85.5), (76.5, 85.5)), ((91.5, 82.5), (92.5, 82.5)), ((61.5, 78.5), (62.5, 78.5)), ((79.5, 90.5), (80.5, 90.5)), ((83.5, 89.5), (83.5, 90.5)), ((68.5, 86.5), (68.5, 87.5)), ((92.5, 78.5), (93.5, 78.5)), ((92.5, 81.5), (93.5, 81.5)), ((78.5, 90.5), (79.5, 90.5)), ((85.5, 82.5), (86.5, 82.5)), ((74.5, 90.5), (75.5, 90.5)), ((65.5, 84.5), (66.5, 84.5)), ((90.5, 77.5), (91.5, 77.5)), ((62.5, 78.5), (62.5, 79.5)), ((67.5, 86.5), (68.5, 86.5)), ((93.5, 79.5), (93.5, 80.5)), ((87.5, 86.5), (88.5, 86.5)), ((67.5, 77.5), (67.5, 78.5)), ((65.5, 75.5), (65.5, 76.5)), ((63.5, 76.5), (64.5, 76.5)), ((68.5, 79.5), (69.5, 79.5)), ((88.5, 78.5), (88.5, 79.5)), ((86.5, 87.5), (86.5, 88.5)), ((63.5, 80.5), (63.5, 81.5)), ((88.5, 86.5), (89.5, 86.5)), ((77.5, 90.5), (78.5, 90.5)), ((82.5, 84.5), (83.5, 84.5)), ((64.5, 75.5), (64.5, 76.5)), ((92.5, 81.5), (92.5, 82.5)), ((67.5, 78.5), (67.5, 79.5)), ((68.5, 88.5), (69.5, 88.5)), ((87.5, 79.5), (87.5, 80.5)), ((84.5, 89.5), (85.5, 89.5)), ((72.5, 90.5), (73.5, 90.5)), ((76.5, 85.5), (77.5, 85.5)), ((90.5, 77.5), (90.5, 78.5)), ((63.5, 81.5), (63.5, 82.5)), ((81.5, 85.5), (82.5, 85.5)), ((66.5, 84.5), (66.5, 85.5)), ((66.5, 86.5), (67.5, 86.5)), ((64.5, 75.5), (65.5, 75.5)), ((74.5, 85.5), (75.5, 85.5)), ((64.5, 82.5), (65.5, 82.5)), ((75.5, 90.5), (76.5, 90.5)), ((63.5, 82.5), (64.5, 82.5)), ((68.5, 87.5), (68.5, 88.5)), ((70.5, 88.5), (70.5, 89.5)), ((86.5, 87.5), (87.5, 87.5)), ((91.5, 83.5), (91.5, 84.5)), ((69.5, 79.5), (69.5, 80.5)), ((72.5, 84.5), (73.5, 84.5)), ((73.5, 85.5), (74.5, 85.5)), ((87.5, 86.5), (87.5, 87.5)), ((86.5, 81.5), (86.5, 82.5)), ((67.5, 79.5), (68.5, 79.5)), ((73.5, 90.5), (74.5, 90.5)), ((62.5, 79.5), (62.5, 80.5)), ((93.5, 80.5), (93.5, 81.5)), ((71.5, 82.5), (71.5, 83.5)), ((82.5, 84.5), (82.5, 85.5)), ((89.5, 85.5), (89.5, 86.5)), ((67.5, 76.5), (67.5, 77.5)), ((88.5, 78.5), (89.5, 78.5)), ((82.5, 90.5), (83.5, 90.5)), ((90.5, 84.5), (91.5, 84.5)), ((61.5, 77.5), (62.5, 77.5)), ((78.5, 85.5), (79.5, 85.5)), ((93.5, 78.5), (93.5, 79.5)), ((84.5, 82.5), (85.5, 82.5)), ((70.5, 81.5), (70.5, 82.5)), ((70.5, 90.5), (71.5, 90.5)), ((62.5, 80.5), (63.5, 80.5)), ((79.5, 85.5), (80.5, 85.5)), ((73.5, 84.5), (73.5, 85.5)), ((62.5, 76.5), (62.5, 77.5)), ((65.5, 82.5), (65.5, 83.5)), ((83.5, 83.5), (84.5, 83.5)), ((69.5, 88.5), (70.5, 88.5)), ((80.5, 90.5), (81.5, 90.5)), ((76.5, 90.5), (77.5, 90.5)), ((86.5, 81.5), (87.5, 81.5)), ((70.5, 89.5), (70.5, 90.5)), ((89.5, 85.5), (90.5, 85.5)), ((81.5, 90.5), (82.5, 90.5)), ((77.5, 85.5), (78.5, 85.5)), ((85.5, 88.5), (86.5, 88.5)), ((65.5, 76.5), (66.5, 76.5)), ((70.5, 82.5), (71.5, 82.5)), ((91.5, 82.5), (91.5, 83.5)), ((71.5, 83.5), (71.5, 84.5)), ((89.5, 78.5), (90.5, 78.5)), ((69.5, 80.5), (69.5, 81.5))}"
60,HNCDL_447,20170421,inf,,,0.0,0.0,0.0,set(),set(),set(),set()
61,HNCDL_447,20170421,inf,,,0.0,0.0,0.0,set(),set(),set(),set()
62,HNCDL_447,20170421,inf,,,0.0,0.0,0.0,set(),set(),set(),set()
63,HNCDL_447,20170421,inf,,,0.0,0.0,0.0,set(),set(),set(),set()
64,HNCDL_447,20170421,inf,,,0.0,0.0,0.0,set(),set(),set(),set()
65,HNCDL_447,20170421,inf,,,0.0,0.0,0.0,set(),set(),set(),set()
66,HNCDL_447,20170421,inf,,,0.0,0.0,0.0,set(),set(),set(),set()
67,HNCDL_447,20170421,inf,,,0.0,0.0,0.0,set(),set(),set(),set()
68,HNCDL_447,20170421,inf,,,0.0,0.0,0.0,set(),set(),set(),set()
69,HNCDL_447,20170421,inf,,,0.0,0.0,0.0,set(),set(),set(),set()
70,HNCDL_447,20170421,inf,,,0.0,0.0,0.0,set(),set(),set(),set()
71,HNCDL_447,20170421,inf,,,0.0,0.0,0.0,set(),set(),set(),set()
72,HNCDL_447,20170421,inf,,,0.0,0.0,0.0,set(),set(),set(),set()
73,HNCDL_447,20170421,inf,,,0.0,0.0,0.0,set(),set(),set(),set()
74,HNCDL_447,20170421,inf,,,0.0,0.0,0.0,set(),set(),set(),set()
75,HNCDL_447,20170421,inf,,,0.0,0.0,0.0,set(),set(),set(),set()
76,HNCDL_447,20170421,inf,,,0.0,0.0,0.0,set(),set(),set(),set()
77,HNCDL_447,20170421,inf,,,0.0,0.0,0.0,set(),set(),set(),set()
78,HNCDL_447,20170421,inf,,,0.0,0.0,0.0,set(),set(),set(),set()
79,HNCDL_447,20170421,inf,,,0.0,0.0,0.0,set(),set(),set(),set()
80,HNCDL_447,20170421,inf,,,0.0,0.0,0.0,set(),set(),set(),set()
81,HNCDL_447,20170421,inf,,,0.0,0.0,0.0,set(),set(),set(),set()
82,HNCDL_447,20170421,inf,,,0.0,0.0,0.0,set(),set(),set(),set()
83,HNCDL_447,20170421,inf,,,0.0,0.0,0.0,set(),set(),set(),set()
84,HNCDL_447,20170421,inf,,,0.0,0.0,0.0,set(),set(),set(),set()
85,HNCDL_447,20170421,inf,,,0.0,0.0,0.0,set(),set(),set(),set()
86,HNCDL_447,20170421,inf,,,0.0,0.0,0.0,set(),set(),set(),set()
87,HNCDL_447,20170421,inf,,,0.0,0.0,0.0,set(),set(),set(),set()
88,HNCDL_447,20170421,inf,,,0.0,0.0,0.0,set(),set(),set(),set()
89,HNCDL_447,20170421,inf,,,0.0,0.0,0.0,set(),set(),set(),set()
90,HNCDL_447,20170421,inf,,,0.0,0.0,0.0,set(),set(),set(),set()
91,HNCDL_447,20170421,inf,,,0.0,0.0,0.0,set(),set(),set(),set()
92,HNCDL_447,20170421,inf,,,0.0,0.0,0.0,set(),set(),set(),set()
93,HNCDL_447,20170421,inf,,,0.0,0.0,0.0,set(),set(),set(),set()
94,HNCDL_447,20170421,inf,,,0.0,0.0,0.0,set(),set(),set(),set()
95,HNCDL_447,20170421,inf,,,0.0,0.0,0.0,set(),set(),set(),set()
96,HNCDL_447,20170421,inf,,,0.0,0.0,0.0,set(),set(),set(),set()
97,HNCDL_447,20170421,inf,,,0.0,0.0,0.0,set(),set(),set(),set()
98,HNCDL_447,20170421,inf,,,0.0,0.0,0.0,set(),set(),set(),set()
99,HNCDL_447,20170421,inf,,,0.0,0.0,0.0,set(),set(),set(),set()
100,HNCDL_447,20170421,inf,,,0.0,0.0,0.0,set(),set(),set(),set()
101,HNCDL_447,20170421,inf,,,0.0,0.0,0.0,set(),set(),set(),set()
102,HNCDL_447,20170421,inf,,,0.0,0.0,0.0,set(),set(),set(),set()
103,HNCDL_447,20170421,inf,,,0.0,0.0,0.0,set(),set(),set(),set()
104,HNCDL_447,20170421,inf,,,0.0,0.0,0.0,set(),set(),set(),set()
105,HNCDL_447,20170421,inf,,,0.0,0.0,0.0,set(),set(),set(),set()
106,HNCDL_447,20170421,inf,,,0.0,0.0,0.0,set(),set(),set(),set()
107,HNCDL_447,20170421,inf,,,0.0,0.0,0.0,set(),set(),set(),set()
108,HNCDL_447,20170421,inf,,,0.0,0.0,0.0,set(),set(),set(),set()
109,HNCDL_447,20170421,inf,,,0.0,0.0,0.0,set(),set(),set(),set()
110,HNCDL_447,20170421,inf,,,0.0,0.0,0.0,set(),set(),set(),set()
111,HNCDL_447,20170421,inf,,,0.0,0.0,0.0,set(),set(),set(),set()
112,HNCDL_447,20170421,inf,,,0.0,0.0,0.0,set(),set(),set(),set()
113,HNCDL_447,20170421,inf,,,0.0,0.0,0.0,set(),set(),set(),set()
114,HNCDL_447,20170421,inf,,,0.0,0.0,0.0,set(),set(),set(),set()
115,HNCDL_447,20170421,inf,,,0.0,0.0,0.0,set(),set(),set(),set()
116,HNCDL_447,20170421,inf,,,0.0,0.0,0.0,set(),set(),set(),set()
117,HNCDL_447,20170421,inf,,,0.0,0.0,0.0,set(),set(),set(),set()
118,HNCDL_447,20170421,inf,,,0.0,0.0,0.0,set(),set(),set(),set()
119,HNCDL_447,20170421,inf,,,0.0,0.0,0.0,set(),set(),set(),set()
120,HNCDL_447,20170421,inf,,,0.0,0.0,0.0,set(),set(),set(),set()
121,HNCDL_447,20170421,inf,,,0.0,0.0,0.0,set(),set(),set(),set()
122,HNCDL_447,20170421,inf,,,0.0,0.0,0.0,set(),set(),set(),set()
123,HNCDL_447,20170421,inf,,,0.0,0.0,0.0,set(),set(),set(),set()
124,HNCDL_447,20170421,inf,,,0.0,0.0,0.0,set(),set(),set(),set()
125,HNCDL_447,20170421,inf,,,0.0,0.0,0.0,set(),set(),set(),set()
126,HNCDL_447,20170421,inf,,,0.0,0.0,0.0,set(),set(),set(),set()
0,4Prj3A5sMvSv1sK4u5ihkzlnU,20190129,inf,,,0.0,0.0,0.0,set(),set(),set(),set()
1,4Prj3A5sMvSv1sK4u5ihkzlnU,20190129,inf,,,0.0,0.0,0.0,set(),set(),set(),set()
2,4Prj3A5sMvSv1sK4u5ihkzlnU,20190129,inf,,,0.0,0.0,0.0,set(),set(),set(),set()
3,4Prj3A5sMvSv1sK4u5ihkzlnU,20190129,inf,,,0.0,0.0,0.0,set(),set(),set(),set()
4,4Prj3A5sMvSv1sK4u5ihkzlnU,20190129,inf,,,0.0,0.0,0.0,set(),set(),set(),set()
5,4Prj3A5sMvSv1sK4u5ihkzlnU,20190129,inf,,,0.0,0.0,0.0,set(),set(),set(),set()
6,4Prj3A5sMvSv1sK4u5ihkzlnU,20190129,inf,,,0.0,0.0,0.0,set(),set(),set(),set()
7,4Prj3A5sMvSv1sK4u5ihkzlnU,20190129,inf,,,0.0,0.0,0.0,set(),set(),set(),set()
8,4Prj3A5sMvSv1sK4u5ihkzlnU,20190129,inf,,,0.0,0.0,0.0,set(),set(),set(),set()
9,4Prj3A5sMvSv1sK4u5ihkzlnU,20190129,inf,,,0.0,0.0,0.0,set(),set(),set(),set()
10,4Prj3A5sMvSv1sK4u5ihkzlnU,20190129,inf,,,0.0,0.0,0.0,set(),set(),set(),set()
11,4Prj3A5sMvSv1sK4u5ihkzlnU,20190129,inf,,,0.0,0.0,0.0,set(),set(),set(),set()
12,4Prj3A5sMvSv1sK4u5ihkzlnU,20190129,inf,,,0.0,0.0,0.0,set(),set(),set(),set()
13,4Prj3A5sMvSv1sK4u5ihkzlnU,20190129,inf,,,0.0,0.0,0.0,set(),set(),set(),set()
14,4Prj3A5sMvSv1sK4u5ihkzlnU,20190129,inf,,,0.0,0.0,0.0,set(),set(),set(),set()
15,4Prj3A5sMvSv1sK4u5ihkzlnU,20190129,inf,,,0.0,0.0,0.0,set(),set(),set(),set()
16,4Prj3A5sMvSv1sK4u5ihkzlnU,20190129,inf,,,0.0,0.0,0.0,set(),set(),set(),set()
17,4Prj3A5sMvSv1sK4u5ihkzlnU,20190129,inf,,,0.0,0.0,0.0,set(),set(),set(),set()
18,4Prj3A5sMvSv1sK4u5ihkzlnU,20190129,inf,,,0.0,0.0,0.0,set(),set(),set(),set()
19,4Prj3A5sMvSv1sK4u5ihkzlnU,20190129,inf,,,0.0,0.0,0.0,set(),set(),set(),set()
20,4Prj3A5sMvSv1sK4u5ihkzlnU,20190129,inf,,,0.0,0.0,0.0,set(),set(),set(),set()
21,4Prj3A5sMvSv1sK4u5ihkzlnU,20190129,inf,,,0.0,0.0,0.0,set(),set(),set(),set()
22,4Prj3A5sMvSv1sK4u5ihkzlnU,20190129,inf,,,0.0,0.0,0.0,set(),set(),set(),set()
23,4Prj3A5sMvSv1sK4u5ihkzlnU,20190129,inf,,,0.0,0.0,0.0,set(),set(),set(),set()
24,4Prj3A5sMvSv1sK4u5ihkzlnU,20190129,inf,,,0.0,0.0,0.0,set(),set(),set(),set()
25,4Prj3A5sMvSv1sK4u5ihkzlnU,20190129,inf,,,0.0,0.0,0.0,set(),set(),set(),set()
26,4Prj3A5sMvSv1sK4u5ihkzlnU,20190129,inf,,,0.0,0.0,0.0,set(),set(),set(),set()
27,4Prj3A5sMvSv1sK4u5ihkzlnU,20190129,inf,,,0.0,0.0,0.0,set(),set(),set(),set()
28,4Prj3A5sMvSv1sK4u5ihkzlnU,20190129,inf,,,0.0,0.0,0.0,set(),set(),set(),set()
29,4Prj3A5sMvSv1sK4u5ihkzlnU,20190129,inf,,,0.0,0.0,0.0,set(),set(),set(),set()
30,4Prj3A5sMvSv1sK4u5ihkzlnU,20190129,inf,,,0.0,0.0,0.0,set(),set(),set(),set()
31,4Prj3A5sMvSv1sK4u5ihkzlnU,20190129,inf,,,0.0,0.0,0.0,set(),set(),set(),set()
32,4Prj3A5sMvSv1sK4u5ihkzlnU,20190129,inf,,,0.0,0.0,0.0,set(),set(),set(),set()
33,4Prj3A5sMvSv1sK4u5ihkzlnU,20190129,inf,,,0.0,0.0,0.0,set(),set(),set(),set()
34,4Prj3A5sMvSv1sK4u5ihkzlnU,20190129,inf,,,0.0,0.0,0.0,set(),set(),set(),set()
35,4Prj3A5sMvSv1sK4u5ihkzlnU,20190129,inf,,,0.0,0.0,0.0,set(),set(),set(),set()
36,4Prj3A5sMvSv1sK4u5ihkzlnU,20190129,inf,,,0.0,0.0,0.0,set(),set(),set(),set()
37,4Prj3A5sMvSv1sK4u5ihkzlnU,20190129,inf,,,0.0,0.0,0.0,set(),set(),set(),set()
38,4Prj3A5sMvSv1sK4u5ihkzlnU,20190129,inf,,,0.0,0.0,0.0,set(),set(),set(),set()
39,4Prj3A5sMvSv1sK4u5ihkzlnU,20190129,inf,,,0.0,0.0,0.0,set(),set(),set(),set()
40,4Prj3A5sMvSv1sK4u5ihkzlnU,20190129,inf,,,0.0,0.0,0.0,set(),set(),set(),set()
41,4Prj3A5sMvSv1sK4u5ihkzlnU,20190129,inf,,,0.0,0.0,0.0,set(),set(),set(),set()
42,4Prj3A5sMvSv1sK4u5ihkzlnU,20190129,inf,,,0.0,0.0,0.0,set(),set(),set(),set()
43,4Prj3A5sMvSv1sK4u5ihkzlnU,20190129,inf,,,0.0,0.0,0.0,set(),set(),set(),set()
44,4Prj3A5sMvSv1sK4u5ihkzlnU,20190129,inf,,,0.0,0.0,0.0,set(),set(),set(),set()
45,4Prj3A5sMvSv1sK4u5ihkzlnU,20190129,inf,,,0.0,0.0,0.0,set(),set(),set(),set()
46,4Prj3A5sMvSv1sK4u5ihkzlnU,20190129,inf,,,0.0,0.0,0.0,set(),set(),set(),set()
47,4Prj3A5sMvSv1sK4u5ihkzlnU,20190129,inf,,,0.0,0.0,0.0,set(),set(),set(),set()
48,4Prj3A5sMvSv1sK4u5ihkzlnU,20190129,inf,,,0.0,0.0,0.0,set(),set(),set(),set()
49,4Prj3A5sMvSv1sK4u5ihkzlnU,20190129,inf,,,0.0,0.0,0.0,set(),set(),set(),set()
50,4Prj3A5sMvSv1sK4u5ihkzlnU,20190129,inf,,,0.0,0.0,0.0,set(),set(),set(),set()
51,4Prj3A5sMvSv1sK4u5ihkzlnU,20190129,inf,,,0.0,0.0,0.0,set(),set(),set(),set()
52,4Prj3A5sMvSv1sK4u5ihkzlnU,20190129,inf,,,0.0,0.0,0.0,set(),set(),set(),set()
53,4Prj3A5sMvSv1sK4u5ihkzlnU,20190129,inf,,,0.0,0.0,0.0,set(),set(),set(),set()
54,4Prj3A5sMvSv1sK4u5ihkzlnU,20190129,inf,,,0.0,0.0,0.0,set(),set(),set(),set()
55,4Prj3A5sMvSv1sK4u5ihkzlnU,20190129,inf,,,0.0,0.0,0.0,set(),set(),set(),set()
56,4Prj3A5sMvSv1sK4u5ihkzlnU,20190129,inf,,,0.0,0.0,0.0,set(),set(),set(),set()
57,4Prj3A5sMvSv1sK4u5ihkzlnU,20190129,inf,,,0.0,0.0,0.0,set(),set(),set(),set()
58,4Prj3A5sMvSv1sK4u5ihkzlnU,20190129,inf,,,0.0,0.0,0.0,set(),set(),set(),set()
59,4Prj3A5sMvSv1sK4u5ihkzlnU,20190129,0.0,,,0.0,0.0,0.0,"{(52, 110), (53, 110), (51, 110), (52, 109), (53, 109), (52, 108), (51, 109)}",set(),"{((52.5, 110.5), (53.5, 110.5)), ((51.5, 110.5), (52.5, 110.5)), ((50.5, 109.5), (50.5, 110.5)), ((52.5, 108.5), (53.5, 108.5)), ((53.5, 108.5), (53.5, 109.5)), ((50.5, 108.5), (51.5, 108.5)), ((50.5, 110.5), (51.5, 110.5)), ((51.5, 107.5), (52.5, 107.5)), ((53.5, 109.5), (53.5, 110.5)), ((50.5, 108.5), (50.5, 109.5)), ((52.5, 107.5), (52.5, 108.5)), ((51.5, 107.5), (51.5, 108.5))}",set()
60,4Prj3A5sMvSv1sK4u5ihkzlnU,20190129,0.7126436781609196,4.242640687119285,0.48446805694002876,106.640625,0.8584905660377359,0.3673469387755102,"{(70, 110), (50, 107), (61, 116), (52, 113), (65, 116), (57, 112), (71, 111), (73, 108), (68, 112), (63, 116), (54, 113), (56, 110), (55, 114), (58, 113), (69, 113), (59, 112), (50, 109), (75, 108), (70, 112), (67, 116), (57, 114), (71, 113), (73, 110), (49, 110), (68, 114), (54, 115), (55, 116), (58, 115), (69, 115), (59, 114), (50, 111), (52, 108), (70, 114), (57, 116), (68, 116), (54, 108), (53, 112), (67, 111), (55, 109), (59, 116), (61, 113), (52, 110), (65, 113), (66, 112), (63, 113), (72, 109), (53, 114), (55, 111), (67, 113), (64, 114), (61, 115), (51, 107), (74, 109), (65, 115), (66, 114), (57, 111), (68, 111), (49, 107), (72, 111), (53, 107), (64, 116), (55, 113), (67, 115), (56, 112), (70, 111), (50, 108), (51, 109), (74, 111), (75, 110), (66, 116), (57, 113), (68, 113), (49, 109), (72, 113), (73, 112), (53, 109), (55, 115), (56, 114), (59, 113), (70, 113), (60, 114), (51, 111), (57, 115), (68, 115), (62, 114), (53, 111), (54, 110), (56, 116), (59, 115), (70, 115), (60, 116), (51, 113), (65, 112), (52, 112), (72, 108), (71, 110), (62, 116), (53, 113), (55, 110), (54, 112), (64, 113), (63, 115), (58, 112), (69, 112), (74, 108), (58, 111), (52, 114), (66, 113), (72, 110), (71, 112), (73, 109), (53, 115), (55, 112), (54, 114), (56, 111), (64, 115), (58, 114), (69, 114), (51, 108), (50, 110), (52, 107), (75, 109), (74, 110), (66, 115), (49, 108), (72, 112), (71, 114), (73, 111), (53, 108), (56, 113), (58, 116), (60, 113), (51, 110), (50, 112), (52, 109), (69, 116), (62, 113), (53, 110), (54, 109), (56, 115), (67, 112), (60, 115), (51, 112), (61, 114), (52, 111), (65, 114), (71, 109), (62, 115), (63, 114), (54, 111), (67, 114), (69, 111)}","{(70, 110), (50, 107), (75, 106), (61, 116), (65, 116), (57, 112), (48, 109), (73, 108), (71, 111), (68, 112), (63, 116), (54, 113), (56, 110), (55, 114), (58, 113), (69, 113), (59, 112), (50, 109), (75, 108), (70, 112), (46, 105), (57, 114), (71, 113), (73, 110), (49, 110), (68, 114), (67, 109), (69, 106), (58, 115), (60, 112), (59, 114), (50, 111), (52, 108), (70, 114), (69, 115), (66, 110), (46, 107), (48, 104), (71, 106), (68, 107), (54, 108), (53, 112), (55, 109), (69, 108), (67, 111), (70, 107), (47, 105), (64, 112), (59, 116), (61, 113), (52, 110), (74, 107), (65, 113), (66, 112), (46, 109), (48, 106), (71, 108), (49, 105), (68, 109), (63, 113), (72, 109), (64, 114), (55, 111), (58, 110), (69, 110), (47, 107), (50, 106), (70, 109), (67, 113), (61, 115), (74, 109), (76, 106), (65, 115), (66, 114), (57, 111), (48, 108), (68, 111), (49, 107), (72, 111), (64, 116), (55, 113), (67, 115), (56, 112), (47, 109), (50, 108), (59, 111), (70, 111), (51, 109), (46, 104), (66, 116), (57, 113), (48, 110), (68, 113), (49, 109), (72, 104), (62, 112), (53, 109), (56, 114), (59, 113), (70, 113), (74, 104), (60, 114), (51, 111), (66, 109), (46, 106), (57, 115), (68, 115), (49, 111), (72, 106), (73, 105), (62, 114), (53, 111), (55, 108), (54, 110), (67, 110), (47, 104), (70, 106), (59, 115), (74, 106), (75, 105), (60, 116), (65, 112), (52, 112), (66, 111), (46, 108), (68, 108), (72, 108), (71, 110), (73, 107), (62, 116), (53, 113), (55, 110), (54, 112), (64, 113), (47, 106), (70, 108), (63, 115), (58, 112), (69, 112), (74, 108), (75, 107), (66, 113), (57, 110), (68, 110), (49, 106), (72, 110), (71, 112), (73, 109), (64, 115), (55, 112), (56, 111), (47, 108), (58, 114), (69, 114), (51, 108), (50, 110), (66, 115), (49, 108), (71, 105), (69, 111), (53, 108), (56, 113), (69, 107), (60, 113), (51, 110), (50, 112), (52, 109), (61, 112), (72, 105), (48, 105), (73, 104), (71, 107), (62, 113), (53, 110), (63, 112), (54, 109), (45, 106), (56, 115), (67, 112), (69, 109), (74, 105), (75, 104), (60, 115), (51, 112), (61, 114), (52, 111), (65, 114), (72, 107), (48, 107), (73, 106), (71, 109), (62, 115), (63, 114), (54, 111), (67, 114), (58, 111)}","{((74.5, 110.5), (74.5, 111.5)), ((54.5, 115.5), (54.5, 116.5)), ((68.5, 116.5), (69.5, 116.5)), ((69.5, 109.5), (69.5, 110.5)), ((64.5, 111.5), (64.5, 112.5)), ((66.5, 110.5), (67.5, 110.5)), ((71.5, 107.5), (72.5, 107.5)), ((67.5, 110.5), (68.5, 110.5)), ((51.5, 113.5), (51.5, 114.5)), ((72.5, 107.5), (73.5, 107.5)), ((58.5, 116.5), (59.5, 116.5)), ((56.5, 116.5), (57.5, 116.5)), ((48.5, 106.5), (48.5, 107.5)), ((53.5, 106.5), (53.5, 107.5)), ((50.5, 106.5), (51.5, 106.5)), ((56.5, 110.5), (57.5, 110.5)), ((74.5, 110.5), (75.5, 110.5)), ((63.5, 112.5), (64.5, 112.5)), ((70.5, 114.5), (71.5, 114.5)), ((71.5, 107.5), (71.5, 108.5)), ((53.5, 115.5), (54.5, 115.5)), ((66.5, 110.5), (66.5, 111.5)), ((69.5, 109.5), (70.5, 109.5)), ((68.5, 110.5), (69.5, 110.5)), ((59.5, 116.5), (60.5, 116.5)), ((73.5, 107.5), (74.5, 107.5)), ((64.5, 116.5), (65.5, 116.5)), ((52.5, 115.5), (53.5, 115.5)), ((60.5, 116.5), (61.5, 116.5)), ((75.5, 107.5), (75.5, 108.5)), ((71.5, 113.5), (72.5, 113.5)), ((52.5, 106.5), (53.5, 106.5)), ((50.5, 112.5), (50.5, 113.5)), ((49.5, 110.5), (49.5, 111.5)), ((72.5, 112.5), (72.5, 113.5)), ((74.5, 107.5), (75.5, 107.5)), ((70.5, 114.5), (70.5, 115.5)), ((48.5, 109.5), (48.5, 110.5)), ((65.5, 111.5), (66.5, 111.5)), ((61.5, 112.5), (62.5, 112.5)), ((54.5, 107.5), (54.5, 108.5)), ((50.5, 113.5), (51.5, 113.5)), ((48.5, 107.5), (48.5, 108.5)), ((49.5, 112.5), (50.5, 112.5)), ((69.5, 115.5), (69.5, 116.5)), ((70.5, 108.5), (71.5, 108.5)), ((54.5, 116.5), (55.5, 116.5)), ((63.5, 116.5), (64.5, 116.5)), ((56.5, 109.5), (56.5, 110.5)), ((73.5, 111.5), (74.5, 111.5)), ((49.5, 111.5), (49.5, 112.5)), ((51.5, 106.5), (52.5, 106.5)), ((52.5, 114.5), (52.5, 115.5)), ((54.5, 108.5), (55.5, 108.5)), ((72.5, 112.5), (73.5, 112.5)), ((75.5, 108.5), (75.5, 109.5)), ((66.5, 116.5), (67.5, 116.5)), ((55.5, 109.5), (56.5, 109.5)), ((57.5, 116.5), (58.5, 116.5)), ((62.5, 116.5), (63.5, 116.5)), ((48.5, 110.5), (49.5, 110.5)), ((51.5, 114.5), (52.5, 114.5)), ((71.5, 113.5), (71.5, 114.5)), ((58.5, 111.5), (59.5, 111.5)), ((59.5, 111.5), (59.5, 112.5)), ((60.5, 112.5), (61.5, 112.5)), ((55.5, 108.5), (55.5, 109.5)), ((58.5, 110.5), (58.5, 111.5)), ((61.5, 116.5), (62.5, 116.5)), ((73.5, 111.5), (73.5, 112.5)), ((69.5, 115.5), (70.5, 115.5)), ((59.5, 112.5), (60.5, 112.5)), ((53.5, 107.5), (54.5, 107.5)), ((57.5, 110.5), (58.5, 110.5)), ((49.5, 106.5), (50.5, 106.5)), ((62.5, 112.5), (63.5, 112.5)), ((67.5, 116.5), (68.5, 116.5)), ((55.5, 116.5), (56.5, 116.5)), ((64.5, 111.5), (65.5, 111.5)), ((70.5, 108.5), (70.5, 109.5)), ((75.5, 109.5), (75.5, 110.5)), ((65.5, 116.5), (66.5, 116.5)), ((48.5, 108.5), (48.5, 109.5)), ((48.5, 106.5), (49.5, 106.5))}","{((58.5, 110.5), (59.5, 110.5)), ((57.5, 109.5), (58.5, 109.5)), ((55.5, 115.5), (56.5, 115.5)), ((47.5, 109.5), (47.5, 110.5)), ((71.5, 103.5), (72.5, 103.5)), ((48.5, 111.5), (49.5, 111.5)), ((68.5, 105.5), (68.5, 106.5)), ((51.5, 107.5), (52.5, 107.5)), ((46.5, 109.5), (47.5, 109.5)), ((45.5, 103.5), (45.5, 104.5)), ((50.5, 107.5), (51.5, 107.5)), ((65.5, 110.5), (65.5, 111.5)), ((47.5, 103.5), (48.5, 103.5)), ((55.5, 107.5), (55.5, 108.5)), ((71.5, 111.5), (71.5, 112.5)), ((44.5, 105.5), (44.5, 106.5)), ((67.5, 115.5), (68.5, 115.5)), ((72.5, 110.5), (73.5, 110.5)), ((70.5, 104.5), (70.5, 105.5)), ((68.5, 115.5), (69.5, 115.5)), ((66.5, 108.5), (67.5, 108.5)), ((49.5, 105.5), (50.5, 105.5)), ((75.5, 103.5), (75.5, 104.5)), ((65.5, 108.5), (65.5, 109.5)), ((54.5, 114.5), (55.5, 114.5)), ((71.5, 103.5), (71.5, 104.5)), ((50.5, 112.5), (51.5, 112.5)), ((69.5, 114.5), (69.5, 115.5)), ((71.5, 112.5), (71.5, 113.5)), ((44.5, 106.5), (45.5, 106.5)), ((51.5, 112.5), (52.5, 112.5)), ((74.5, 108.5), (75.5, 108.5)), ((53.5, 113.5), (54.5, 113.5)), ((75.5, 105.5), (76.5, 105.5)), ((44.5, 105.5), (45.5, 105.5)), ((55.5, 114.5), (55.5, 115.5)), ((76.5, 105.5), (76.5, 106.5)), ((49.5, 104.5), (49.5, 105.5)), ((59.5, 110.5), (59.5, 111.5)), ((67.5, 106.5), (68.5, 106.5)), ((56.5, 109.5), (57.5, 109.5)), ((70.5, 113.5), (71.5, 113.5)), ((65.5, 108.5), (66.5, 108.5)), ((48.5, 110.5), (48.5, 111.5)), ((72.5, 103.5), (73.5, 103.5)), ((69.5, 105.5), (70.5, 105.5)), ((74.5, 108.5), (74.5, 109.5)), ((73.5, 109.5), (74.5, 109.5)), ((50.5, 106.5), (50.5, 107.5)), ((66.5, 115.5), (67.5, 115.5)), ((46.5, 103.5), (47.5, 103.5)), ((50.5, 105.5), (50.5, 106.5)), ((75.5, 106.5), (76.5, 106.5)), ((45.5, 108.5), (45.5, 109.5)), ((65.5, 109.5), (65.5, 110.5)), ((52.5, 113.5), (53.5, 113.5)), ((45.5, 106.5), (45.5, 107.5)), ((67.5, 106.5), (67.5, 107.5)), ((58.5, 115.5), (58.5, 116.5)), ((62.5, 111.5), (63.5, 111.5)), ((73.5, 103.5), (74.5, 103.5)), ((54.5, 113.5), (54.5, 114.5)), ((45.5, 104.5), (45.5, 105.5)), ((45.5, 107.5), (45.5, 108.5)), ((75.5, 106.5), (75.5, 107.5)), ((66.5, 115.5), (66.5, 116.5)), ((47.5, 110.5), (48.5, 110.5)), ((52.5, 112.5), (52.5, 113.5)), ((60.5, 111.5), (61.5, 111.5)), ((52.5, 107.5), (53.5, 107.5)), ((70.5, 113.5), (70.5, 114.5)), ((74.5, 103.5), (75.5, 103.5)), ((70.5, 104.5), (71.5, 104.5)), ((54.5, 107.5), (55.5, 107.5)), ((67.5, 107.5), (67.5, 108.5)), ((57.5, 115.5), (58.5, 115.5)), ((73.5, 109.5), (73.5, 110.5)), ((48.5, 104.5), (49.5, 104.5)), ((68.5, 105.5), (69.5, 105.5)), ((59.5, 111.5), (60.5, 111.5)), ((63.5, 111.5), (64.5, 111.5)), ((56.5, 115.5), (57.5, 115.5)), ((45.5, 103.5), (46.5, 103.5)), ((58.5, 109.5), (58.5, 110.5)), ((75.5, 104.5), (75.5, 105.5)), ((72.5, 110.5), (72.5, 111.5)), ((48.5, 103.5), (48.5, 104.5)), ((45.5, 109.5), (46.5, 109.5)), ((71.5, 111.5), (72.5, 111.5)), ((69.5, 114.5), (70.5, 114.5)), ((61.5, 111.5), (62.5, 111.5))}"
61,4Prj3A5sMvSv1sK4u5ihkzlnU,20190129,0.7612612612612613,3.605551275463989,0.35403171281691703,108.984375,0.8157894736842105,0.1715686274509804,"{(51, 105), (50, 107), (75, 106), (70, 110), (60, 117), (61, 116), (52, 113), (76, 107), (65, 116), (57, 112), (48, 109), (73, 108), (71, 111), (68, 112), (63, 116), (54, 113), (56, 110), (55, 114), (58, 113), (69, 113), (59, 112), (50, 109), (52, 106), (75, 108), (70, 112), (67, 116), (74, 112), (76, 109), (66, 117), (57, 114), (71, 113), (73, 110), (49, 110), (68, 114), (54, 115), (72, 114), (67, 109), (55, 116), (58, 115), (60, 112), (59, 114), (50, 111), (52, 108), (70, 114), (69, 115), (65, 111), (66, 110), (71, 106), (57, 116), (71, 115), (68, 116), (54, 108), (53, 112), (55, 109), (69, 108), (67, 111), (70, 107), (64, 112), (58, 117), (56, 117), (59, 116), (61, 113), (52, 110), (70, 116), (69, 117), (74, 107), (65, 113), (66, 112), (68, 109), (48, 106), (71, 108), (49, 105), (63, 113), (72, 109), (62, 117), (53, 114), (55, 111), (58, 110), (69, 110), (47, 107), (50, 106), (70, 109), (67, 113), (64, 114), (61, 115), (51, 107), (74, 109), (65, 115), (66, 114), (57, 111), (48, 108), (68, 111), (49, 107), (72, 111), (53, 107), (64, 116), (55, 113), (67, 115), (56, 112), (59, 111), (50, 108), (70, 111), (51, 109), (76, 108), (75, 110), (74, 111), (65, 117), (66, 116), (57, 113), (48, 110), (68, 113), (49, 109), (72, 113), (62, 112), (53, 109), (73, 112), (55, 115), (56, 114), (59, 113), (70, 113), (60, 114), (51, 111), (76, 110), (57, 115), (68, 115), (49, 111), (72, 106), (73, 105), (72, 115), (62, 114), (53, 111), (55, 108), (54, 110), (67, 110), (70, 106), (64, 111), (56, 116), (59, 115), (70, 115), (74, 106), (75, 105), (60, 116), (51, 113), (65, 112), (52, 112), (66, 111), (68, 108), (57, 117), (68, 117), (72, 108), (71, 110), (73, 107), (62, 116), (53, 113), (55, 110), (54, 112), (56, 109), (47, 106), (70, 108), (64, 113), (63, 115), (58, 112), (69, 112), (51, 106), (74, 108), (75, 107), (61, 117), (52, 114), (66, 113), (57, 110), (68, 110), (49, 106), (72, 110), (71, 112), (73, 109), (53, 115), (55, 112), (54, 114), (56, 111), (64, 115), (63, 117), (67, 117), (58, 114), (60, 111), (51, 108), (50, 110), (52, 107), (75, 109), (74, 110), (69, 114), (66, 115), (49, 108), (72, 112), (71, 114), (69, 111), (53, 108), (73, 111), (54, 107), (64, 117), (54, 116), (56, 113), (69, 107), (58, 116), (60, 113), (51, 110), (50, 112), (52, 109), (75, 111), (61, 112), (69, 116), (72, 105), (48, 105), (71, 107), (71, 116), (62, 113), (53, 110), (63, 112), (54, 109), (73, 113), (56, 115), (67, 112), (69, 109), (74, 105), (50, 105), (60, 115), (51, 112), (61, 114), (52, 111), (59, 117), (70, 117), (65, 114), (72, 107), (48, 107), (73, 106), (71, 109), (62, 115), (63, 114), (54, 111), (67, 114), (58, 111)}","{(51, 105), (50, 107), (75, 106), (70, 110), (61, 116), (76, 107), (65, 116), (57, 112), (71, 111), (73, 108), (68, 112), (63, 116), (54, 113), (56, 110), (58, 113), (69, 113), (59, 112), (50, 109), (52, 106), (75, 108), (70, 112), (46, 105), (57, 114), (68, 114), (67, 109), (69, 106), (58, 115), (60, 112), (59, 114), (52, 108), (65, 111), (66, 110), (46, 107), (48, 104), (71, 106), (49, 103), (68, 107), (54, 108), (77, 103), (53, 112), (55, 109), (69, 108), (67, 111), (70, 107), (47, 105), (50, 104), (64, 112), (59, 116), (61, 113), (52, 110), (74, 107), (76, 104), (65, 113), (66, 112), (68, 109), (48, 106), (71, 108), (49, 105), (63, 113), (72, 109), (77, 105), (62, 117), (64, 114), (55, 111), (58, 110), (69, 110), (47, 107), (50, 106), (70, 109), (67, 113), (61, 115), (51, 107), (76, 106), (74, 109), (65, 115), (66, 114), (57, 111), (68, 111), (49, 107), (77, 107), (53, 107), (64, 116), (55, 113), (67, 115), (56, 112), (59, 111), (50, 108), (70, 111), (51, 109), (46, 104), (66, 116), (57, 113), (68, 113), (49, 109), (72, 104), (62, 112), (53, 109), (56, 114), (59, 113), (74, 104), (75, 103), (60, 114), (65, 110), (66, 109), (46, 106), (48, 103), (57, 115), (68, 115), (72, 106), (73, 105), (62, 114), (53, 111), (55, 108), (54, 110), (67, 110), (47, 104), (70, 106), (59, 115), (51, 104), (76, 103), (75, 105), (74, 106), (60, 116), (65, 112), (52, 112), (66, 111), (68, 108), (49, 104), (72, 108), (71, 110), (73, 107), (62, 116), (64, 113), (55, 110), (54, 112), (56, 109), (47, 106), (70, 108), (63, 115), (58, 112), (69, 112), (51, 106), (76, 105), (75, 107), (74, 108), (61, 117), (66, 113), (57, 110), (68, 110), (49, 106), (72, 110), (73, 109), (53, 106), (64, 115), (55, 112), (56, 111), (58, 114), (51, 108), (50, 110), (52, 107), (46, 103), (66, 115), (49, 108), (71, 105), (69, 111), (53, 108), (54, 107), (45, 104), (56, 113), (69, 107), (60, 113), (51, 110), (61, 112), (52, 109), (72, 105), (48, 105), (73, 104), (71, 107), (62, 113), (53, 110), (63, 112), (54, 109), (47, 103), (77, 104), (56, 115), (67, 112), (69, 109), (74, 105), (50, 105), (75, 104), (60, 115), (61, 114), (52, 111), (65, 114), (72, 107), (48, 107), (73, 106), (71, 109), (62, 115), (63, 114), (54, 111), (77, 106), (67, 114), (58, 111)}","{((56.5, 117.5), (57.5, 117.5)), ((75.5, 110.5), (75.5, 111.5)), ((46.5, 105.5), (46.5, 106.5)), ((58.5, 110.5), (59.5, 110.5)), ((57.5, 109.5), (58.5, 109.5)), ((47.5, 109.5), (47.5, 110.5)), ((59.5, 110.5), (60.5, 110.5)), ((53.5, 115.5), (53.5, 116.5)), ((48.5, 111.5), (49.5, 111.5)), ((54.5, 106.5), (54.5, 107.5)), ((72.5, 104.5), (73.5, 104.5)), ((55.5, 107.5), (55.5, 108.5)), ((51.5, 113.5), (51.5, 114.5)), ((76.5, 108.5), (76.5, 109.5)), ((46.5, 107.5), (47.5, 107.5)), ((49.5, 104.5), (50.5, 104.5)), ((66.5, 108.5), (67.5, 108.5)), ((71.5, 104.5), (72.5, 104.5)), ((47.5, 108.5), (47.5, 109.5)), ((70.5, 116.5), (71.5, 116.5)), ((53.5, 116.5), (54.5, 116.5)), ((72.5, 113.5), (73.5, 113.5)), ((62.5, 117.5), (63.5, 117.5)), ((69.5, 105.5), (69.5, 106.5)), ((55.5, 117.5), (56.5, 117.5)), ((50.5, 104.5), (51.5, 104.5)), ((47.5, 104.5), (48.5, 104.5)), ((66.5, 117.5), (67.5, 117.5)), ((52.5, 115.5), (53.5, 115.5)), ((63.5, 117.5), (64.5, 117.5)), ((71.5, 104.5), (71.5, 105.5)), ((64.5, 117.5), (65.5, 117.5)), ((73.5, 112.5), (74.5, 112.5)), ((52.5, 106.5), (53.5, 106.5)), ((60.5, 110.5), (60.5, 111.5)), ((60.5, 117.5), (61.5, 117.5)), ((50.5, 112.5), (50.5, 113.5)), ((74.5, 104.5), (75.5, 104.5)), ((56.5, 109.5), (57.5, 109.5)), ((53.5, 106.5), (54.5, 106.5)), ((51.5, 104.5), (51.5, 105.5)), ((48.5, 110.5), (48.5, 111.5)), ((68.5, 106.5), (69.5, 106.5)), ((47.5, 107.5), (47.5, 108.5)), ((57.5, 117.5), (58.5, 117.5)), ((51.5, 105.5), (52.5, 105.5)), ((69.5, 105.5), (70.5, 105.5)), ((74.5, 111.5), (74.5, 112.5)), ((66.5, 108.5), (66.5, 109.5)), ((76.5, 107.5), (76.5, 108.5)), ((70.5, 116.5), (70.5, 117.5)), ((50.5, 113.5), (51.5, 113.5)), ((49.5, 112.5), (50.5, 112.5)), ((75.5, 106.5), (76.5, 106.5)), ((54.5, 116.5), (55.5, 116.5)), ((67.5, 107.5), (68.5, 107.5)), ((65.5, 109.5), (65.5, 110.5)), ((47.5, 104.5), (47.5, 105.5)), ((63.5, 110.5), (64.5, 110.5)), ((73.5, 112.5), (73.5, 113.5)), ((75.5, 105.5), (75.5, 106.5)), ((49.5, 111.5), (49.5, 112.5)), ((55.5, 116.5), (55.5, 117.5)), ((52.5, 114.5), (52.5, 115.5)), ((62.5, 111.5), (63.5, 111.5)), ((67.5, 117.5), (68.5, 117.5)), ((68.5, 106.5), (68.5, 107.5)), ((51.5, 114.5), (52.5, 114.5)), ((61.5, 117.5), (62.5, 117.5)), ((71.5, 115.5), (72.5, 115.5)), ((76.5, 106.5), (76.5, 107.5)), ((74.5, 111.5), (75.5, 111.5)), ((64.5, 110.5), (65.5, 110.5)), ((47.5, 110.5), (48.5, 110.5)), ((60.5, 111.5), (61.5, 111.5)), ((63.5, 110.5), (63.5, 111.5)), ((59.5, 117.5), (60.5, 117.5)), ((75.5, 110.5), (76.5, 110.5)), ((54.5, 107.5), (55.5, 107.5)), ((67.5, 107.5), (67.5, 108.5)), ((73.5, 104.5), (74.5, 104.5)), ((65.5, 109.5), (66.5, 109.5)), ((68.5, 117.5), (69.5, 117.5)), ((61.5, 111.5), (62.5, 111.5)), ((70.5, 105.5), (71.5, 105.5)), ((48.5, 104.5), (49.5, 104.5)), ((69.5, 117.5), (70.5, 117.5)), ((65.5, 117.5), (66.5, 117.5)), ((71.5, 115.5), (71.5, 116.5)), ((52.5, 105.5), (52.5, 106.5)), ((46.5, 106.5), (46.5, 107.5)), ((56.5, 108.5), (56.5, 109.5)), ((58.5, 109.5), (58.5, 110.5)), ((75.5, 104.5), (75.5, 105.5)), ((46.5, 105.5), (47.5, 105.5)), ((76.5, 109.5), (76.5, 110.5)), ((72.5, 114.5), (72.5, 115.5)), ((58.5, 117.5), (59.5, 117.5)), ((55.5, 108.5), (56.5, 108.5)), ((72.5, 113.5), (72.5, 114.5))}","{((77.5, 104.5), (77.5, 105.5)), ((74.5, 102.5), (75.5, 102.5)), ((71.5, 110.5), (71.5, 111.5)), ((55.5, 115.5), (56.5, 115.5)), ((50.5, 110.5), (51.5, 110.5)), ((71.5, 103.5), (72.5, 103.5)), ((68.5, 105.5), (68.5, 106.5)), ((45.5, 105.5), (45.5, 106.5)), ((51.5, 103.5), (51.5, 104.5)), ((68.5, 113.5), (69.5, 113.5)), ((60.5, 116.5), (60.5, 117.5)), ((72.5, 109.5), (73.5, 109.5)), ((48.5, 102.5), (49.5, 102.5)), ((64.5, 109.5), (64.5, 110.5)), ((51.5, 110.5), (51.5, 111.5)), ((67.5, 115.5), (68.5, 115.5)), ((53.5, 105.5), (53.5, 106.5)), ((70.5, 104.5), (70.5, 105.5)), ((58.5, 116.5), (59.5, 116.5)), ((47.5, 102.5), (48.5, 102.5)), ((55.5, 113.5), (55.5, 114.5)), ((65.5, 108.5), (65.5, 109.5)), ((71.5, 103.5), (71.5, 104.5)), ((75.5, 102.5), (76.5, 102.5)), ((70.5, 111.5), (71.5, 111.5)), ((74.5, 108.5), (75.5, 108.5)), ((51.5, 112.5), (52.5, 112.5)), ((53.5, 113.5), (54.5, 113.5)), ((55.5, 114.5), (55.5, 115.5)), ((59.5, 116.5), (60.5, 116.5)), ((64.5, 116.5), (65.5, 116.5)), ((76.5, 107.5), (77.5, 107.5)), ((75.5, 107.5), (75.5, 108.5)), ((49.5, 109.5), (49.5, 110.5)), ((72.5, 109.5), (72.5, 110.5)), ((59.5, 110.5), (59.5, 111.5)), ((67.5, 106.5), (68.5, 106.5)), ((62.5, 116.5), (62.5, 117.5)), ((68.5, 113.5), (68.5, 114.5)), ((70.5, 111.5), (70.5, 112.5)), ((65.5, 108.5), (66.5, 108.5)), ((77.5, 102.5), (77.5, 103.5)), ((49.5, 103.5), (50.5, 103.5)), ((72.5, 103.5), (73.5, 103.5)), ((46.5, 102.5), (47.5, 102.5)), ((74.5, 108.5), (74.5, 109.5)), ((50.5, 103.5), (51.5, 103.5)), ((73.5, 109.5), (74.5, 109.5)), ((76.5, 102.5), (77.5, 102.5)), ((45.5, 102.5), (46.5, 102.5)), ((54.5, 113.5), (55.5, 113.5)), ((66.5, 115.5), (67.5, 115.5)), ((48.5, 107.5), (48.5, 108.5)), ((45.5, 107.5), (46.5, 107.5)), ((68.5, 114.5), (68.5, 115.5)), ((49.5, 110.5), (50.5, 110.5)), ((52.5, 112.5), (53.5, 112.5)), ((63.5, 116.5), (64.5, 116.5)), ((69.5, 112.5), (69.5, 113.5)), ((45.5, 106.5), (45.5, 107.5)), ((67.5, 106.5), (67.5, 107.5)), ((58.5, 115.5), (58.5, 116.5)), ((77.5, 106.5), (77.5, 107.5)), ((75.5, 107.5), (76.5, 107.5)), ((62.5, 116.5), (63.5, 116.5)), ((73.5, 103.5), (74.5, 103.5)), ((52.5, 105.5), (53.5, 105.5)), ((45.5, 104.5), (45.5, 105.5)), ((66.5, 115.5), (66.5, 116.5)), ((48.5, 109.5), (49.5, 109.5)), ((44.5, 103.5), (45.5, 103.5)), ((74.5, 102.5), (74.5, 103.5)), ((47.5, 107.5), (48.5, 107.5)), ((64.5, 109.5), (65.5, 109.5)), ((70.5, 104.5), (71.5, 104.5)), ((77.5, 105.5), (77.5, 106.5)), ((57.5, 115.5), (58.5, 115.5)), ((71.5, 110.5), (72.5, 110.5)), ((49.5, 102.5), (49.5, 103.5)), ((53.5, 112.5), (53.5, 113.5)), ((45.5, 102.5), (45.5, 103.5)), ((68.5, 105.5), (69.5, 105.5)), ((69.5, 112.5), (70.5, 112.5)), ((77.5, 103.5), (77.5, 104.5)), ((59.5, 111.5), (60.5, 111.5)), ((63.5, 111.5), (64.5, 111.5)), ((56.5, 115.5), (57.5, 115.5)), ((44.5, 104.5), (45.5, 104.5)), ((65.5, 116.5), (66.5, 116.5)), ((48.5, 108.5), (48.5, 109.5)), ((44.5, 103.5), (44.5, 104.5)), ((51.5, 111.5), (51.5, 112.5)), ((64.5, 110.5), (64.5, 111.5))}"
62,4Prj3A5sMvSv1sK4u5ihkzlnU,20190129,0.7265774378585086,4.47213595499958,0.4514377228451942,118.359375,0.8145161290322581,0.11214953271028037,"{(51, 105), (76, 107), (65, 116), (57, 112), (68, 112), (77, 108), (58, 113), (69, 113), (50, 109), (61, 118), (73, 110), (54, 115), (72, 114), (76, 102), (65, 111), (76, 111), (49, 103), (57, 116), (68, 116), (77, 103), (69, 108), (50, 104), (58, 117), (69, 117), (61, 113), (72, 109), (53, 114), (64, 114), (76, 106), (65, 115), (57, 111), (68, 111), (49, 107), (77, 107), (50, 108), (75, 110), (72, 104), (72, 113), (53, 109), (56, 114), (65, 110), (76, 110), (49, 102), (57, 115), (68, 115), (49, 111), (71, 117), (75, 105), (60, 116), (52, 112), (72, 108), (53, 113), (64, 113), (56, 109), (76, 105), (57, 110), (68, 110), (49, 106), (71, 112), (63, 117), (60, 111), (52, 107), (75, 109), (72, 112), (53, 108), (64, 117), (56, 113), (48, 105), (71, 107), (71, 116), (63, 112), (75, 104), (60, 115), (52, 111), (75, 113), (72, 107), (56, 108), (67, 114), (59, 110), (70, 110), (48, 109), (71, 111), (63, 116), (52, 106), (75, 108), (52, 115), (74, 112), (66, 117), (55, 107), (67, 109), (70, 105), (55, 116), (59, 114), (70, 114), (48, 104), (71, 106), (71, 115), (63, 111), (52, 110), (74, 107), (51, 114), (66, 112), (55, 111), (67, 113), (47, 107), (70, 109), (59, 118), (48, 108), (51, 109), (74, 111), (66, 116), (47, 102), (55, 115), (59, 113), (70, 113), (48, 103), (73, 105), (62, 114), (73, 114), (54, 110), (51, 104), (74, 106), (51, 113), (66, 111), (55, 110), (47, 106), (70, 108), (58, 112), (69, 112), (61, 117), (73, 109), (62, 118), (54, 114), (51, 108), (74, 110), (66, 115), (77, 102), (69, 107), (50, 103), (58, 116), (69, 116), (50, 112), (61, 112), (73, 104), (62, 113), (73, 113), (54, 109), (74, 105), (51, 112), (65, 114), (77, 106), (69, 111), (58, 111), (50, 107), (61, 116), (73, 108), (54, 113), (76, 109), (57, 114), (68, 114), (49, 110), (77, 110), (58, 115), (69, 115), (50, 111), (61, 111), (73, 103), (54, 108), (72, 116), (53, 112), (64, 112), (56, 117), (76, 104), (65, 113), (57, 109), (68, 109), (49, 105), (57, 118), (77, 105), (58, 110), (69, 110), (50, 106), (61, 115), (72, 111), (53, 107), (53, 116), (64, 116), (56, 112), (76, 108), (65, 117), (57, 113), (68, 113), (49, 109), (75, 103), (60, 114), (75, 112), (72, 106), (72, 115), (53, 111), (64, 111), (56, 116), (76, 103), (65, 112), (76, 112), (68, 108), (49, 104), (57, 117), (68, 117), (71, 110), (63, 115), (52, 105), (75, 107), (60, 118), (52, 114), (72, 110), (53, 106), (53, 115), (64, 115), (56, 111), (67, 117), (49, 108), (71, 105), (71, 114), (75, 102), (60, 113), (52, 109), (75, 111), (72, 105), (53, 110), (56, 115), (67, 112), (59, 117), (70, 117), (48, 107), (71, 109), (63, 114), (75, 106), (60, 117), (52, 113), (56, 110), (55, 114), (67, 116), (59, 112), (70, 112), (48, 102), (71, 113), (60, 112), (52, 108), (74, 114), (66, 110), (55, 109), (67, 111), (70, 107), (47, 105), (59, 116), (70, 116), (48, 106), (71, 108), (63, 113), (62, 117), (51, 107), (74, 109), (66, 114), (55, 113), (67, 115), (59, 111), (70, 111), (48, 110), (62, 112), (73, 112), (54, 117), (74, 104), (51, 111), (74, 113), (55, 108), (67, 110), (47, 104), (70, 106), (55, 117), (59, 115), (70, 115), (73, 107), (62, 116), (54, 112), (51, 106), (74, 108), (66, 113), (55, 112), (47, 108), (77, 109), (58, 114), (69, 114), (50, 110), (62, 111), (73, 111), (54, 107), (54, 116), (74, 103), (51, 110), (47, 103), (77, 104), (69, 109), (50, 105), (58, 118), (61, 114), (73, 106), (62, 115), (73, 115), (54, 111)}","{(51, 105), (50, 107), (52, 104), (75, 106), (70, 110), (61, 116), (65, 116), (57, 112), (71, 111), (73, 108), (68, 112), (63, 116), (54, 113), (56, 110), (58, 113), (69, 113), (59, 112), (50, 109), (52, 106), (70, 112), (46, 105), (48, 102), (71, 104), (57, 114), (54, 106), (45, 103), (55, 107), (69, 106), (67, 109), (70, 105), (75, 101), (58, 115), (60, 112), (59, 114), (52, 108), (76, 102), (65, 111), (66, 110), (68, 107), (48, 104), (73, 103), (49, 103), (71, 106), (63, 111), (54, 108), (77, 103), (53, 112), (55, 109), (69, 108), (67, 111), (47, 105), (50, 104), (70, 107), (64, 112), (59, 116), (61, 113), (52, 110), (76, 104), (65, 113), (66, 112), (68, 109), (48, 106), (71, 108), (49, 105), (63, 113), (72, 109), (77, 105), (62, 117), (64, 114), (55, 111), (58, 110), (69, 110), (70, 109), (50, 106), (67, 113), (61, 115), (51, 107), (46, 102), (65, 115), (66, 114), (57, 111), (68, 111), (49, 107), (72, 102), (53, 107), (64, 116), (55, 113), (67, 115), (56, 112), (59, 111), (50, 108), (70, 111), (74, 102), (51, 109), (46, 104), (48, 101), (65, 117), (57, 113), (68, 113), (72, 104), (62, 112), (53, 109), (70, 104), (47, 102), (56, 114), (59, 113), (74, 104), (75, 103), (60, 114), (65, 110), (66, 109), (48, 103), (49, 102), (57, 115), (72, 106), (73, 105), (62, 114), (53, 111), (55, 108), (54, 110), (67, 110), (47, 104), (70, 106), (64, 111), (59, 115), (51, 104), (76, 103), (75, 105), (74, 106), (60, 116), (65, 112), (66, 111), (68, 108), (49, 104), (72, 108), (71, 110), (73, 107), (62, 116), (64, 113), (55, 110), (54, 112), (56, 109), (70, 108), (63, 115), (58, 112), (69, 112), (51, 106), (76, 105), (52, 105), (46, 101), (61, 117), (66, 113), (57, 110), (68, 110), (49, 106), (73, 109), (53, 106), (45, 102), (64, 115), (55, 112), (63, 117), (56, 111), (58, 114), (51, 108), (52, 107), (46, 103), (44, 103), (66, 115), (72, 103), (71, 105), (73, 102), (69, 111), (53, 108), (54, 107), (47, 101), (77, 102), (64, 117), (56, 113), (69, 107), (74, 103), (50, 103), (75, 102), (60, 113), (61, 112), (52, 109), (49, 101), (72, 105), (48, 105), (73, 104), (71, 107), (62, 113), (53, 110), (64, 110), (54, 109), (63, 112), (47, 103), (77, 104), (67, 112), (69, 109), (74, 105), (50, 105), (75, 104), (60, 115), (61, 114), (52, 111), (65, 114), (72, 107), (71, 109), (73, 106), (62, 115), (63, 114), (54, 111), (67, 114), (58, 111)}","{((77.5, 104.5), (77.5, 105.5)), ((49.5, 102.5), (50.5, 102.5)), ((62.5, 110.5), (63.5, 110.5)), ((46.5, 105.5), (46.5, 106.5)), ((57.5, 109.5), (58.5, 109.5)), ((47.5, 109.5), (47.5, 110.5)), ((59.5, 110.5), (60.5, 110.5)), ((51.5, 115.5), (52.5, 115.5)), ((76.5, 110.5), (76.5, 111.5)), ((47.5, 101.5), (48.5, 101.5)), ((74.5, 101.5), (75.5, 101.5)), ((71.5, 103.5), (72.5, 103.5)), ((48.5, 111.5), (49.5, 111.5)), ((55.5, 106.5), (55.5, 107.5)), ((51.5, 103.5), (51.5, 104.5)), ((50.5, 114.5), (51.5, 114.5)), ((46.5, 108.5), (47.5, 108.5)), ((75.5, 101.5), (76.5, 101.5)), ((72.5, 115.5), (73.5, 115.5)), ((74.5, 113.5), (75.5, 113.5)), ((64.5, 109.5), (64.5, 110.5)), ((77.5, 107.5), (77.5, 108.5)), ((53.5, 105.5), (53.5, 106.5)), ((52.5, 104.5), (52.5, 105.5)), ((56.5, 107.5), (56.5, 108.5)), ((76.5, 101.5), (77.5, 101.5)), ((56.5, 117.5), (56.5, 118.5)), ((66.5, 108.5), (67.5, 108.5)), ((58.5, 109.5), (59.5, 109.5)), ((46.5, 102.5), (46.5, 103.5)), ((47.5, 108.5), (47.5, 109.5)), ((62.5, 117.5), (63.5, 117.5)), ((69.5, 105.5), (69.5, 106.5)), ((71.5, 103.5), (71.5, 104.5)), ((55.5, 117.5), (56.5, 117.5)), ((70.5, 117.5), (71.5, 117.5)), ((72.5, 102.5), (73.5, 102.5)), ((66.5, 117.5), (67.5, 117.5)), ((46.5, 103.5), (46.5, 104.5)), ((74.5, 101.5), (74.5, 102.5)), ((61.5, 118.5), (62.5, 118.5)), ((77.5, 108.5), (77.5, 109.5)), ((63.5, 117.5), (64.5, 117.5)), ((72.5, 115.5), (72.5, 116.5)), ((74.5, 113.5), (74.5, 114.5)), ((64.5, 117.5), (65.5, 117.5)), ((59.5, 109.5), (59.5, 110.5)), ((50.5, 112.5), (50.5, 113.5)), ((69.5, 104.5), (70.5, 104.5)), ((71.5, 116.5), (72.5, 116.5)), ((59.5, 118.5), (60.5, 118.5)), ((53.5, 106.5), (54.5, 106.5)), ((51.5, 114.5), (51.5, 115.5)), ((77.5, 102.5), (77.5, 103.5)), ((48.5, 110.5), (48.5, 111.5)), ((68.5, 106.5), (69.5, 106.5)), ((77.5, 101.5), (77.5, 102.5)), ((49.5, 101.5), (49.5, 102.5)), ((62.5, 117.5), (62.5, 118.5)), ((50.5, 103.5), (51.5, 103.5)), ((53.5, 117.5), (54.5, 117.5)), ((60.5, 118.5), (61.5, 118.5)), ((66.5, 108.5), (66.5, 109.5)), ((49.5, 112.5), (50.5, 112.5)), ((72.5, 102.5), (72.5, 103.5)), ((71.5, 116.5), (71.5, 117.5)), ((54.5, 117.5), (55.5, 117.5)), ((67.5, 107.5), (68.5, 107.5)), ((76.5, 111.5), (76.5, 112.5)), ((56.5, 118.5), (57.5, 118.5)), ((63.5, 110.5), (64.5, 110.5)), ((49.5, 111.5), (49.5, 112.5)), ((60.5, 110.5), (61.5, 110.5)), ((52.5, 116.5), (53.5, 116.5)), ((75.5, 112.5), (76.5, 112.5)), ((77.5, 106.5), (77.5, 107.5)), ((57.5, 108.5), (57.5, 109.5)), ((67.5, 117.5), (68.5, 117.5)), ((68.5, 106.5), (68.5, 107.5)), ((51.5, 104.5), (52.5, 104.5)), ((69.5, 104.5), (69.5, 105.5)), ((52.5, 105.5), (53.5, 105.5)), ((52.5, 115.5), (52.5, 116.5)), ((76.5, 110.5), (77.5, 110.5)), ((56.5, 108.5), (57.5, 108.5)), ((50.5, 113.5), (50.5, 114.5)), ((54.5, 106.5), (55.5, 106.5)), ((50.5, 102.5), (50.5, 103.5)), ((47.5, 110.5), (48.5, 110.5)), ((57.5, 118.5), (58.5, 118.5)), ((73.5, 114.5), (73.5, 115.5)), ((75.5, 112.5), (75.5, 113.5)), ((64.5, 109.5), (65.5, 109.5)), ((70.5, 104.5), (71.5, 104.5)), ((77.5, 105.5), (77.5, 106.5)), ((67.5, 107.5), (67.5, 108.5)), ((48.5, 101.5), (49.5, 101.5)), ((65.5, 109.5), (66.5, 109.5)), ((68.5, 117.5), (69.5, 117.5)), ((55.5, 107.5), (56.5, 107.5)), ((69.5, 117.5), (70.5, 117.5)), ((77.5, 103.5), (77.5, 104.5)), ((65.5, 117.5), (66.5, 117.5)), ((46.5, 104.5), (46.5, 105.5)), ((46.5, 107.5), (46.5, 108.5)), ((46.5, 101.5), (47.5, 101.5)), ((73.5, 102.5), (74.5, 102.5)), ((58.5, 118.5), (59.5, 118.5)), ((61.5, 110.5), (62.5, 110.5)), ((73.5, 114.5), (74.5, 114.5)), ((46.5, 101.5), (46.5, 102.5)), ((77.5, 109.5), (77.5, 110.5)), ((53.5, 116.5), (53.5, 117.5)), ((46.5, 106.5), (46.5, 107.5))}","{((65.5, 115.5), (65.5, 116.5)), ((58.5, 110.5), (59.5, 110.5)), ((71.5, 110.5), (71.5, 111.5)), ((73.5, 108.5), (73.5, 109.5)), ((43.5, 103.5), (44.5, 103.5)), ((76.5, 105.5), (77.5, 105.5)), ((73.5, 107.5), (73.5, 108.5)), ((49.5, 109.5), (50.5, 109.5)), ((73.5, 106.5), (74.5, 106.5)), ((52.5, 103.5), (52.5, 104.5)), ((68.5, 105.5), (68.5, 106.5)), ((68.5, 113.5), (69.5, 113.5)), ((60.5, 116.5), (60.5, 117.5)), ((49.5, 108.5), (49.5, 109.5)), ((45.5, 103.5), (45.5, 104.5)), ((72.5, 109.5), (73.5, 109.5)), ((48.5, 100.5), (49.5, 100.5)), ((51.5, 110.5), (51.5, 111.5)), ((55.5, 107.5), (55.5, 108.5)), ((67.5, 113.5), (67.5, 114.5)), ((58.5, 116.5), (59.5, 116.5)), ((71.5, 101.5), (72.5, 101.5)), ((55.5, 113.5), (55.5, 114.5)), ((48.5, 106.5), (48.5, 107.5)), ((43.5, 102.5), (44.5, 102.5)), ((51.5, 111.5), (52.5, 111.5)), ((45.5, 105.5), (46.5, 105.5)), ((44.5, 101.5), (45.5, 101.5)), ((65.5, 108.5), (65.5, 109.5)), ((65.5, 115.5), (66.5, 115.5)), ((50.5, 109.5), (51.5, 109.5)), ((70.5, 111.5), (71.5, 111.5)), ((49.5, 107.5), (49.5, 108.5)), ((74.5, 100.5), (75.5, 100.5)), ((53.5, 113.5), (54.5, 113.5)), ((75.5, 105.5), (76.5, 105.5)), ((70.5, 103.5), (71.5, 103.5)), ((51.5, 109.5), (51.5, 110.5)), ((59.5, 116.5), (60.5, 116.5)), ((69.5, 103.5), (69.5, 104.5)), ((59.5, 110.5), (59.5, 111.5)), ((67.5, 106.5), (68.5, 106.5)), ((60.5, 117.5), (61.5, 117.5)), ((46.5, 100.5), (47.5, 100.5)), ((53.5, 105.5), (54.5, 105.5)), ((56.5, 109.5), (57.5, 109.5)), ((47.5, 100.5), (48.5, 100.5)), ((70.5, 111.5), (70.5, 112.5)), ((65.5, 108.5), (66.5, 108.5)), ((71.5, 109.5), (71.5, 110.5)), ((71.5, 101.5), (71.5, 102.5)), ((63.5, 109.5), (64.5, 109.5)), ((74.5, 106.5), (75.5, 106.5)), ((49.5, 100.5), (49.5, 101.5)), ((54.5, 113.5), (55.5, 113.5)), ((66.5, 115.5), (67.5, 115.5)), ((55.5, 114.5), (56.5, 114.5)), ((74.5, 100.5), (74.5, 101.5)), ((52.5, 112.5), (53.5, 112.5)), ((69.5, 103.5), (70.5, 103.5)), ((44.5, 101.5), (44.5, 102.5)), ((67.5, 114.5), (67.5, 115.5)), ((73.5, 101.5), (74.5, 101.5)), ((56.5, 114.5), (56.5, 115.5)), ((69.5, 112.5), (69.5, 113.5)), ((67.5, 106.5), (67.5, 107.5)), ((75.5, 105.5), (75.5, 106.5)), ((54.5, 105.5), (54.5, 106.5)), ((58.5, 115.5), (58.5, 116.5)), ((71.5, 109.5), (72.5, 109.5)), ((63.5, 109.5), (63.5, 110.5)), ((47.5, 105.5), (47.5, 106.5)), ((65.5, 116.5), (65.5, 117.5)), ((61.5, 117.5), (62.5, 117.5)), ((45.5, 104.5), (45.5, 105.5)), ((72.5, 101.5), (73.5, 101.5)), ((75.5, 100.5), (75.5, 101.5)), ((62.5, 110.5), (62.5, 111.5)), ((44.5, 103.5), (45.5, 103.5)), ((60.5, 111.5), (61.5, 111.5)), ((45.5, 100.5), (46.5, 100.5)), ((48.5, 107.5), (49.5, 107.5)), ((57.5, 115.5), (58.5, 115.5)), ((51.5, 103.5), (52.5, 103.5)), ((53.5, 112.5), (53.5, 113.5)), ((68.5, 105.5), (69.5, 105.5)), ((69.5, 112.5), (70.5, 112.5)), ((59.5, 111.5), (60.5, 111.5)), ((56.5, 115.5), (57.5, 115.5)), ((56.5, 108.5), (56.5, 109.5)), ((58.5, 109.5), (58.5, 110.5)), ((73.5, 106.5), (73.5, 107.5)), ((46.5, 105.5), (47.5, 105.5)), ((52.5, 111.5), (52.5, 112.5)), ((71.5, 102.5), (71.5, 103.5)), ((47.5, 106.5), (48.5, 106.5)), ((67.5, 113.5), (68.5, 113.5)), ((43.5, 102.5), (43.5, 103.5)), ((45.5, 100.5), (45.5, 101.5)), ((55.5, 108.5), (56.5, 108.5)), ((61.5, 111.5), (62.5, 111.5))}"
63,4Prj3A5sMvSv1sK4u5ihkzlnU,20190129,0.6821192052980132,6.324555320336759,0.5664739165697933,135.9375,0.8787878787878788,0.09649122807017543,"{(51, 105), (76, 107), (65, 116), (57, 112), (68, 112), (77, 99), (77, 108), (58, 113), (69, 113), (50, 109), (61, 118), (73, 110), (54, 106), (54, 115), (72, 114), (76, 102), (65, 111), (76, 111), (49, 103), (57, 116), (68, 116), (77, 103), (77, 112), (69, 108), (50, 104), (58, 117), (69, 117), (61, 113), (72, 109), (53, 105), (53, 114), (64, 114), (76, 106), (46, 102), (65, 115), (57, 111), (68, 111), (49, 107), (77, 98), (77, 107), (50, 108), (75, 110), (72, 104), (72, 113), (53, 109), (56, 114), (76, 101), (65, 110), (76, 110), (49, 102), (57, 115), (68, 115), (49, 111), (71, 117), (75, 105), (60, 116), (52, 112), (75, 114), (72, 108), (53, 104), (72, 117), (53, 113), (64, 113), (56, 109), (56, 118), (76, 105), (57, 110), (68, 110), (49, 106), (71, 112), (63, 117), (60, 111), (52, 107), (75, 109), (72, 103), (72, 112), (53, 108), (64, 117), (56, 113), (76, 100), (49, 101), (48, 105), (71, 107), (71, 116), (63, 112), (75, 104), (60, 115), (52, 111), (75, 113), (72, 107), (56, 108), (78, 105), (67, 114), (59, 110), (70, 110), (48, 109), (71, 111), (63, 116), (60, 110), (52, 106), (75, 108), (52, 115), (74, 112), (66, 117), (78, 100), (55, 107), (67, 109), (78, 109), (70, 105), (55, 116), (67, 118), (59, 114), (70, 114), (48, 104), (71, 106), (71, 115), (63, 111), (52, 110), (74, 107), (51, 114), (74, 116), (66, 112), (78, 104), (55, 111), (67, 113), (47, 107), (70, 109), (59, 118), (70, 118), (48, 108), (74, 102), (51, 109), (74, 111), (66, 116), (78, 99), (78, 108), (47, 102), (55, 115), (59, 113), (70, 113), (48, 103), (73, 105), (62, 114), (73, 114), (54, 110), (51, 104), (74, 106), (51, 113), (74, 115), (66, 111), (78, 103), (55, 110), (47, 106), (70, 108), (58, 112), (69, 112), (61, 117), (73, 109), (54, 105), (54, 114), (51, 108), (74, 110), (66, 115), (78, 98), (47, 101), (77, 102), (77, 111), (69, 107), (50, 103), (58, 116), (69, 116), (50, 112), (61, 112), (73, 104), (62, 113), (73, 113), (54, 109), (51, 103), (74, 105), (51, 112), (65, 114), (76, 114), (77, 106), (69, 111), (58, 111), (50, 107), (61, 116), (73, 108), (73, 117), (54, 113), (76, 109), (46, 105), (65, 118), (57, 114), (68, 114), (49, 110), (77, 101), (77, 110), (50, 102), (58, 115), (69, 115), (50, 111), (61, 111), (73, 103), (54, 108), (72, 116), (53, 112), (64, 112), (56, 117), (76, 104), (65, 113), (76, 113), (57, 109), (68, 109), (49, 105), (57, 118), (68, 118), (77, 105), (58, 110), (69, 110), (50, 106), (61, 115), (72, 111), (53, 107), (53, 116), (64, 116), (56, 112), (76, 99), (76, 108), (46, 104), (65, 117), (57, 113), (68, 113), (49, 109), (77, 100), (50, 101), (75, 103), (60, 114), (75, 112), (72, 106), (72, 115), (53, 111), (64, 111), (56, 116), (76, 103), (65, 112), (76, 112), (57, 108), (68, 108), (49, 104), (57, 117), (68, 117), (71, 110), (63, 115), (52, 105), (75, 107), (60, 118), (52, 114), (72, 110), (53, 106), (53, 115), (64, 115), (56, 111), (67, 117), (46, 103), (49, 108), (71, 105), (71, 114), (75, 102), (60, 113), (52, 109), (75, 111), (72, 105), (53, 110), (56, 115), (67, 112), (59, 117), (70, 117), (48, 107), (71, 109), (71, 118), (63, 114), (52, 104), (75, 106), (60, 117), (52, 113), (75, 115), (56, 110), (78, 107), (55, 114), (67, 116), (59, 112), (70, 112), (48, 102), (71, 104), (71, 113), (75, 101), (60, 112), (52, 108), (74, 114), (66, 110), (78, 102), (55, 109), (67, 111), (78, 111), (47, 105), (70, 107), (55, 118), (59, 116), (70, 116), (48, 106), (71, 108), (63, 113), (62, 117), (52, 103), (51, 107), (74, 109), (66, 114), (78, 106), (55, 113), (67, 115), (59, 111), (70, 111), (48, 101), (48, 110), (62, 112), (73, 112), (54, 117), (51, 102), (74, 104), (51, 111), (74, 113), (66, 109), (66, 118), (78, 101), (55, 108), (67, 110), (78, 110), (47, 104), (70, 106), (55, 117), (59, 115), (70, 115), (73, 107), (62, 116), (73, 116), (54, 112), (51, 106), (74, 108), (66, 113), (55, 112), (47, 108), (77, 109), (58, 114), (69, 114), (50, 110), (73, 102), (62, 111), (73, 111), (54, 107), (54, 116), (74, 103), (51, 110), (47, 103), (77, 104), (77, 113), (58, 109), (69, 109), (50, 105), (58, 118), (69, 118), (61, 114), (73, 106), (62, 115), (73, 115), (54, 111)}","{(51, 105), (50, 107), (52, 104), (75, 106), (59, 110), (70, 110), (61, 116), (48, 100), (65, 116), (57, 112), (71, 111), (68, 112), (45, 101), (63, 116), (54, 113), (56, 110), (58, 113), (69, 113), (59, 112), (50, 109), (52, 106), (70, 112), (48, 102), (71, 104), (57, 114), (68, 114), (54, 106), (45, 103), (77, 101), (78, 100), (55, 107), (69, 106), (67, 109), (70, 105), (50, 102), (75, 101), (58, 115), (60, 112), (59, 114), (61, 111), (52, 108), (76, 102), (79, 101), (65, 111), (66, 110), (68, 107), (48, 104), (73, 103), (49, 103), (71, 106), (54, 108), (77, 103), (78, 102), (53, 112), (55, 109), (69, 108), (67, 111), (70, 107), (50, 104), (64, 112), (61, 113), (52, 110), (76, 104), (79, 103), (46, 100), (65, 113), (66, 112), (68, 109), (71, 108), (49, 105), (63, 113), (72, 109), (77, 105), (78, 104), (64, 114), (55, 111), (58, 110), (69, 110), (70, 109), (50, 106), (67, 113), (61, 115), (51, 107), (46, 102), (65, 115), (66, 114), (57, 111), (68, 111), (72, 102), (53, 107), (80, 103), (47, 100), (64, 116), (55, 113), (67, 115), (56, 112), (59, 111), (50, 108), (70, 111), (74, 102), (51, 109), (46, 104), (48, 101), (49, 100), (57, 113), (68, 113), (72, 104), (77, 100), (62, 112), (53, 109), (69, 105), (70, 104), (47, 102), (56, 114), (59, 113), (70, 113), (74, 104), (76, 101), (75, 103), (60, 114), (66, 109), (68, 106), (48, 103), (49, 102), (57, 115), (68, 115), (72, 106), (73, 105), (78, 101), (62, 114), (53, 111), (55, 108), (54, 110), (67, 110), (47, 104), (70, 106), (59, 115), (51, 104), (76, 103), (75, 105), (74, 106), (46, 99), (65, 112), (66, 111), (68, 108), (49, 104), (72, 108), (71, 110), (73, 107), (78, 103), (45, 100), (62, 116), (64, 113), (55, 110), (54, 112), (56, 109), (70, 108), (63, 115), (58, 112), (69, 112), (51, 106), (76, 105), (52, 105), (46, 101), (66, 113), (57, 110), (68, 110), (49, 106), (53, 106), (45, 102), (64, 115), (55, 112), (56, 111), (75, 100), (58, 114), (60, 111), (51, 108), (52, 107), (46, 103), (79, 100), (66, 115), (72, 103), (71, 105), (73, 102), (69, 111), (53, 108), (54, 107), (47, 101), (77, 102), (56, 113), (69, 107), (74, 103), (76, 100), (75, 102), (50, 103), (60, 113), (61, 112), (52, 109), (49, 101), (79, 102), (72, 105), (48, 105), (73, 104), (71, 107), (62, 113), (53, 110), (63, 112), (54, 109), (47, 103), (77, 104), (67, 112), (69, 109), (51, 103), (50, 105), (75, 104), (74, 105), (60, 115), (61, 114), (52, 111), (65, 114), (72, 107), (71, 109), (73, 106), (62, 115), (63, 114), (54, 111), (67, 114), (58, 111)}","{((62.5, 110.5), (63.5, 110.5)), ((54.5, 104.5), (54.5, 105.5)), ((46.5, 105.5), (46.5, 106.5)), ((58.5, 108.5), (58.5, 109.5)), ((51.5, 102.5), (52.5, 102.5)), ((47.5, 109.5), (47.5, 110.5)), ((73.5, 116.5), (74.5, 116.5)), ((51.5, 115.5), (52.5, 115.5)), ((48.5, 111.5), (49.5, 111.5)), ((55.5, 106.5), (55.5, 107.5)), ((50.5, 114.5), (51.5, 114.5)), ((46.5, 108.5), (47.5, 108.5)), ((50.5, 100.5), (50.5, 101.5)), ((45.5, 103.5), (45.5, 104.5)), ((70.5, 118.5), (71.5, 118.5)), ((46.5, 100.5), (46.5, 101.5)), ((48.5, 100.5), (49.5, 100.5)), ((64.5, 109.5), (64.5, 110.5)), ((78.5, 105.5), (78.5, 106.5)), ((78.5, 110.5), (78.5, 111.5)), ((78.5, 109.5), (78.5, 110.5)), ((78.5, 98.5), (78.5, 99.5)), ((78.5, 107.5), (78.5, 108.5)), ((66.5, 108.5), (67.5, 108.5)), ((58.5, 109.5), (59.5, 109.5)), ((47.5, 108.5), (47.5, 109.5)), ((73.5, 116.5), (73.5, 117.5)), ((71.5, 117.5), (72.5, 117.5)), ((68.5, 118.5), (69.5, 118.5)), ((45.5, 105.5), (46.5, 105.5)), ((65.5, 108.5), (65.5, 109.5)), ((69.5, 105.5), (69.5, 106.5)), ((62.5, 117.5), (63.5, 117.5)), ((59.5, 109.5), (60.5, 109.5)), ((76.5, 113.5), (76.5, 114.5)), ((69.5, 118.5), (70.5, 118.5)), ((65.5, 118.5), (66.5, 118.5)), ((74.5, 100.5), (75.5, 100.5)), ((76.5, 97.5), (76.5, 98.5)), ((57.5, 108.5), (58.5, 108.5)), ((78.5, 99.5), (78.5, 100.5)), ((78.5, 102.5), (78.5, 103.5)), ((70.5, 103.5), (71.5, 103.5)), ((66.5, 118.5), (67.5, 118.5)), ((56.5, 107.5), (57.5, 107.5)), ((49.5, 100.5), (50.5, 100.5)), ((63.5, 117.5), (64.5, 117.5)), ((67.5, 118.5), (68.5, 118.5)), ((55.5, 118.5), (56.5, 118.5)), ((78.5, 101.5), (78.5, 102.5)), ((46.5, 100.5), (47.5, 100.5)), ((54.5, 118.5), (55.5, 118.5)), ((78.5, 100.5), (78.5, 101.5)), ((53.5, 103.5), (53.5, 104.5)), ((50.5, 112.5), (50.5, 113.5)), ((69.5, 104.5), (70.5, 104.5)), ((51.5, 101.5), (51.5, 102.5)), ((59.5, 118.5), (60.5, 118.5)), ((47.5, 100.5), (48.5, 100.5)), ((76.5, 97.5), (77.5, 97.5)), ((51.5, 114.5), (51.5, 115.5)), ((65.5, 108.5), (66.5, 108.5)), ((48.5, 110.5), (48.5, 111.5)), ((77.5, 97.5), (78.5, 97.5)), ((68.5, 106.5), (69.5, 106.5)), ((75.5, 98.5), (76.5, 98.5)), ((75.5, 99.5), (75.5, 100.5)), ((78.5, 108.5), (78.5, 109.5)), ((72.5, 101.5), (72.5, 102.5)), ((77.5, 111.5), (77.5, 112.5)), ((75.5, 114.5), (76.5, 114.5)), ((78.5, 97.5), (78.5, 98.5)), ((53.5, 117.5), (54.5, 117.5)), ((57.5, 107.5), (57.5, 108.5)), ((71.5, 117.5), (71.5, 118.5)), ((60.5, 118.5), (61.5, 118.5)), ((72.5, 117.5), (73.5, 117.5)), ((49.5, 112.5), (50.5, 112.5)), ((74.5, 100.5), (74.5, 101.5)), ((60.5, 109.5), (60.5, 110.5)), ((67.5, 107.5), (68.5, 107.5)), ((53.5, 104.5), (54.5, 104.5)), ((77.5, 112.5), (77.5, 113.5)), ((45.5, 101.5), (46.5, 101.5)), ((56.5, 118.5), (57.5, 118.5)), ((73.5, 101.5), (74.5, 101.5)), ((63.5, 110.5), (64.5, 110.5)), ((78.5, 103.5), (78.5, 104.5)), ((49.5, 111.5), (49.5, 112.5)), ((54.5, 105.5), (54.5, 106.5)), ((60.5, 110.5), (61.5, 110.5)), ((52.5, 116.5), (53.5, 116.5)), ((78.5, 106.5), (78.5, 107.5)), ((75.5, 98.5), (75.5, 99.5)), ((70.5, 103.5), (70.5, 104.5)), ((52.5, 102.5), (52.5, 103.5)), ((64.5, 118.5), (65.5, 118.5)), ((68.5, 106.5), (68.5, 107.5)), ((69.5, 104.5), (69.5, 105.5)), ((52.5, 115.5), (52.5, 116.5)), ((74.5, 115.5), (74.5, 116.5)), ((75.5, 114.5), (75.5, 115.5)), ((52.5, 103.5), (53.5, 103.5)), ((61.5, 117.5), (62.5, 117.5)), ((50.5, 113.5), (50.5, 114.5)), ((78.5, 104.5), (78.5, 105.5)), ((45.5, 104.5), (45.5, 105.5)), ((64.5, 117.5), (64.5, 118.5)), ((72.5, 101.5), (73.5, 101.5)), ((54.5, 117.5), (54.5, 118.5)), ((71.5, 102.5), (72.5, 102.5)), ((54.5, 106.5), (55.5, 106.5)), ((77.5, 111.5), (78.5, 111.5)), ((47.5, 110.5), (48.5, 110.5)), ((50.5, 101.5), (51.5, 101.5)), ((57.5, 118.5), (58.5, 118.5)), ((64.5, 109.5), (65.5, 109.5)), ((67.5, 107.5), (67.5, 108.5)), ((45.5, 102.5), (45.5, 103.5)), ((55.5, 107.5), (56.5, 107.5)), ((46.5, 107.5), (46.5, 108.5)), ((61.5, 117.5), (61.5, 118.5)), ((58.5, 118.5), (59.5, 118.5)), ((76.5, 113.5), (77.5, 113.5)), ((74.5, 115.5), (75.5, 115.5)), ((45.5, 101.5), (45.5, 102.5)), ((71.5, 102.5), (71.5, 103.5)), ((61.5, 110.5), (62.5, 110.5)), ((53.5, 116.5), (53.5, 117.5)), ((46.5, 106.5), (46.5, 107.5))}","{((77.5, 104.5), (77.5, 105.5)), ((65.5, 115.5), (65.5, 116.5)), ((71.5, 110.5), (71.5, 111.5)), ((57.5, 109.5), (58.5, 109.5)), ((76.5, 105.5), (77.5, 105.5)), ((67.5, 105.5), (68.5, 105.5)), ((59.5, 110.5), (60.5, 110.5)), ((49.5, 109.5), (50.5, 109.5)), ((73.5, 106.5), (74.5, 106.5)), ((52.5, 103.5), (52.5, 104.5)), ((78.5, 99.5), (79.5, 99.5)), ((51.5, 102.5), (51.5, 103.5)), ((68.5, 113.5), (69.5, 113.5)), ((49.5, 108.5), (49.5, 109.5)), ((44.5, 102.5), (44.5, 103.5)), ((51.5, 110.5), (51.5, 111.5)), ((61.5, 110.5), (61.5, 111.5)), ((55.5, 107.5), (55.5, 108.5)), ((49.5, 101.5), (50.5, 101.5)), ((67.5, 115.5), (68.5, 115.5)), ((72.5, 107.5), (73.5, 107.5)), ((74.5, 99.5), (75.5, 99.5)), ((52.5, 104.5), (52.5, 105.5)), ((71.5, 101.5), (72.5, 101.5)), ((49.5, 106.5), (49.5, 107.5)), ((55.5, 113.5), (55.5, 114.5)), ((45.5, 98.5), (46.5, 98.5)), ((51.5, 111.5), (52.5, 111.5)), ((65.5, 115.5), (66.5, 115.5)), ((70.5, 112.5), (70.5, 113.5)), ((68.5, 104.5), (68.5, 105.5)), ((77.5, 104.5), (78.5, 104.5)), ((50.5, 109.5), (51.5, 109.5)), ((70.5, 111.5), (71.5, 111.5)), ((78.5, 103.5), (79.5, 103.5)), ((44.5, 100.5), (44.5, 101.5)), ((49.5, 107.5), (49.5, 108.5)), ((53.5, 113.5), (54.5, 113.5)), ((75.5, 105.5), (76.5, 105.5)), ((51.5, 109.5), (51.5, 110.5)), ((75.5, 99.5), (76.5, 99.5)), ((64.5, 116.5), (65.5, 116.5)), ((69.5, 103.5), (69.5, 104.5)), ((60.5, 116.5), (61.5, 116.5)), ((77.5, 99.5), (78.5, 99.5)), ((47.5, 99.5), (48.5, 99.5)), ((59.5, 109.5), (59.5, 110.5)), ((53.5, 105.5), (54.5, 105.5)), ((48.5, 99.5), (49.5, 99.5)), ((56.5, 109.5), (57.5, 109.5)), ((48.5, 105.5), (48.5, 106.5)), ((79.5, 99.5), (79.5, 100.5)), ((68.5, 113.5), (68.5, 114.5)), ((70.5, 111.5), (70.5, 112.5)), ((71.5, 109.5), (71.5, 110.5)), ((50.5, 102.5), (51.5, 102.5)), ((44.5, 99.5), (45.5, 99.5)), ((59.5, 115.5), (60.5, 115.5)), ((71.5, 101.5), (71.5, 102.5)), ((74.5, 106.5), (75.5, 106.5)), ((49.5, 100.5), (49.5, 101.5)), ((45.5, 104.5), (46.5, 104.5)), ((54.5, 113.5), (55.5, 113.5)), ((66.5, 115.5), (67.5, 115.5)), ((45.5, 98.5), (45.5, 99.5)), ((55.5, 114.5), (56.5, 114.5)), ((68.5, 114.5), (68.5, 115.5)), ((69.5, 113.5), (70.5, 113.5)), ((52.5, 112.5), (53.5, 112.5)), ((69.5, 103.5), (70.5, 103.5)), ((44.5, 101.5), (44.5, 102.5)), ((65.5, 109.5), (65.5, 110.5)), ((63.5, 116.5), (64.5, 116.5)), ((47.5, 104.5), (47.5, 105.5)), ((46.5, 98.5), (46.5, 99.5)), ((72.5, 108.5), (72.5, 109.5)), ((56.5, 114.5), (56.5, 115.5)), ((75.5, 105.5), (75.5, 106.5)), ((67.5, 106.5), (67.5, 107.5)), ((71.5, 109.5), (72.5, 109.5)), ((62.5, 111.5), (63.5, 111.5)), ((46.5, 104.5), (47.5, 104.5)), ((62.5, 116.5), (63.5, 116.5)), ((52.5, 105.5), (53.5, 105.5)), ((46.5, 99.5), (47.5, 99.5)), ((79.5, 100.5), (79.5, 101.5)), ((74.5, 99.5), (74.5, 100.5)), ((79.5, 103.5), (80.5, 103.5)), ((44.5, 103.5), (45.5, 103.5)), ((61.5, 116.5), (62.5, 116.5)), ((64.5, 110.5), (65.5, 110.5)), ((76.5, 99.5), (77.5, 99.5)), ((67.5, 105.5), (67.5, 106.5)), ((47.5, 105.5), (48.5, 105.5)), ((57.5, 115.5), (58.5, 115.5)), ((49.5, 99.5), (49.5, 100.5)), ((53.5, 112.5), (53.5, 113.5)), ((44.5, 99.5), (44.5, 100.5)), ((51.5, 103.5), (52.5, 103.5)), ((61.5, 111.5), (62.5, 111.5)), ((60.5, 115.5), (60.5, 116.5)), ((79.5, 101.5), (79.5, 102.5)), ((58.5, 115.5), (59.5, 115.5)), ((72.5, 107.5), (72.5, 108.5)), ((63.5, 111.5), (64.5, 111.5)), ((56.5, 115.5), (57.5, 115.5)), ((56.5, 108.5), (56.5, 109.5)), ((68.5, 104.5), (69.5, 104.5)), ((73.5, 106.5), (73.5, 107.5)), ((52.5, 111.5), (52.5, 112.5)), ((50.5, 101.5), (50.5, 102.5)), ((79.5, 102.5), (80.5, 102.5)), ((48.5, 106.5), (49.5, 106.5)), ((80.5, 102.5), (80.5, 103.5)), ((55.5, 108.5), (56.5, 108.5)), ((64.5, 110.5), (64.5, 111.5))}"
64,4Prj3A5sMvSv1sK4u5ihkzlnU,20190129,0.5788667687595712,10.04987562112089,1.0036859044179463,117.1875,0.7936507936507936,0.1,"{(51, 105), (76, 107), (65, 116), (57, 112), (68, 112), (77, 90), (77, 99), (77, 108), (50, 100), (58, 113), (69, 113), (50, 109), (62, 110), (73, 110), (54, 106), (54, 115), (72, 114), (76, 102), (46, 98), (65, 111), (76, 111), (68, 107), (49, 103), (57, 116), (68, 116), (77, 94), (77, 103), (77, 112), (69, 108), (50, 104), (58, 117), (69, 117), (61, 113), (72, 109), (53, 105), (53, 114), (64, 114), (76, 97), (76, 106), (46, 102), (65, 115), (76, 115), (57, 111), (68, 111), (77, 89), (49, 107), (77, 98), (77, 107), (50, 108), (75, 110), (72, 104), (72, 113), (53, 109), (56, 114), (76, 101), (65, 110), (76, 110), (49, 102), (57, 115), (68, 115), (77, 93), (49, 111), (71, 117), (75, 105), (60, 116), (52, 112), (75, 114), (72, 108), (53, 104), (72, 117), (53, 113), (64, 113), (56, 109), (56, 118), (76, 105), (46, 101), (57, 110), (68, 110), (49, 106), (79, 107), (71, 112), (63, 117), (75, 100), (60, 111), (52, 107), (75, 109), (72, 103), (72, 112), (53, 108), (64, 117), (56, 113), (76, 100), (49, 101), (79, 102), (48, 105), (71, 107), (71, 116), (63, 112), (52, 102), (75, 104), (60, 115), (52, 111), (75, 113), (72, 107), (53, 103), (56, 108), (78, 105), (67, 114), (59, 110), (70, 110), (79, 97), (79, 106), (48, 100), (48, 109), (71, 111), (63, 116), (75, 99), (60, 110), (52, 106), (75, 108), (52, 115), (74, 112), (66, 117), (78, 100), (55, 107), (67, 109), (78, 109), (70, 105), (55, 116), (59, 114), (70, 114), (79, 92), (79, 101), (48, 104), (71, 106), (71, 115), (63, 111), (52, 110), (74, 107), (51, 114), (74, 116), (66, 112), (78, 95), (78, 104), (47, 98), (55, 111), (67, 113), (47, 107), (59, 109), (70, 109), (59, 118), (70, 118), (79, 96), (79, 105), (48, 99), (48, 108), (74, 102), (51, 109), (74, 111), (66, 116), (78, 90), (78, 99), (55, 106), (67, 108), (78, 108), (47, 102), (55, 115), (59, 113), (70, 113), (79, 91), (48, 103), (73, 105), (62, 114), (73, 114), (54, 110), (51, 104), (74, 106), (51, 113), (74, 115), (66, 111), (78, 94), (78, 103), (55, 110), (47, 106), (70, 108), (58, 112), (69, 112), (61, 117), (73, 109), (54, 105), (54, 114), (74, 101), (51, 108), (74, 110), (66, 115), (78, 89), (78, 98), (47, 101), (77, 102), (77, 111), (69, 107), (50, 103), (58, 116), (69, 116), (50, 112), (61, 112), (73, 104), (62, 113), (73, 113), (54, 109), (51, 103), (74, 105), (51, 112), (65, 114), (76, 114), (77, 97), (77, 106), (69, 111), (58, 111), (50, 107), (61, 116), (73, 108), (54, 104), (73, 117), (54, 113), (76, 109), (46, 105), (57, 114), (68, 114), (77, 92), (49, 110), (77, 101), (77, 110), (69, 106), (50, 102), (58, 115), (69, 115), (50, 111), (61, 111), (73, 103), (54, 108), (72, 116), (53, 112), (64, 112), (56, 117), (76, 104), (46, 100), (65, 113), (76, 113), (57, 109), (68, 109), (49, 105), (57, 118), (68, 118), (77, 96), (77, 105), (58, 110), (69, 110), (50, 106), (61, 115), (72, 111), (53, 107), (53, 116), (64, 116), (56, 112), (76, 99), (76, 108), (46, 104), (65, 117), (49, 100), (57, 113), (68, 113), (77, 91), (49, 109), (77, 100), (50, 101), (75, 103), (60, 114), (75, 112), (72, 106), (72, 115), (53, 111), (64, 111), (56, 107), (56, 116), (76, 103), (46, 99), (65, 112), (76, 112), (57, 108), (68, 108), (49, 104), (57, 117), (68, 117), (71, 110), (63, 115), (52, 105), (75, 107), (60, 118), (52, 114), (75, 116), (72, 110), (53, 106), (53, 115), (64, 115), (56, 111), (76, 98), (67, 117), (46, 103), (49, 99), (79, 100), (49, 108), (79, 109), (71, 105), (71, 114), (63, 110), (75, 102), (60, 113), (52, 109), (75, 111), (72, 105), (53, 110), (64, 110), (56, 115), (67, 112), (78, 112), (59, 117), (70, 117), (79, 104), (48, 107), (71, 109), (71, 118), (63, 114), (52, 104), (75, 106), (60, 117), (52, 113), (75, 115), (45, 101), (56, 110), (78, 107), (55, 114), (67, 116), (59, 112), (70, 112), (79, 90), (79, 99), (79, 108), (48, 102), (71, 104), (71, 113), (75, 101), (60, 112), (52, 108), (74, 114), (66, 110), (78, 93), (78, 102), (55, 109), (67, 111), (78, 111), (47, 105), (70, 107), (55, 118), (59, 116), (70, 116), (79, 103), (48, 106), (71, 108), (63, 113), (62, 117), (52, 103), (74, 100), (51, 107), (74, 109), (66, 114), (78, 97), (78, 106), (47, 100), (55, 113), (67, 115), (59, 111), (70, 111), (79, 98), (48, 101), (62, 112), (73, 112), (54, 117), (51, 102), (74, 104), (51, 111), (74, 113), (66, 109), (78, 92), (78, 101), (55, 108), (67, 110), (78, 110), (47, 104), (70, 106), (55, 117), (59, 115), (77, 114), (70, 115), (73, 107), (62, 116), (73, 116), (54, 112), (51, 106), (74, 108), (66, 113), (78, 96), (47, 99), (55, 112), (47, 108), (77, 109), (58, 114), (69, 114), (50, 110), (61, 110), (73, 102), (62, 111), (73, 111), (54, 107), (54, 116), (51, 101), (74, 103), (51, 110), (78, 91), (77, 95), (47, 103), (77, 104), (77, 113), (58, 109), (69, 109), (50, 105), (58, 118), (69, 118), (61, 114), (73, 106), (62, 115), (73, 115), (54, 111)}","{(51, 105), (59, 110), (52, 104), (48, 100), (57, 112), (54, 104), (77, 99), (56, 110), (67, 107), (69, 104), (50, 100), (58, 113), (60, 110), (59, 112), (52, 106), (68, 105), (48, 102), (73, 101), (71, 104), (62, 110), (54, 106), (77, 101), (78, 100), (55, 107), (69, 106), (67, 109), (51, 100), (50, 102), (75, 101), (70, 105), (60, 112), (59, 114), (61, 111), (52, 108), (76, 102), (65, 111), (66, 110), (68, 107), (71, 106), (73, 103), (49, 103), (63, 111), (54, 108), (77, 103), (78, 102), (64, 112), (55, 109), (58, 108), (69, 108), (70, 107), (50, 104), (67, 111), (61, 113), (76, 104), (46, 100), (65, 113), (66, 112), (57, 109), (71, 108), (68, 109), (63, 113), (53, 105), (64, 114), (55, 111), (58, 110), (69, 110), (59, 109), (50, 106), (52, 103), (70, 109), (67, 113), (74, 100), (61, 115), (46, 102), (48, 99), (57, 111), (68, 111), (72, 102), (53, 107), (55, 104), (67, 106), (47, 100), (56, 112), (59, 111), (74, 102), (66, 107), (48, 101), (71, 103), (49, 100), (57, 113), (72, 104), (77, 100), (62, 112), (53, 109), (55, 106), (69, 105), (67, 108), (70, 104), (47, 102), (50, 101), (59, 113), (51, 102), (76, 101), (75, 103), (74, 104), (60, 114), (65, 110), (66, 109), (68, 106), (48, 103), (49, 102), (72, 106), (73, 105), (78, 101), (62, 114), (64, 111), (55, 108), (54, 110), (56, 107), (70, 106), (67, 110), (51, 104), (76, 103), (75, 105), (46, 99), (65, 112), (66, 111), (57, 108), (68, 108), (49, 104), (53, 104), (78, 103), (45, 100), (64, 113), (55, 110), (63, 115), (56, 109), (59, 108), (70, 108), (58, 112), (51, 106), (52, 105), (46, 101), (66, 113), (57, 110), (68, 110), (72, 101), (73, 100), (53, 106), (54, 105), (47, 99), (64, 115), (56, 111), (74, 101), (75, 100), (60, 111), (61, 110), (52, 107), (46, 103), (49, 99), (79, 100), (72, 103), (71, 105), (73, 102), (62, 111), (53, 108), (55, 105), (54, 107), (63, 110), (47, 101), (77, 102), (69, 107), (51, 101), (76, 100), (75, 102), (50, 103), (74, 103), (60, 113), (61, 112), (52, 109), (66, 108), (49, 101), (72, 105), (71, 107), (73, 104), (62, 113), (64, 110), (63, 112), (54, 109), (56, 106), (47, 103), (77, 104), (67, 112), (58, 109), (69, 109), (51, 103), (50, 105), (52, 102), (75, 104), (74, 105), (61, 114), (65, 114), (72, 107), (71, 109), (73, 106), (53, 103), (62, 115), (63, 114), (56, 108), (58, 111)}","{((78.5, 109.5), (79.5, 109.5)), ((54.5, 104.5), (54.5, 105.5)), ((51.5, 115.5), (52.5, 115.5)), ((47.5, 97.5), (47.5, 98.5)), ((48.5, 98.5), (49.5, 98.5)), ((50.5, 114.5), (51.5, 114.5)), ((45.5, 103.5), (45.5, 104.5)), ((79.5, 95.5), (79.5, 96.5)), ((61.5, 109.5), (62.5, 109.5)), ((73.5, 99.5), (73.5, 100.5)), ((62.5, 109.5), (63.5, 109.5)), ((78.5, 109.5), (78.5, 110.5)), ((60.5, 117.5), (60.5, 118.5)), ((71.5, 117.5), (72.5, 117.5)), ((68.5, 118.5), (69.5, 118.5)), ((45.5, 105.5), (46.5, 105.5)), ((65.5, 108.5), (65.5, 109.5)), ((69.5, 118.5), (70.5, 118.5)), ((58.5, 108.5), (59.5, 108.5)), ((75.5, 115.5), (76.5, 115.5)), ((44.5, 100.5), (44.5, 101.5)), ((57.5, 108.5), (58.5, 108.5)), ((59.5, 108.5), (59.5, 109.5)), ((52.5, 101.5), (52.5, 102.5)), ((55.5, 106.5), (56.5, 106.5)), ((78.5, 92.5), (79.5, 92.5)), ((76.5, 95.5), (76.5, 96.5)), ((63.5, 117.5), (64.5, 117.5)), ((64.5, 117.5), (65.5, 117.5)), ((55.5, 118.5), (56.5, 118.5)), ((66.5, 107.5), (67.5, 107.5)), ((76.5, 93.5), (76.5, 94.5)), ((67.5, 106.5), (68.5, 106.5)), ((60.5, 117.5), (61.5, 117.5)), ((77.5, 88.5), (78.5, 88.5)), ((50.5, 112.5), (50.5, 113.5)), ((44.5, 100.5), (45.5, 100.5)), ((53.5, 102.5), (53.5, 103.5)), ((75.5, 115.5), (75.5, 116.5)), ((76.5, 114.5), (77.5, 114.5)), ((51.5, 114.5), (51.5, 115.5)), ((65.5, 108.5), (66.5, 108.5)), ((72.5, 101.5), (72.5, 102.5)), ((48.5, 109.5), (48.5, 110.5)), ((76.5, 94.5), (76.5, 95.5)), ((78.5, 92.5), (78.5, 93.5)), ((79.5, 98.5), (79.5, 99.5)), ((49.5, 98.5), (49.5, 99.5)), ((53.5, 117.5), (54.5, 117.5)), ((72.5, 117.5), (73.5, 117.5)), ((75.5, 97.5), (75.5, 98.5)), ((79.5, 91.5), (79.5, 92.5)), ((50.5, 99.5), (50.5, 100.5)), ((66.5, 107.5), (66.5, 108.5)), ((77.5, 112.5), (77.5, 113.5)), ((56.5, 118.5), (57.5, 118.5)), ((74.5, 98.5), (74.5, 99.5)), ((49.5, 111.5), (49.5, 112.5)), ((67.5, 106.5), (67.5, 107.5)), ((49.5, 99.5), (50.5, 99.5)), ((74.5, 116.5), (75.5, 116.5)), ((79.5, 97.5), (79.5, 98.5)), ((51.5, 101.5), (52.5, 101.5)), ((69.5, 104.5), (69.5, 105.5)), ((52.5, 115.5), (52.5, 116.5)), ((79.5, 100.5), (79.5, 101.5)), ((61.5, 117.5), (62.5, 117.5)), ((67.5, 117.5), (67.5, 118.5)), ((76.5, 92.5), (76.5, 93.5)), ((79.5, 106.5), (79.5, 107.5)), ((57.5, 118.5), (58.5, 118.5)), ((77.5, 112.5), (78.5, 112.5)), ((54.5, 103.5), (54.5, 104.5)), ((60.5, 109.5), (61.5, 109.5)), ((78.5, 95.5), (79.5, 95.5)), ((45.5, 97.5), (46.5, 97.5)), ((45.5, 99.5), (45.5, 100.5)), ((45.5, 102.5), (45.5, 103.5)), ((78.5, 94.5), (78.5, 95.5)), ((58.5, 118.5), (59.5, 118.5)), ((50.5, 100.5), (51.5, 100.5)), ((73.5, 99.5), (74.5, 99.5)), ((46.5, 108.5), (47.5, 108.5)), ((79.5, 102.5), (79.5, 103.5)), ((46.5, 105.5), (46.5, 106.5)), ((73.5, 116.5), (74.5, 116.5)), ((46.5, 97.5), (47.5, 97.5)), ((48.5, 111.5), (49.5, 111.5)), ((76.5, 91.5), (76.5, 92.5)), ((68.5, 105.5), (68.5, 106.5)), ((76.5, 89.5), (76.5, 90.5)), ((79.5, 107.5), (79.5, 108.5)), ((70.5, 118.5), (71.5, 118.5)), ((78.5, 110.5), (78.5, 111.5)), ((75.5, 96.5), (75.5, 97.5)), ((45.5, 97.5), (45.5, 98.5)), ((78.5, 88.5), (78.5, 89.5)), ((47.5, 108.5), (47.5, 109.5)), ((73.5, 116.5), (73.5, 117.5)), ((44.5, 101.5), (45.5, 101.5)), ((62.5, 117.5), (63.5, 117.5)), ((59.5, 109.5), (60.5, 109.5)), ((55.5, 105.5), (55.5, 106.5)), ((66.5, 117.5), (67.5, 117.5)), ((78.5, 89.5), (79.5, 89.5)), ((70.5, 103.5), (71.5, 103.5)), ((76.5, 114.5), (76.5, 115.5)), ((56.5, 107.5), (57.5, 107.5)), ((52.5, 102.5), (53.5, 102.5)), ((76.5, 88.5), (77.5, 88.5)), ((67.5, 118.5), (68.5, 118.5)), ((54.5, 118.5), (55.5, 118.5)), ((69.5, 104.5), (70.5, 104.5)), ((59.5, 118.5), (60.5, 118.5)), ((79.5, 96.5), (79.5, 97.5)), ((79.5, 99.5), (79.5, 100.5)), ((79.5, 90.5), (79.5, 91.5)), ((54.5, 105.5), (55.5, 105.5)), ((48.5, 110.5), (48.5, 111.5)), ((78.5, 93.5), (78.5, 94.5)), ((78.5, 111.5), (78.5, 112.5)), ((63.5, 109.5), (64.5, 109.5)), ((57.5, 107.5), (57.5, 108.5)), ((71.5, 117.5), (71.5, 118.5)), ((56.5, 106.5), (56.5, 107.5)), ((45.5, 98.5), (45.5, 99.5)), ((47.5, 98.5), (48.5, 98.5)), ((49.5, 112.5), (50.5, 112.5)), ((52.5, 116.5), (53.5, 116.5)), ((53.5, 103.5), (54.5, 103.5)), ((79.5, 108.5), (79.5, 109.5)), ((70.5, 103.5), (70.5, 104.5)), ((77.5, 113.5), (77.5, 114.5)), ((76.5, 88.5), (76.5, 89.5)), ((79.5, 105.5), (79.5, 106.5)), ((50.5, 113.5), (50.5, 114.5)), ((45.5, 104.5), (45.5, 105.5)), ((47.5, 109.5), (48.5, 109.5)), ((72.5, 101.5), (73.5, 101.5)), ((54.5, 117.5), (54.5, 118.5)), ((71.5, 102.5), (72.5, 102.5)), ((76.5, 90.5), (76.5, 91.5)), ((79.5, 89.5), (79.5, 90.5)), ((64.5, 109.5), (65.5, 109.5)), ((51.5, 100.5), (51.5, 101.5)), ((73.5, 100.5), (73.5, 101.5)), ((75.5, 96.5), (76.5, 96.5)), ((74.5, 98.5), (75.5, 98.5)), ((68.5, 105.5), (69.5, 105.5)), ((79.5, 101.5), (79.5, 102.5)), ((79.5, 104.5), (79.5, 105.5)), ((65.5, 117.5), (66.5, 117.5)), ((46.5, 107.5), (46.5, 108.5)), ((45.5, 101.5), (45.5, 102.5)), ((71.5, 102.5), (71.5, 103.5)), ((79.5, 103.5), (79.5, 104.5)), ((53.5, 116.5), (53.5, 117.5)), ((46.5, 106.5), (46.5, 107.5))}","{((55.5, 104.5), (55.5, 105.5)), ((51.5, 99.5), (51.5, 100.5)), ((69.5, 109.5), (69.5, 110.5)), ((65.5, 106.5), (66.5, 106.5)), ((49.5, 105.5), (49.5, 106.5)), ((67.5, 111.5), (67.5, 112.5)), ((58.5, 114.5), (59.5, 114.5)), ((60.5, 115.5), (61.5, 115.5)), ((64.5, 114.5), (64.5, 115.5)), ((78.5, 99.5), (79.5, 99.5)), ((71.5, 107.5), (72.5, 107.5)), ((71.5, 108.5), (71.5, 109.5)), ((47.5, 103.5), (48.5, 103.5)), ((72.5, 106.5), (72.5, 107.5)), ((45.5, 98.5), (46.5, 98.5)), ((77.5, 98.5), (77.5, 99.5)), ((53.5, 109.5), (53.5, 110.5)), ((50.5, 106.5), (51.5, 106.5)), ((78.5, 100.5), (79.5, 100.5)), ((73.5, 105.5), (73.5, 106.5)), ((67.5, 104.5), (68.5, 104.5)), ((74.5, 105.5), (75.5, 105.5)), ((53.5, 110.5), (54.5, 110.5)), ((71.5, 107.5), (71.5, 108.5)), ((69.5, 109.5), (70.5, 109.5)), ((78.5, 102.5), (78.5, 103.5)), ((75.5, 99.5), (76.5, 99.5)), ((68.5, 110.5), (69.5, 110.5)), ((57.5, 113.5), (58.5, 113.5)), ((54.5, 110.5), (54.5, 111.5)), ((51.5, 107.5), (51.5, 108.5)), ((65.5, 113.5), (65.5, 114.5)), ((77.5, 99.5), (78.5, 99.5)), ((66.5, 105.5), (67.5, 105.5)), ((51.5, 106.5), (51.5, 107.5)), ((49.5, 104.5), (49.5, 105.5)), ((78.5, 101.5), (78.5, 102.5)), ((72.5, 99.5), (72.5, 100.5)), ((50.5, 99.5), (51.5, 99.5)), ((64.5, 114.5), (65.5, 114.5)), ((62.5, 115.5), (63.5, 115.5)), ((78.5, 100.5), (78.5, 101.5)), ((72.5, 106.5), (73.5, 106.5)), ((71.5, 100.5), (72.5, 100.5)), ((66.5, 113.5), (67.5, 113.5)), ((55.5, 105.5), (56.5, 105.5)), ((44.5, 99.5), (45.5, 99.5)), ((76.5, 98.5), (77.5, 98.5)), ((71.5, 101.5), (71.5, 102.5)), ((70.5, 102.5), (71.5, 102.5)), ((68.5, 110.5), (68.5, 111.5)), ((46.5, 103.5), (47.5, 103.5)), ((68.5, 103.5), (69.5, 103.5)), ((60.5, 114.5), (60.5, 115.5)), ((58.5, 107.5), (59.5, 107.5)), ((51.5, 109.5), (52.5, 109.5)), ((69.5, 103.5), (70.5, 103.5)), ((59.5, 107.5), (59.5, 108.5)), ((65.5, 113.5), (66.5, 113.5)), ((71.5, 100.5), (71.5, 101.5)), ((56.5, 112.5), (56.5, 113.5)), ((65.5, 107.5), (65.5, 108.5)), ((77.5, 103.5), (78.5, 103.5)), ((54.5, 103.5), (55.5, 103.5)), ((72.5, 99.5), (73.5, 99.5)), ((76.5, 104.5), (77.5, 104.5)), ((70.5, 102.5), (70.5, 103.5)), ((59.5, 114.5), (60.5, 114.5)), ((57.5, 107.5), (58.5, 107.5)), ((58.5, 113.5), (58.5, 114.5)), ((70.5, 109.5), (71.5, 109.5)), ((56.5, 105.5), (56.5, 106.5)), ((67.5, 112.5), (67.5, 113.5)), ((66.5, 105.5), (66.5, 106.5)), ((56.5, 113.5), (57.5, 113.5)), ((63.5, 115.5), (64.5, 115.5)), ((75.5, 104.5), (76.5, 104.5)), ((51.5, 108.5), (51.5, 109.5)), ((65.5, 106.5), (65.5, 107.5)), ((67.5, 104.5), (67.5, 105.5)), ((61.5, 115.5), (62.5, 115.5)), ((49.5, 106.5), (50.5, 106.5)), ((44.5, 99.5), (44.5, 100.5)), ((76.5, 98.5), (76.5, 99.5)), ((55.5, 112.5), (56.5, 112.5)), ((67.5, 111.5), (68.5, 111.5)), ((46.5, 98.5), (47.5, 98.5)), ((48.5, 104.5), (49.5, 104.5)), ((52.5, 109.5), (53.5, 109.5)), ((73.5, 105.5), (74.5, 105.5)), ((54.5, 111.5), (55.5, 111.5)), ((55.5, 103.5), (55.5, 104.5)), ((77.5, 103.5), (77.5, 104.5)), ((68.5, 103.5), (68.5, 104.5)), ((45.5, 103.5), (46.5, 103.5)), ((75.5, 104.5), (75.5, 105.5)), ((48.5, 103.5), (48.5, 104.5)), ((55.5, 111.5), (55.5, 112.5)), ((45.5, 100.5), (45.5, 101.5)), ((74.5, 99.5), (75.5, 99.5))}"
65,4Prj3A5sMvSv1sK4u5ihkzlnU,20190129,0.5908419497784343,11.40175425099138,0.967541066700483,113.671875,0.7950819672131147,0.047619047619047616,"{(51, 105), (76, 107), (65, 116), (57, 112), (68, 112), (77, 90), (77, 99), (77, 108), (50, 100), (58, 113), (69, 113), (50, 109), (73, 101), (62, 110), (73, 110), (54, 106), (54, 115), (72, 114), (51, 100), (76, 102), (46, 98), (65, 111), (76, 111), (57, 107), (68, 107), (49, 103), (57, 116), (68, 116), (77, 94), (77, 103), (77, 112), (58, 108), (69, 108), (50, 104), (58, 117), (69, 117), (61, 113), (72, 109), (53, 105), (53, 114), (64, 114), (76, 97), (76, 106), (46, 102), (65, 115), (49, 98), (76, 115), (57, 111), (68, 111), (77, 89), (49, 107), (77, 98), (77, 107), (50, 99), (50, 108), (75, 110), (72, 104), (72, 113), (53, 109), (56, 114), (76, 92), (76, 101), (46, 97), (65, 110), (76, 110), (49, 102), (57, 115), (68, 115), (77, 93), (71, 117), (75, 105), (60, 116), (52, 112), (75, 114), (72, 108), (53, 104), (72, 117), (53, 113), (64, 113), (56, 109), (56, 118), (76, 96), (76, 105), (46, 101), (57, 110), (68, 110), (49, 106), (79, 107), (71, 112), (63, 117), (75, 100), (60, 111), (52, 107), (75, 109), (72, 103), (72, 112), (53, 108), (64, 117), (56, 113), (76, 91), (76, 100), (79, 93), (49, 101), (79, 102), (48, 105), (71, 107), (71, 116), (63, 112), (52, 102), (75, 104), (60, 115), (52, 111), (75, 113), (72, 107), (53, 103), (56, 108), (78, 105), (67, 114), (59, 110), (70, 110), (79, 97), (79, 106), (48, 100), (48, 109), (71, 111), (63, 116), (75, 99), (60, 110), (52, 106), (75, 108), (52, 115), (74, 112), (66, 117), (78, 100), (55, 107), (67, 109), (78, 109), (70, 105), (55, 116), (59, 114), (70, 114), (79, 92), (79, 101), (79, 110), (48, 104), (71, 106), (71, 115), (63, 111), (52, 110), (74, 107), (74, 116), (66, 112), (78, 95), (78, 104), (47, 98), (55, 111), (67, 113), (78, 113), (47, 107), (59, 109), (70, 109), (59, 118), (79, 96), (79, 105), (48, 99), (48, 108), (74, 102), (51, 109), (74, 111), (66, 116), (78, 90), (78, 99), (55, 106), (67, 108), (78, 108), (47, 102), (70, 104), (55, 115), (59, 113), (70, 113), (79, 91), (48, 103), (73, 105), (62, 114), (73, 114), (54, 110), (51, 104), (74, 106), (51, 113), (74, 115), (66, 111), (78, 94), (78, 103), (47, 97), (55, 110), (47, 106), (70, 108), (58, 112), (69, 112), (48, 98), (61, 117), (73, 109), (54, 105), (54, 114), (74, 101), (51, 108), (74, 110), (66, 115), (78, 89), (78, 98), (55, 105), (47, 101), (77, 102), (77, 111), (69, 107), (50, 103), (58, 116), (69, 116), (50, 112), (61, 112), (73, 104), (62, 113), (73, 113), (54, 109), (51, 103), (74, 105), (51, 112), (65, 114), (76, 114), (77, 88), (77, 97), (77, 106), (69, 111), (58, 111), (50, 107), (61, 116), (73, 108), (54, 104), (73, 117), (54, 113), (76, 109), (46, 105), (57, 114), (68, 114), (77, 92), (49, 110), (77, 101), (77, 110), (69, 106), (50, 102), (58, 115), (69, 115), (50, 111), (61, 111), (73, 103), (54, 108), (72, 116), (53, 112), (64, 112), (56, 117), (76, 95), (76, 104), (46, 100), (65, 113), (76, 113), (57, 109), (68, 109), (49, 105), (57, 118), (77, 96), (77, 105), (58, 110), (69, 110), (50, 106), (61, 115), (72, 102), (72, 111), (53, 107), (53, 116), (64, 116), (56, 112), (76, 90), (76, 99), (76, 108), (46, 104), (65, 117), (49, 100), (57, 113), (68, 113), (77, 91), (49, 109), (77, 100), (50, 101), (75, 103), (60, 114), (75, 112), (72, 106), (72, 115), (53, 111), (64, 111), (56, 107), (56, 116), (76, 94), (76, 103), (46, 99), (65, 112), (76, 112), (57, 108), (68, 108), (49, 104), (57, 117), (68, 117), (71, 110), (63, 115), (75, 98), (60, 109), (52, 105), (75, 107), (60, 118), (52, 114), (75, 116), (72, 110), (53, 106), (53, 115), (64, 115), (56, 111), (76, 98), (67, 117), (46, 103), (49, 99), (79, 100), (49, 108), (79, 109), (71, 105), (71, 114), (63, 110), (75, 102), (60, 113), (52, 109), (75, 111), (72, 105), (53, 110), (64, 110), (56, 106), (56, 115), (76, 93), (67, 112), (78, 112), (59, 117), (70, 117), (79, 95), (79, 104), (48, 107), (71, 109), (63, 114), (52, 104), (75, 106), (60, 117), (52, 113), (75, 115), (56, 110), (78, 107), (55, 114), (67, 116), (59, 112), (70, 112), (79, 90), (79, 99), (79, 108), (48, 102), (71, 104), (71, 113), (75, 101), (60, 112), (52, 108), (74, 114), (66, 110), (78, 93), (78, 102), (55, 109), (67, 111), (78, 111), (47, 105), (70, 107), (59, 116), (70, 116), (79, 94), (79, 103), (48, 97), (48, 106), (71, 108), (63, 113), (62, 117), (52, 103), (74, 100), (51, 107), (74, 109), (66, 114), (78, 88), (78, 97), (78, 106), (47, 100), (55, 113), (67, 115), (59, 111), (70, 111), (79, 89), (79, 98), (48, 101), (71, 103), (62, 112), (73, 112), (54, 117), (51, 102), (74, 104), (51, 111), (74, 113), (66, 109), (78, 92), (78, 101), (55, 108), (67, 110), (78, 110), (47, 104), (70, 106), (55, 117), (59, 115), (77, 114), (70, 115), (73, 107), (62, 116), (73, 116), (54, 112), (74, 99), (51, 106), (74, 108), (66, 113), (78, 96), (47, 99), (55, 112), (77, 109), (58, 114), (69, 114), (50, 110), (61, 110), (73, 102), (62, 111), (73, 111), (54, 107), (54, 116), (51, 101), (74, 103), (51, 110), (78, 91), (77, 95), (47, 103), (77, 104), (77, 113), (58, 109), (69, 109), (50, 105), (58, 118), (61, 114), (73, 106), (62, 115), (73, 115), (54, 111)}","{(51, 105), (59, 110), (52, 104), (70, 110), (48, 100), (57, 112), (68, 112), (54, 104), (56, 110), (67, 107), (50, 100), (75, 99), (58, 113), (60, 110), (59, 112), (52, 106), (65, 109), (68, 105), (48, 102), (73, 101), (71, 104), (54, 106), (77, 101), (55, 107), (69, 106), (67, 109), (51, 100), (50, 102), (75, 101), (70, 105), (60, 112), (59, 114), (61, 111), (52, 108), (76, 102), (65, 111), (66, 110), (68, 107), (71, 106), (73, 103), (49, 103), (63, 111), (54, 108), (77, 103), (64, 112), (55, 109), (69, 108), (67, 111), (70, 107), (50, 104), (61, 113), (46, 100), (65, 113), (66, 112), (57, 109), (71, 108), (68, 109), (63, 113), (72, 109), (53, 105), (64, 114), (55, 111), (58, 110), (69, 110), (59, 109), (50, 106), (52, 103), (70, 109), (67, 113), (74, 100), (61, 115), (46, 102), (48, 99), (65, 115), (66, 114), (57, 111), (68, 111), (72, 102), (53, 107), (55, 104), (67, 106), (47, 100), (56, 112), (59, 111), (74, 102), (48, 101), (71, 103), (49, 100), (57, 113), (68, 113), (72, 104), (77, 100), (62, 112), (53, 109), (55, 106), (69, 105), (67, 108), (70, 104), (47, 102), (50, 101), (59, 113), (51, 102), (76, 101), (75, 103), (74, 104), (60, 114), (65, 110), (66, 109), (68, 106), (48, 103), (49, 102), (72, 106), (73, 105), (62, 114), (64, 111), (55, 108), (54, 110), (56, 107), (70, 106), (67, 110), (51, 104), (76, 103), (75, 105), (74, 106), (46, 99), (65, 112), (66, 111), (57, 108), (68, 108), (49, 104), (72, 108), (71, 110), (73, 107), (53, 104), (64, 113), (55, 110), (63, 115), (56, 109), (70, 108), (58, 112), (51, 106), (52, 105), (46, 101), (66, 113), (57, 110), (68, 110), (72, 101), (73, 100), (53, 106), (54, 105), (47, 99), (64, 115), (56, 111), (74, 101), (75, 100), (60, 111), (61, 110), (52, 107), (46, 103), (49, 99), (72, 103), (71, 105), (73, 102), (62, 111), (53, 108), (55, 105), (54, 107), (63, 110), (47, 101), (77, 102), (69, 111), (56, 113), (69, 107), (51, 101), (76, 100), (75, 102), (50, 103), (74, 103), (60, 113), (61, 112), (66, 108), (49, 101), (72, 105), (71, 107), (73, 104), (62, 113), (64, 110), (63, 112), (54, 109), (56, 106), (47, 103), (67, 112), (58, 109), (69, 109), (51, 103), (50, 105), (52, 102), (75, 104), (74, 105), (60, 115), (61, 114), (65, 114), (72, 107), (71, 109), (73, 106), (53, 103), (62, 115), (63, 114), (56, 108), (58, 111)}","{((55.5, 104.5), (55.5, 105.5)), ((51.5, 99.5), (51.5, 100.5)), ((49.5, 97.5), (49.5, 98.5)), ((55.5, 117.5), (55.5, 118.5)), ((51.5, 115.5), (52.5, 115.5)), ((74.5, 97.5), (74.5, 98.5)), ((45.5, 103.5), (45.5, 104.5)), ((79.5, 95.5), (79.5, 96.5)), ((61.5, 109.5), (62.5, 109.5)), ((73.5, 99.5), (73.5, 100.5)), ((62.5, 109.5), (63.5, 109.5)), ((46.5, 107.5), (47.5, 107.5)), ((60.5, 117.5), (60.5, 118.5)), ((75.5, 93.5), (75.5, 94.5)), ((71.5, 117.5), (72.5, 117.5)), ((72.5, 100.5), (72.5, 101.5)), ((45.5, 105.5), (46.5, 105.5)), ((65.5, 108.5), (65.5, 109.5)), ((48.5, 97.5), (49.5, 97.5)), ((58.5, 108.5), (59.5, 108.5)), ((75.5, 115.5), (76.5, 115.5)), ((70.5, 117.5), (71.5, 117.5)), ((75.5, 90.5), (75.5, 91.5)), ((52.5, 101.5), (52.5, 102.5)), ((69.5, 103.5), (69.5, 104.5)), ((45.5, 96.5), (45.5, 97.5)), ((63.5, 117.5), (64.5, 117.5)), ((64.5, 117.5), (65.5, 117.5)), ((55.5, 118.5), (56.5, 118.5)), ((50.5, 99.5), (51.5, 99.5)), ((66.5, 107.5), (67.5, 107.5)), ((67.5, 106.5), (68.5, 106.5)), ((60.5, 117.5), (61.5, 117.5)), ((50.5, 112.5), (50.5, 113.5)), ((53.5, 102.5), (53.5, 103.5)), ((75.5, 115.5), (75.5, 116.5)), ((76.5, 114.5), (77.5, 114.5)), ((51.5, 114.5), (51.5, 115.5)), ((73.5, 98.5), (73.5, 99.5)), ((65.5, 108.5), (66.5, 108.5)), ((75.5, 89.5), (76.5, 89.5)), ((47.5, 107.5), (47.5, 108.5)), ((48.5, 109.5), (48.5, 110.5)), ((71.5, 101.5), (71.5, 102.5)), ((78.5, 88.5), (79.5, 88.5)), ((70.5, 102.5), (71.5, 102.5)), ((79.5, 93.5), (79.5, 94.5)), ((79.5, 98.5), (79.5, 99.5)), ((53.5, 117.5), (54.5, 117.5)), ((72.5, 117.5), (73.5, 117.5)), ((76.5, 87.5), (77.5, 87.5)), ((79.5, 91.5), (79.5, 92.5)), ((66.5, 107.5), (66.5, 108.5)), ((69.5, 103.5), (70.5, 103.5)), ((77.5, 87.5), (78.5, 87.5)), ((56.5, 118.5), (57.5, 118.5)), ((49.5, 111.5), (49.5, 112.5)), ((67.5, 106.5), (67.5, 107.5)), ((74.5, 116.5), (75.5, 116.5)), ((75.5, 89.5), (75.5, 90.5)), ((79.5, 97.5), (79.5, 98.5)), ((51.5, 101.5), (52.5, 101.5)), ((78.5, 87.5), (78.5, 88.5)), ((70.5, 102.5), (70.5, 103.5)), ((49.5, 98.5), (50.5, 98.5)), ((69.5, 104.5), (69.5, 105.5)), ((56.5, 105.5), (56.5, 106.5)), ((52.5, 115.5), (52.5, 116.5)), ((79.5, 100.5), (79.5, 101.5)), ((61.5, 117.5), (62.5, 117.5)), ((75.5, 95.5), (75.5, 96.5)), ((76.5, 87.5), (76.5, 88.5)), ((79.5, 106.5), (79.5, 107.5)), ((79.5, 109.5), (79.5, 110.5)), ((57.5, 118.5), (58.5, 118.5)), ((78.5, 110.5), (79.5, 110.5)), ((74.5, 97.5), (75.5, 97.5)), ((54.5, 103.5), (54.5, 104.5)), ((60.5, 109.5), (61.5, 109.5)), ((68.5, 117.5), (69.5, 117.5)), ((45.5, 99.5), (45.5, 100.5)), ((45.5, 102.5), (45.5, 103.5)), ((69.5, 117.5), (70.5, 117.5)), ((58.5, 118.5), (59.5, 118.5)), ((77.5, 113.5), (78.5, 113.5)), ((79.5, 102.5), (79.5, 103.5)), ((46.5, 105.5), (46.5, 106.5)), ((75.5, 91.5), (75.5, 92.5)), ((73.5, 116.5), (74.5, 116.5)), ((68.5, 105.5), (68.5, 106.5)), ((79.5, 92.5), (79.5, 93.5)), ((79.5, 107.5), (79.5, 108.5)), ((58.5, 107.5), (58.5, 108.5)), ((51.5, 113.5), (51.5, 114.5)), ((78.5, 110.5), (78.5, 111.5)), ((45.5, 96.5), (46.5, 96.5)), ((48.5, 96.5), (48.5, 97.5)), ((75.5, 96.5), (75.5, 97.5)), ((71.5, 101.5), (72.5, 101.5)), ((56.5, 106.5), (57.5, 106.5)), ((45.5, 97.5), (45.5, 98.5)), ((47.5, 108.5), (47.5, 109.5)), ((73.5, 116.5), (73.5, 117.5)), ((62.5, 117.5), (63.5, 117.5)), ((73.5, 98.5), (74.5, 98.5)), ((66.5, 117.5), (67.5, 117.5)), ((76.5, 114.5), (76.5, 115.5)), ((57.5, 106.5), (57.5, 107.5)), ((78.5, 112.5), (78.5, 113.5)), ((52.5, 102.5), (53.5, 102.5)), ((47.5, 96.5), (48.5, 96.5)), ((59.5, 118.5), (60.5, 118.5)), ((79.5, 96.5), (79.5, 97.5)), ((49.5, 110.5), (49.5, 111.5)), ((79.5, 99.5), (79.5, 100.5)), ((79.5, 90.5), (79.5, 91.5)), ((50.5, 98.5), (50.5, 99.5)), ((55.5, 105.5), (56.5, 105.5)), ((72.5, 100.5), (73.5, 100.5)), ((78.5, 111.5), (78.5, 112.5)), ((63.5, 109.5), (64.5, 109.5)), ((75.5, 94.5), (75.5, 95.5)), ((45.5, 98.5), (45.5, 99.5)), ((50.5, 113.5), (51.5, 113.5)), ((49.5, 112.5), (50.5, 112.5)), ((54.5, 117.5), (55.5, 117.5)), ((52.5, 116.5), (53.5, 116.5)), ((53.5, 103.5), (54.5, 103.5)), ((79.5, 108.5), (79.5, 109.5)), ((60.5, 108.5), (60.5, 109.5)), ((67.5, 117.5), (68.5, 117.5)), ((57.5, 107.5), (58.5, 107.5)), ((48.5, 110.5), (49.5, 110.5)), ((77.5, 113.5), (77.5, 114.5)), ((76.5, 88.5), (76.5, 89.5)), ((79.5, 105.5), (79.5, 106.5)), ((47.5, 109.5), (48.5, 109.5)), ((45.5, 104.5), (45.5, 105.5)), ((46.5, 96.5), (47.5, 96.5)), ((79.5, 89.5), (79.5, 90.5)), ((79.5, 94.5), (79.5, 95.5)), ((64.5, 109.5), (65.5, 109.5)), ((54.5, 104.5), (55.5, 104.5)), ((51.5, 100.5), (51.5, 101.5)), ((75.5, 92.5), (75.5, 93.5)), ((68.5, 105.5), (69.5, 105.5)), ((79.5, 101.5), (79.5, 102.5)), ((79.5, 104.5), (79.5, 105.5)), ((65.5, 117.5), (66.5, 117.5)), ((79.5, 88.5), (79.5, 89.5)), ((45.5, 101.5), (45.5, 102.5)), ((59.5, 108.5), (60.5, 108.5)), ((45.5, 100.5), (45.5, 101.5)), ((79.5, 103.5), (79.5, 104.5)), ((53.5, 116.5), (53.5, 117.5)), ((46.5, 106.5), (46.5, 107.5))}","{((74.5, 105.5), (74.5, 106.5)), ((64.5, 108.5), (64.5, 109.5)), ((66.5, 106.5), (66.5, 107.5)), ((73.5, 106.5), (74.5, 106.5)), ((75.5, 103.5), (76.5, 103.5)), ((49.5, 105.5), (49.5, 106.5)), ((48.5, 98.5), (49.5, 98.5)), ((58.5, 114.5), (59.5, 114.5)), ((60.5, 115.5), (61.5, 115.5)), ((77.5, 99.5), (77.5, 100.5)), ((69.5, 110.5), (69.5, 111.5)), ((47.5, 103.5), (48.5, 103.5)), ((72.5, 107.5), (73.5, 107.5)), ((65.5, 114.5), (65.5, 115.5)), ((45.5, 98.5), (46.5, 98.5)), ((64.5, 115.5), (65.5, 115.5)), ((53.5, 109.5), (53.5, 110.5)), ((50.5, 106.5), (51.5, 106.5)), ((67.5, 104.5), (68.5, 104.5)), ((75.5, 103.5), (75.5, 104.5)), ((59.5, 109.5), (60.5, 109.5)), ((74.5, 105.5), (75.5, 105.5)), ((53.5, 110.5), (54.5, 110.5)), ((57.5, 108.5), (58.5, 108.5)), ((59.5, 108.5), (59.5, 109.5)), ((75.5, 99.5), (76.5, 99.5)), ((61.5, 109.5), (61.5, 110.5)), ((57.5, 113.5), (58.5, 113.5)), ((56.5, 107.5), (57.5, 107.5)), ((69.5, 110.5), (70.5, 110.5)), ((65.5, 107.5), (66.5, 107.5)), ((54.5, 110.5), (54.5, 111.5)), ((51.5, 107.5), (51.5, 108.5)), ((66.5, 105.5), (67.5, 105.5)), ((51.5, 106.5), (51.5, 107.5)), ((49.5, 104.5), (49.5, 105.5)), ((72.5, 99.5), (72.5, 100.5)), ((62.5, 115.5), (63.5, 115.5)), ((65.5, 114.5), (66.5, 114.5)), ((71.5, 100.5), (72.5, 100.5)), ((66.5, 113.5), (67.5, 113.5)), ((68.5, 111.5), (69.5, 111.5)), ((77.5, 102.5), (77.5, 103.5)), ((71.5, 109.5), (71.5, 110.5)), ((77.5, 101.5), (77.5, 102.5)), ((59.5, 115.5), (60.5, 115.5)), ((76.5, 103.5), (77.5, 103.5)), ((51.5, 108.5), (52.5, 108.5)), ((49.5, 98.5), (49.5, 99.5)), ((46.5, 103.5), (47.5, 103.5)), ((57.5, 107.5), (57.5, 108.5)), ((56.5, 106.5), (56.5, 107.5)), ((47.5, 98.5), (48.5, 98.5)), ((55.5, 112.5), (55.5, 113.5)), ((72.5, 108.5), (72.5, 109.5)), ((71.5, 100.5), (71.5, 101.5)), ((74.5, 98.5), (74.5, 99.5)), ((65.5, 107.5), (65.5, 108.5)), ((49.5, 99.5), (50.5, 99.5)), ((71.5, 109.5), (72.5, 109.5)), ((70.5, 110.5), (71.5, 110.5)), ((54.5, 103.5), (55.5, 103.5)), ((75.5, 98.5), (75.5, 99.5)), ((72.5, 99.5), (73.5, 99.5)), ((64.5, 108.5), (65.5, 108.5)), ((58.5, 113.5), (58.5, 114.5)), ((66.5, 105.5), (66.5, 106.5)), ((56.5, 113.5), (57.5, 113.5)), ((63.5, 115.5), (64.5, 115.5)), ((68.5, 111.5), (68.5, 112.5)), ((76.5, 99.5), (77.5, 99.5)), ((67.5, 104.5), (67.5, 105.5)), ((66.5, 113.5), (66.5, 114.5)), ((61.5, 115.5), (62.5, 115.5)), ((49.5, 106.5), (50.5, 106.5)), ((68.5, 112.5), (68.5, 113.5)), ((46.5, 98.5), (47.5, 98.5)), ((59.5, 114.5), (59.5, 115.5)), ((48.5, 104.5), (49.5, 104.5)), ((52.5, 109.5), (53.5, 109.5)), ((74.5, 98.5), (75.5, 98.5)), ((54.5, 111.5), (55.5, 111.5)), ((55.5, 103.5), (55.5, 104.5)), ((72.5, 107.5), (72.5, 108.5)), ((62.5, 109.5), (62.5, 110.5)), ((45.5, 103.5), (46.5, 103.5)), ((68.5, 104.5), (69.5, 104.5)), ((73.5, 106.5), (73.5, 107.5)), ((75.5, 104.5), (75.5, 105.5)), ((52.5, 108.5), (52.5, 109.5)), ((48.5, 103.5), (48.5, 104.5)), ((67.5, 113.5), (68.5, 113.5)), ((77.5, 100.5), (77.5, 101.5)), ((55.5, 111.5), (55.5, 112.5)), ((73.5, 99.5), (74.5, 99.5)), ((61.5, 110.5), (62.5, 110.5)), ((55.5, 113.5), (56.5, 113.5))}"
66,4Prj3A5sMvSv1sK4u5ihkzlnU,20190129,0.5745554035567715,12.165525060596439,1.0794018833098424,119.53125,0.8095238095238095,0.05405405405405406,"{(51, 105), (76, 107), (65, 116), (57, 112), (68, 112), (47, 89), (77, 90), (77, 99), (80, 95), (77, 108), (50, 100), (58, 113), (69, 113), (50, 109), (73, 101), (62, 110), (73, 110), (54, 106), (54, 115), (72, 114), (51, 100), (76, 102), (46, 98), (65, 111), (76, 111), (57, 107), (68, 107), (49, 103), (57, 116), (68, 116), (77, 94), (80, 90), (77, 103), (80, 99), (77, 112), (58, 108), (69, 108), (50, 104), (58, 117), (69, 117), (61, 113), (72, 109), (53, 105), (53, 114), (64, 114), (76, 88), (76, 97), (76, 106), (46, 102), (65, 115), (49, 98), (76, 115), (57, 111), (68, 111), (77, 89), (49, 107), (77, 98), (80, 94), (77, 107), (50, 99), (50, 108), (75, 110), (72, 104), (72, 113), (53, 109), (56, 114), (76, 92), (76, 101), (46, 97), (65, 110), (76, 110), (49, 102), (57, 115), (68, 115), (77, 93), (80, 89), (80, 98), (71, 117), (75, 105), (60, 116), (52, 112), (75, 114), (72, 108), (53, 104), (53, 113), (64, 113), (56, 109), (76, 96), (76, 105), (46, 101), (49, 97), (57, 110), (68, 110), (49, 106), (79, 107), (80, 93), (71, 112), (63, 117), (75, 100), (60, 111), (52, 107), (75, 109), (72, 103), (72, 112), (53, 108), (64, 117), (56, 113), (76, 91), (76, 100), (46, 96), (79, 93), (49, 101), (79, 102), (48, 105), (71, 107), (71, 116), (63, 112), (52, 102), (75, 104), (60, 115), (52, 111), (75, 113), (72, 107), (53, 103), (56, 108), (78, 105), (67, 114), (59, 110), (70, 110), (79, 88), (79, 97), (79, 106), (48, 100), (71, 102), (71, 111), (63, 116), (75, 99), (60, 110), (52, 106), (75, 108), (52, 115), (74, 112), (78, 100), (55, 107), (67, 109), (78, 109), (70, 105), (55, 116), (59, 114), (70, 114), (79, 92), (79, 101), (48, 95), (48, 104), (71, 106), (71, 115), (63, 111), (52, 101), (52, 110), (74, 107), (74, 116), (66, 112), (78, 86), (78, 95), (78, 104), (47, 98), (55, 111), (67, 113), (59, 109), (70, 109), (79, 87), (79, 96), (48, 90), (79, 105), (48, 99), (48, 108), (74, 102), (51, 109), (74, 111), (66, 116), (78, 90), (78, 99), (47, 93), (55, 106), (67, 108), (78, 108), (47, 102), (70, 104), (55, 115), (59, 113), (70, 113), (79, 91), (48, 94), (48, 103), (73, 105), (62, 114), (73, 114), (54, 110), (51, 104), (74, 106), (51, 113), (74, 115), (66, 111), (78, 94), (47, 88), (78, 103), (47, 97), (55, 110), (47, 106), (59, 108), (70, 108), (58, 112), (69, 112), (48, 89), (48, 98), (61, 117), (73, 100), (73, 109), (54, 105), (54, 114), (51, 99), (74, 101), (51, 108), (74, 110), (66, 115), (78, 89), (78, 98), (47, 92), (55, 105), (47, 101), (77, 102), (77, 111), (69, 107), (50, 103), (58, 116), (69, 116), (61, 112), (73, 104), (62, 113), (73, 113), (54, 109), (51, 103), (74, 105), (51, 112), (65, 114), (76, 114), (77, 88), (47, 96), (77, 97), (77, 106), (50, 98), (58, 111), (69, 111), (50, 107), (61, 116), (73, 99), (73, 108), (54, 104), (54, 113), (76, 109), (57, 114), (68, 114), (47, 91), (77, 92), (49, 110), (80, 88), (77, 101), (80, 97), (77, 110), (69, 106), (50, 102), (58, 115), (69, 115), (50, 111), (61, 111), (73, 103), (54, 108), (72, 116), (53, 112), (64, 112), (56, 117), (76, 95), (76, 104), (46, 100), (65, 113), (49, 96), (76, 113), (57, 109), (68, 109), (77, 87), (49, 105), (77, 96), (80, 92), (77, 105), (80, 101), (58, 110), (69, 110), (50, 106), (61, 115), (72, 102), (72, 111), (53, 107), (53, 116), (64, 116), (56, 112), (76, 90), (76, 99), (46, 95), (76, 108), (49, 100), (57, 113), (68, 113), (77, 91), (49, 109), (80, 87), (77, 100), (80, 96), (50, 101), (75, 103), (60, 114), (75, 112), (72, 106), (53, 102), (72, 115), (53, 111), (64, 111), (56, 107), (56, 116), (76, 94), (46, 90), (76, 103), (46, 99), (65, 112), (76, 112), (57, 108), (68, 108), (77, 86), (49, 104), (57, 117), (68, 117), (80, 91), (71, 110), (63, 115), (75, 98), (60, 109), (52, 105), (75, 107), (52, 114), (72, 101), (72, 110), (53, 106), (53, 115), (64, 115), (56, 111), (76, 89), (76, 98), (67, 117), (46, 103), (49, 99), (79, 100), (49, 108), (79, 109), (71, 105), (71, 114), (63, 110), (75, 102), (60, 113), (52, 109), (75, 111), (72, 105), (53, 110), (64, 110), (56, 106), (56, 115), (76, 93), (67, 112), (78, 112), (46, 89), (79, 86), (59, 117), (70, 117), (79, 95), (79, 104), (48, 107), (71, 109), (63, 114), (75, 97), (52, 104), (75, 106), (60, 117), (52, 113), (75, 115), (56, 110), (78, 107), (55, 114), (67, 116), (59, 112), (70, 112), (79, 90), (79, 99), (79, 108), (48, 102), (71, 104), (71, 113), (75, 101), (60, 112), (52, 108), (74, 114), (66, 110), (78, 93), (78, 102), (55, 109), (67, 111), (78, 111), (47, 105), (70, 107), (59, 116), (70, 116), (79, 94), (48, 88), (79, 103), (48, 97), (48, 106), (71, 108), (63, 113), (62, 117), (75, 96), (52, 103), (74, 100), (51, 107), (74, 109), (66, 114), (78, 88), (78, 97), (78, 106), (47, 100), (55, 113), (67, 115), (59, 111), (70, 111), (79, 89), (79, 98), (48, 101), (71, 103), (62, 112), (73, 112), (54, 117), (51, 102), (74, 104), (51, 111), (74, 113), (66, 109), (78, 92), (78, 101), (47, 95), (55, 108), (67, 110), (78, 110), (47, 104), (70, 106), (55, 117), (59, 115), (77, 114), (70, 115), (48, 96), (73, 107), (54, 103), (62, 116), (73, 116), (54, 112), (74, 99), (51, 106), (74, 108), (66, 113), (78, 87), (78, 96), (47, 90), (47, 99), (55, 112), (77, 109), (58, 114), (69, 114), (48, 91), (50, 110), (61, 110), (73, 102), (62, 111), (73, 111), (54, 107), (54, 116), (51, 101), (74, 103), (51, 110), (78, 91), (47, 94), (77, 95), (47, 103), (77, 104), (80, 100), (77, 113), (58, 109), (69, 109), (50, 105), (61, 114), (73, 106), (62, 115), (73, 115), (54, 111), (74, 98)}","{(51, 105), (59, 110), (52, 104), (70, 110), (72, 100), (48, 100), (71, 102), (57, 112), (71, 111), (68, 112), (54, 104), (77, 99), (56, 110), (67, 107), (69, 104), (70, 103), (50, 100), (75, 99), (58, 113), (60, 110), (59, 112), (61, 109), (52, 106), (48, 102), (73, 101), (71, 104), (62, 110), (54, 106), (77, 101), (78, 100), (55, 107), (69, 106), (67, 109), (51, 100), (50, 102), (75, 101), (70, 105), (60, 112), (61, 111), (52, 108), (76, 102), (46, 98), (65, 111), (66, 110), (57, 107), (71, 106), (73, 103), (49, 103), (68, 107), (63, 111), (54, 108), (64, 112), (55, 109), (58, 108), (69, 108), (70, 107), (50, 104), (52, 101), (67, 111), (61, 113), (46, 100), (48, 97), (65, 113), (66, 112), (57, 109), (71, 108), (68, 109), (63, 113), (72, 109), (53, 105), (47, 98), (64, 114), (67, 113), (58, 110), (69, 110), (59, 109), (50, 106), (52, 103), (70, 109), (74, 100), (48, 99), (49, 98), (66, 114), (57, 111), (68, 111), (72, 102), (77, 98), (53, 107), (55, 104), (47, 100), (50, 99), (56, 112), (59, 111), (70, 111), (74, 102), (76, 99), (48, 101), (71, 103), (49, 100), (57, 113), (68, 113), (72, 104), (77, 100), (62, 112), (53, 109), (55, 106), (69, 105), (67, 108), (47, 102), (50, 101), (70, 104), (59, 113), (51, 102), (76, 101), (75, 103), (74, 104), (46, 97), (65, 110), (66, 109), (57, 106), (48, 103), (68, 106), (49, 102), (72, 106), (73, 105), (62, 114), (64, 111), (55, 108), (67, 110), (56, 107), (70, 106), (51, 104), (76, 103), (46, 99), (65, 112), (66, 111), (57, 108), (68, 108), (49, 104), (72, 108), (71, 110), (53, 104), (47, 97), (64, 113), (55, 110), (56, 109), (59, 108), (70, 108), (74, 99), (75, 98), (58, 112), (60, 109), (51, 106), (52, 105), (46, 101), (48, 98), (49, 97), (66, 113), (57, 110), (68, 110), (72, 101), (73, 100), (53, 106), (54, 105), (47, 99), (56, 111), (51, 99), (76, 98), (75, 100), (74, 101), (60, 111), (61, 110), (52, 107), (49, 99), (72, 103), (71, 105), (73, 102), (62, 111), (53, 108), (55, 105), (54, 107), (63, 110), (47, 101), (77, 102), (69, 111), (58, 107), (69, 107), (51, 101), (76, 100), (52, 100), (75, 102), (50, 103), (74, 103), (61, 112), (60, 113), (66, 108), (49, 101), (72, 105), (71, 107), (73, 104), (62, 113), (64, 110), (63, 112), (54, 109), (56, 106), (67, 112), (58, 109), (69, 109), (51, 103), (50, 105), (52, 102), (75, 104), (61, 114), (65, 114), (72, 107), (71, 109), (73, 106), (53, 103), (63, 114), (56, 108), (50, 98), (58, 111)}","{((55.5, 104.5), (55.5, 105.5)), ((51.5, 99.5), (51.5, 100.5)), ((66.5, 116.5), (66.5, 117.5)), ((78.5, 109.5), (79.5, 109.5)), ((47.5, 108.5), (48.5, 108.5)), ((51.5, 115.5), (52.5, 115.5)), ((80.5, 91.5), (80.5, 92.5)), ((76.5, 86.5), (76.5, 87.5)), ((45.5, 94.5), (46.5, 94.5)), ((46.5, 91.5), (46.5, 92.5)), ((49.5, 95.5), (49.5, 96.5)), ((48.5, 89.5), (48.5, 90.5)), ((47.5, 91.5), (47.5, 92.5)), ((50.5, 98.5), (51.5, 98.5)), ((70.5, 101.5), (70.5, 102.5)), ((61.5, 109.5), (62.5, 109.5)), ((62.5, 109.5), (63.5, 109.5)), ((78.5, 109.5), (78.5, 110.5)), ((80.5, 96.5), (80.5, 97.5)), ((80.5, 89.5), (80.5, 90.5)), ((75.5, 93.5), (75.5, 94.5)), ((65.5, 108.5), (65.5, 109.5)), ((55.5, 117.5), (56.5, 117.5)), ((75.5, 115.5), (76.5, 115.5)), ((70.5, 117.5), (71.5, 117.5)), ((75.5, 90.5), (75.5, 91.5)), ((72.5, 98.5), (72.5, 99.5)), ((80.5, 87.5), (80.5, 88.5)), ((45.5, 90.5), (46.5, 90.5)), ((80.5, 100.5), (80.5, 101.5)), ((64.5, 116.5), (65.5, 116.5)), ((69.5, 103.5), (69.5, 104.5)), ((45.5, 96.5), (45.5, 97.5)), ((63.5, 117.5), (64.5, 117.5)), ((66.5, 107.5), (67.5, 107.5)), ((72.5, 99.5), (72.5, 100.5)), ((67.5, 106.5), (68.5, 106.5)), ((80.5, 92.5), (80.5, 93.5)), ((47.5, 92.5), (47.5, 93.5)), ((45.5, 94.5), (45.5, 95.5)), ((50.5, 112.5), (50.5, 113.5)), ((45.5, 88.5), (45.5, 89.5)), ((60.5, 117.5), (61.5, 117.5)), ((71.5, 100.5), (72.5, 100.5)), ((76.5, 114.5), (77.5, 114.5)), ((51.5, 114.5), (51.5, 115.5)), ((48.5, 87.5), (48.5, 88.5)), ((48.5, 90.5), (48.5, 91.5)), ((65.5, 108.5), (66.5, 108.5)), ((47.5, 107.5), (47.5, 108.5)), ((57.5, 117.5), (58.5, 117.5)), ((48.5, 109.5), (48.5, 110.5)), ((45.5, 95.5), (45.5, 96.5)), ((53.5, 117.5), (54.5, 117.5)), ((51.5, 100.5), (52.5, 100.5)), ((58.5, 107.5), (59.5, 107.5)), ((71.5, 116.5), (71.5, 117.5)), ((66.5, 107.5), (66.5, 108.5)), ((69.5, 103.5), (70.5, 103.5)), ((45.5, 88.5), (46.5, 88.5)), ((46.5, 87.5), (47.5, 87.5)), ((48.5, 95.5), (49.5, 95.5)), ((77.5, 112.5), (77.5, 113.5)), ((71.5, 100.5), (71.5, 101.5)), ((49.5, 96.5), (49.5, 97.5)), ((73.5, 97.5), (73.5, 98.5)), ((67.5, 106.5), (67.5, 107.5)), ((75.5, 89.5), (75.5, 90.5)), ((70.5, 102.5), (70.5, 103.5)), ((69.5, 104.5), (69.5, 105.5)), ((80.5, 88.5), (80.5, 89.5)), ((52.5, 115.5), (52.5, 116.5)), ((74.5, 115.5), (74.5, 116.5)), ((56.5, 105.5), (56.5, 106.5)), ((61.5, 117.5), (62.5, 117.5)), ((80.5, 90.5), (80.5, 91.5)), ((79.5, 106.5), (79.5, 107.5)), ((46.5, 87.5), (46.5, 88.5)), ((77.5, 112.5), (78.5, 112.5)), ((54.5, 103.5), (54.5, 104.5)), ((60.5, 109.5), (61.5, 109.5)), ((68.5, 117.5), (69.5, 117.5)), ((45.5, 99.5), (45.5, 100.5)), ((45.5, 102.5), (45.5, 103.5)), ((69.5, 117.5), (70.5, 117.5)), ((46.5, 93.5), (46.5, 94.5)), ((79.5, 85.5), (79.5, 86.5)), ((45.5, 103.5), (46.5, 103.5)), ((47.5, 91.5), (48.5, 91.5)), ((77.5, 85.5), (78.5, 85.5)), ((80.5, 99.5), (80.5, 100.5)), ((74.5, 115.5), (75.5, 115.5)), ((80.5, 93.5), (80.5, 94.5)), ((45.5, 89.5), (45.5, 90.5)), ((58.5, 117.5), (59.5, 117.5)), ((47.5, 93.5), (48.5, 93.5)), ((79.5, 102.5), (79.5, 103.5)), ((56.5, 117.5), (57.5, 117.5)), ((46.5, 105.5), (46.5, 106.5)), ((46.5, 90.5), (46.5, 91.5)), ((52.5, 101.5), (53.5, 101.5)), ((75.5, 91.5), (75.5, 92.5)), ((72.5, 98.5), (73.5, 98.5)), ((73.5, 116.5), (74.5, 116.5)), ((68.5, 105.5), (68.5, 106.5)), ((80.5, 94.5), (80.5, 95.5)), ((80.5, 97.5), (80.5, 98.5)), ((47.5, 87.5), (48.5, 87.5)), ((79.5, 107.5), (79.5, 108.5)), ((74.5, 95.5), (75.5, 95.5)), ((51.5, 113.5), (51.5, 114.5)), ((78.5, 110.5), (78.5, 111.5)), ((80.5, 86.5), (80.5, 87.5)), ((56.5, 106.5), (57.5, 106.5)), ((45.5, 97.5), (45.5, 98.5)), ((50.5, 97.5), (50.5, 98.5)), ((50.5, 111.5), (50.5, 112.5)), ((46.5, 106.5), (47.5, 106.5)), ((62.5, 117.5), (63.5, 117.5)), ((47.5, 106.5), (47.5, 107.5)), ((66.5, 117.5), (67.5, 117.5)), ((46.5, 103.5), (46.5, 104.5)), ((73.5, 97.5), (74.5, 97.5)), ((76.5, 114.5), (76.5, 115.5)), ((76.5, 85.5), (76.5, 86.5)), ((57.5, 106.5), (57.5, 107.5)), ((48.5, 94.5), (48.5, 95.5)), ((53.5, 101.5), (53.5, 102.5)), ((49.5, 111.5), (50.5, 111.5)), ((71.5, 116.5), (72.5, 116.5)), ((49.5, 110.5), (49.5, 111.5)), ((55.5, 105.5), (56.5, 105.5)), ((76.5, 85.5), (77.5, 85.5)), ((78.5, 111.5), (78.5, 112.5)), ((63.5, 109.5), (64.5, 109.5)), ((75.5, 94.5), (75.5, 95.5)), ((75.5, 88.5), (75.5, 89.5)), ((45.5, 98.5), (45.5, 99.5)), ((50.5, 113.5), (51.5, 113.5)), ((48.5, 88.5), (48.5, 89.5)), ((59.5, 107.5), (59.5, 108.5)), ((75.5, 87.5), (76.5, 87.5)), ((54.5, 117.5), (55.5, 117.5)), ((52.5, 116.5), (53.5, 116.5)), ((49.5, 97.5), (50.5, 97.5)), ((51.5, 98.5), (51.5, 99.5)), ((79.5, 108.5), (79.5, 109.5)), ((79.5, 101.5), (80.5, 101.5)), ((64.5, 116.5), (64.5, 117.5)), ((60.5, 108.5), (60.5, 109.5)), ((79.5, 86.5), (80.5, 86.5)), ((67.5, 117.5), (68.5, 117.5)), ((57.5, 107.5), (58.5, 107.5)), ((48.5, 110.5), (49.5, 110.5)), ((53.5, 102.5), (54.5, 102.5)), ((77.5, 113.5), (77.5, 114.5)), ((79.5, 105.5), (79.5, 106.5)), ((74.5, 96.5), (74.5, 97.5)), ((72.5, 116.5), (73.5, 116.5)), ((75.5, 87.5), (75.5, 88.5)), ((54.5, 102.5), (54.5, 103.5)), ((80.5, 95.5), (80.5, 96.5)), ((46.5, 92.5), (46.5, 93.5)), ((70.5, 101.5), (71.5, 101.5)), ((78.5, 85.5), (79.5, 85.5)), ((64.5, 109.5), (65.5, 109.5)), ((48.5, 93.5), (48.5, 94.5)), ((59.5, 117.5), (60.5, 117.5)), ((54.5, 104.5), (55.5, 104.5)), ((80.5, 98.5), (80.5, 99.5)), ((52.5, 100.5), (52.5, 101.5)), ((75.5, 92.5), (75.5, 93.5)), ((68.5, 105.5), (69.5, 105.5)), ((79.5, 101.5), (79.5, 102.5)), ((79.5, 104.5), (79.5, 105.5)), ((46.5, 104.5), (46.5, 105.5)), ((74.5, 95.5), (74.5, 96.5)), ((65.5, 116.5), (66.5, 116.5)), ((45.5, 101.5), (45.5, 102.5)), ((48.5, 108.5), (48.5, 109.5)), ((59.5, 108.5), (60.5, 108.5)), ((45.5, 100.5), (45.5, 101.5)), ((79.5, 103.5), (79.5, 104.5)), ((53.5, 116.5), (53.5, 117.5))}","{((71.5, 110.5), (71.5, 111.5)), ((61.5, 114.5), (62.5, 114.5)), ((66.5, 106.5), (66.5, 107.5)), ((67.5, 105.5), (68.5, 105.5)), ((69.5, 111.5), (70.5, 111.5)), ((75.5, 103.5), (76.5, 103.5)), ((49.5, 105.5), (49.5, 106.5)), ((74.5, 97.5), (74.5, 98.5)), ((57.5, 106.5), (58.5, 106.5)), ((47.5, 103.5), (48.5, 103.5)), ((45.5, 96.5), (46.5, 96.5)), ((57.5, 105.5), (57.5, 106.5)), ((73.5, 104.5), (73.5, 105.5)), ((72.5, 106.5), (72.5, 107.5)), ((77.5, 100.5), (78.5, 100.5)), ((77.5, 98.5), (77.5, 99.5)), ((50.5, 106.5), (51.5, 106.5)), ((77.5, 97.5), (77.5, 98.5)), ((73.5, 105.5), (73.5, 106.5)), ((75.5, 103.5), (75.5, 104.5)), ((75.5, 97.5), (76.5, 97.5)), ((71.5, 99.5), (72.5, 99.5)), ((68.5, 104.5), (68.5, 105.5)), ((51.5, 99.5), (52.5, 99.5)), ((70.5, 111.5), (71.5, 111.5)), ((73.5, 98.5), (74.5, 98.5)), ((55.5, 110.5), (55.5, 111.5)), ((60.5, 114.5), (61.5, 114.5)), ((78.5, 99.5), (78.5, 100.5)), ((52.5, 101.5), (52.5, 102.5)), ((57.5, 113.5), (58.5, 113.5)), ((52.5, 102.5), (53.5, 102.5)), ((56.5, 105.5), (57.5, 105.5)), ((65.5, 107.5), (66.5, 107.5)), ((51.5, 107.5), (51.5, 108.5)), ((77.5, 99.5), (78.5, 99.5)), ((47.5, 96.5), (48.5, 96.5)), ((54.5, 109.5), (54.5, 110.5)), ((51.5, 106.5), (51.5, 107.5)), ((49.5, 104.5), (49.5, 105.5)), ((48.5, 96.5), (49.5, 96.5)), ((64.5, 114.5), (65.5, 114.5)), ((71.5, 99.5), (71.5, 100.5)), ((76.5, 102.5), (76.5, 103.5)), ((60.5, 108.5), (61.5, 108.5)), ((74.5, 104.5), (75.5, 104.5)), ((65.5, 114.5), (66.5, 114.5)), ((72.5, 106.5), (73.5, 106.5)), ((53.5, 102.5), (53.5, 103.5)), ((76.5, 97.5), (77.5, 97.5)), ((68.5, 111.5), (69.5, 111.5)), ((73.5, 98.5), (73.5, 99.5)), ((66.5, 113.5), (67.5, 113.5)), ((53.5, 109.5), (54.5, 109.5)), ((71.5, 109.5), (71.5, 110.5)), ((58.5, 113.5), (59.5, 113.5)), ((77.5, 101.5), (77.5, 102.5)), ((46.5, 102.5), (47.5, 102.5)), ((54.5, 110.5), (55.5, 110.5)), ((47.5, 102.5), (47.5, 103.5)), ((69.5, 102.5), (69.5, 103.5)), ((51.5, 108.5), (52.5, 108.5)), ((76.5, 102.5), (77.5, 102.5)), ((68.5, 103.5), (69.5, 103.5)), ((59.5, 113.5), (60.5, 113.5)), ((45.5, 101.5), (46.5, 101.5)), ((62.5, 114.5), (63.5, 114.5)), ((72.5, 108.5), (72.5, 109.5)), ((56.5, 112.5), (56.5, 113.5)), ((65.5, 107.5), (65.5, 108.5)), ((61.5, 108.5), (61.5, 109.5)), ((53.5, 103.5), (54.5, 103.5)), ((71.5, 109.5), (72.5, 109.5)), ((54.5, 103.5), (55.5, 103.5)), ((72.5, 99.5), (73.5, 99.5)), ((56.5, 113.5), (57.5, 113.5)), ((52.5, 99.5), (52.5, 100.5)), ((69.5, 102.5), (70.5, 102.5)), ((46.5, 96.5), (47.5, 96.5)), ((68.5, 111.5), (68.5, 112.5)), ((67.5, 105.5), (67.5, 106.5)), ((66.5, 113.5), (66.5, 114.5)), ((74.5, 97.5), (75.5, 97.5)), ((49.5, 106.5), (50.5, 106.5)), ((66.5, 106.5), (67.5, 106.5)), ((73.5, 104.5), (74.5, 104.5)), ((55.5, 112.5), (56.5, 112.5)), ((68.5, 112.5), (68.5, 113.5)), ((48.5, 104.5), (49.5, 104.5)), ((52.5, 109.5), (53.5, 109.5)), ((55.5, 103.5), (55.5, 104.5)), ((68.5, 103.5), (68.5, 104.5)), ((72.5, 107.5), (72.5, 108.5)), ((60.5, 113.5), (60.5, 114.5)), ((58.5, 106.5), (58.5, 107.5)), ((52.5, 108.5), (52.5, 109.5)), ((48.5, 103.5), (48.5, 104.5)), ((67.5, 113.5), (68.5, 113.5)), ((77.5, 100.5), (77.5, 101.5)), ((55.5, 111.5), (55.5, 112.5)), ((63.5, 114.5), (64.5, 114.5)), ((46.5, 101.5), (46.5, 102.5))}"
67,4Prj3A5sMvSv1sK4u5ihkzlnU,20190129,0.6145833333333334,9.219544457292887,0.8620751375718605,123.046875,0.7394366197183099,0.06349206349206349,"{(51, 105), (76, 107), (65, 116), (57, 112), (68, 112), (47, 89), (77, 90), (77, 99), (80, 95), (77, 108), (50, 100), (58, 113), (69, 113), (50, 109), (61, 109), (73, 101), (62, 110), (73, 110), (54, 106), (54, 115), (72, 114), (51, 100), (76, 102), (46, 98), (65, 111), (76, 111), (57, 107), (49, 103), (57, 116), (68, 116), (77, 94), (80, 90), (77, 103), (77, 112), (50, 95), (58, 108), (69, 108), (50, 104), (58, 117), (61, 113), (72, 109), (53, 105), (53, 114), (64, 114), (76, 88), (76, 97), (46, 93), (76, 106), (65, 115), (49, 98), (57, 111), (68, 111), (77, 89), (49, 107), (77, 98), (80, 94), (77, 107), (50, 99), (50, 108), (75, 110), (72, 104), (72, 113), (53, 109), (56, 105), (56, 114), (76, 92), (46, 88), (76, 101), (46, 97), (65, 110), (49, 93), (76, 110), (57, 106), (49, 102), (57, 115), (68, 115), (77, 93), (80, 89), (75, 105), (60, 116), (52, 112), (75, 114), (72, 108), (53, 104), (53, 113), (64, 113), (56, 109), (76, 96), (46, 92), (76, 105), (49, 97), (57, 110), (68, 110), (49, 106), (80, 93), (71, 112), (63, 117), (75, 100), (60, 111), (52, 107), (75, 109), (72, 103), (72, 112), (53, 108), (64, 117), (56, 113), (76, 91), (46, 87), (76, 100), (46, 96), (49, 92), (79, 93), (49, 101), (79, 102), (48, 105), (71, 107), (71, 116), (63, 112), (75, 95), (52, 102), (75, 104), (60, 115), (52, 111), (75, 113), (72, 107), (53, 103), (56, 108), (78, 105), (67, 114), (59, 110), (70, 110), (79, 88), (79, 97), (79, 106), (48, 100), (71, 102), (71, 111), (63, 116), (75, 99), (60, 110), (52, 106), (75, 108), (74, 112), (78, 100), (55, 107), (67, 109), (78, 109), (70, 105), (55, 116), (59, 114), (70, 114), (79, 92), (79, 101), (48, 95), (48, 104), (71, 106), (71, 115), (63, 111), (52, 101), (52, 110), (74, 107), (66, 112), (78, 86), (78, 95), (78, 104), (47, 98), (55, 111), (67, 113), (59, 109), (70, 109), (79, 87), (79, 96), (48, 90), (79, 105), (48, 99), (74, 102), (51, 109), (74, 111), (66, 116), (78, 90), (78, 99), (47, 93), (55, 106), (78, 108), (47, 102), (70, 104), (55, 115), (59, 113), (70, 113), (79, 91), (48, 94), (48, 103), (73, 105), (62, 114), (73, 114), (54, 110), (74, 97), (51, 104), (74, 106), (74, 115), (66, 111), (78, 85), (78, 94), (47, 88), (78, 103), (47, 97), (55, 110), (59, 108), (70, 108), (58, 112), (69, 112), (48, 89), (48, 98), (61, 117), (73, 100), (73, 109), (54, 105), (54, 114), (51, 99), (74, 101), (51, 108), (74, 110), (66, 115), (78, 89), (78, 98), (47, 92), (55, 105), (47, 101), (77, 102), (77, 111), (58, 107), (69, 107), (50, 103), (58, 116), (69, 116), (61, 112), (73, 104), (62, 113), (73, 113), (54, 109), (51, 103), (74, 105), (51, 112), (65, 114), (76, 114), (47, 87), (77, 88), (47, 96), (77, 97), (77, 106), (50, 98), (58, 111), (69, 111), (50, 107), (61, 116), (73, 99), (73, 108), (54, 104), (54, 113), (51, 98), (76, 109), (57, 114), (68, 114), (47, 91), (77, 92), (80, 88), (77, 101), (80, 97), (77, 110), (69, 106), (50, 102), (58, 115), (69, 115), (50, 111), (61, 111), (73, 103), (54, 108), (72, 116), (53, 112), (64, 112), (56, 117), (76, 95), (46, 91), (76, 104), (65, 113), (49, 96), (76, 113), (57, 109), (68, 109), (77, 87), (49, 105), (77, 96), (80, 92), (77, 105), (50, 97), (58, 110), (69, 110), (50, 106), (61, 115), (72, 102), (72, 111), (53, 107), (53, 116), (64, 116), (56, 112), (76, 90), (76, 99), (46, 95), (76, 108), (49, 91), (49, 100), (57, 113), (68, 113), (77, 91), (49, 109), (80, 87), (77, 100), (80, 96), (50, 101), (75, 103), (60, 114), (75, 112), (72, 106), (53, 102), (72, 115), (53, 111), (64, 111), (56, 107), (56, 116), (76, 94), (46, 90), (76, 103), (46, 99), (65, 112), (49, 95), (76, 112), (57, 108), (68, 108), (77, 86), (49, 104), (57, 117), (80, 91), (71, 110), (50, 96), (63, 115), (75, 98), (60, 109), (52, 105), (75, 107), (52, 114), (72, 101), (72, 110), (53, 106), (53, 115), (64, 115), (56, 111), (76, 89), (76, 98), (46, 94), (49, 90), (49, 99), (79, 100), (49, 108), (80, 86), (71, 105), (71, 114), (63, 110), (52, 100), (75, 102), (60, 113), (52, 109), (75, 111), (72, 105), (53, 101), (53, 110), (64, 110), (56, 106), (56, 115), (76, 93), (67, 112), (46, 89), (79, 86), (59, 117), (49, 94), (79, 95), (79, 104), (48, 107), (71, 109), (63, 114), (75, 97), (52, 104), (75, 106), (60, 117), (52, 113), (75, 115), (56, 110), (78, 107), (55, 114), (67, 116), (59, 112), (70, 112), (49, 89), (79, 90), (79, 99), (48, 93), (48, 102), (71, 104), (71, 113), (52, 99), (75, 101), (60, 112), (52, 108), (74, 114), (66, 110), (78, 93), (78, 102), (55, 109), (67, 111), (78, 111), (47, 105), (70, 107), (79, 85), (59, 116), (70, 116), (79, 94), (48, 88), (79, 103), (48, 97), (48, 106), (71, 108), (63, 113), (62, 117), (75, 96), (52, 103), (74, 100), (51, 107), (74, 109), (66, 114), (78, 88), (78, 97), (55, 104), (78, 106), (47, 100), (55, 113), (67, 115), (59, 111), (70, 111), (79, 89), (79, 98), (48, 92), (48, 101), (71, 103), (62, 112), (73, 112), (51, 102), (74, 104), (51, 111), (74, 113), (66, 109), (78, 92), (47, 86), (78, 101), (47, 95), (55, 108), (67, 110), (78, 110), (47, 104), (70, 106), (55, 117), (59, 115), (70, 115), (48, 87), (48, 96), (73, 107), (54, 103), (62, 116), (73, 116), (54, 112), (74, 99), (51, 106), (74, 108), (66, 113), (78, 87), (78, 96), (47, 90), (47, 99), (55, 112), (77, 109), (58, 114), (69, 114), (48, 91), (50, 110), (61, 110), (73, 102), (62, 111), (73, 111), (54, 107), (54, 116), (51, 101), (74, 103), (51, 110), (78, 91), (47, 94), (77, 95), (47, 103), (77, 104), (77, 113), (58, 109), (69, 109), (50, 105), (61, 114), (73, 106), (62, 115), (73, 115), (54, 111), (74, 98)}","{(51, 105), (59, 110), (52, 104), (70, 110), (72, 100), (48, 100), (73, 99), (71, 102), (57, 112), (68, 112), (54, 104), (77, 99), (56, 110), (69, 104), (51, 98), (50, 100), (75, 99), (70, 103), (60, 110), (59, 112), (61, 109), (52, 106), (58, 113), (71, 104), (73, 101), (62, 110), (54, 106), (55, 107), (69, 106), (67, 109), (51, 100), (50, 102), (52, 99), (75, 101), (70, 105), (60, 112), (61, 111), (52, 108), (59, 114), (46, 98), (48, 95), (65, 111), (66, 110), (57, 107), (71, 106), (73, 103), (49, 103), (68, 107), (77, 94), (63, 111), (54, 108), (64, 112), (75, 94), (58, 108), (69, 108), (70, 107), (50, 104), (52, 101), (55, 109), (67, 111), (61, 113), (76, 95), (48, 97), (65, 113), (49, 96), (66, 112), (57, 109), (71, 108), (68, 109), (54, 101), (77, 96), (63, 113), (72, 109), (53, 105), (55, 102), (47, 98), (50, 97), (75, 96), (58, 110), (69, 110), (59, 109), (70, 109), (52, 103), (67, 113), (64, 114), (74, 100), (76, 97), (61, 115), (48, 99), (71, 101), (49, 98), (66, 114), (57, 111), (68, 111), (65, 115), (72, 102), (77, 98), (78, 97), (53, 107), (55, 104), (50, 99), (56, 112), (59, 111), (74, 102), (76, 99), (46, 95), (71, 103), (49, 100), (57, 113), (68, 113), (72, 104), (77, 100), (53, 100), (78, 99), (62, 112), (53, 109), (55, 106), (69, 105), (56, 105), (70, 104), (50, 101), (59, 113), (51, 102), (74, 104), (75, 103), (46, 97), (48, 94), (65, 110), (60, 114), (66, 109), (57, 106), (68, 106), (49, 102), (72, 106), (73, 105), (53, 102), (47, 95), (64, 111), (55, 108), (67, 110), (56, 107), (70, 106), (62, 114), (74, 97), (76, 94), (51, 104), (46, 99), (48, 96), (65, 112), (49, 95), (66, 111), (57, 108), (68, 108), (72, 99), (72, 108), (71, 110), (53, 104), (54, 103), (47, 97), (64, 113), (55, 110), (63, 115), (56, 109), (59, 108), (70, 108), (74, 99), (76, 96), (75, 98), (58, 112), (60, 109), (51, 106), (52, 105), (48, 98), (49, 97), (66, 113), (57, 110), (68, 110), (72, 101), (73, 100), (53, 106), (55, 103), (54, 105), (47, 99), (64, 115), (56, 111), (51, 99), (76, 98), (75, 100), (74, 101), (60, 111), (61, 110), (52, 107), (49, 99), (72, 103), (71, 105), (73, 102), (78, 98), (62, 111), (53, 108), (55, 105), (54, 107), (56, 104), (63, 110), (69, 111), (58, 107), (69, 107), (51, 101), (76, 100), (52, 100), (75, 102), (46, 96), (50, 103), (74, 103), (61, 112), (60, 113), (49, 101), (72, 105), (71, 107), (73, 104), (53, 101), (47, 94), (77, 95), (64, 110), (54, 109), (56, 106), (63, 112), (62, 113), (75, 95), (58, 109), (69, 109), (51, 103), (67, 112), (52, 102), (60, 115), (61, 114), (49, 94), (71, 100), (65, 114), (72, 107), (71, 109), (73, 106), (53, 103), (54, 102), (47, 96), (77, 97), (63, 114), (62, 115), (56, 108), (74, 98), (50, 98), (75, 97), (58, 111)}","{((46.5, 85.5), (46.5, 86.5)), ((53.5, 100.5), (53.5, 101.5)), ((51.5, 112.5), (51.5, 113.5)), ((68.5, 116.5), (69.5, 116.5)), ((80.5, 91.5), (80.5, 92.5)), ((76.5, 86.5), (76.5, 87.5)), ((50.5, 96.5), (50.5, 97.5)), ((79.5, 97.5), (80.5, 97.5)), ((74.5, 94.5), (75.5, 94.5)), ((73.5, 115.5), (73.5, 116.5)), ((57.5, 106.5), (58.5, 106.5)), ((46.5, 100.5), (46.5, 101.5)), ((70.5, 101.5), (70.5, 102.5)), ((61.5, 109.5), (62.5, 109.5)), ((57.5, 105.5), (57.5, 106.5)), ((56.5, 104.5), (56.5, 105.5)), ((62.5, 109.5), (63.5, 109.5)), ((78.5, 109.5), (78.5, 110.5)), ((80.5, 96.5), (80.5, 97.5)), ((78.5, 107.5), (78.5, 108.5)), ((80.5, 89.5), (80.5, 90.5)), ((75.5, 93.5), (75.5, 94.5)), ((70.5, 116.5), (71.5, 116.5)), ((79.5, 84.5), (79.5, 85.5)), ((50.5, 95.5), (50.5, 96.5)), ((65.5, 108.5), (65.5, 109.5)), ((50.5, 112.5), (51.5, 112.5)), ((76.5, 113.5), (76.5, 114.5)), ((55.5, 117.5), (56.5, 117.5)), ((73.5, 96.5), (73.5, 97.5)), ((75.5, 90.5), (75.5, 91.5)), ((72.5, 98.5), (72.5, 99.5)), ((80.5, 87.5), (80.5, 88.5)), ((49.5, 91.5), (49.5, 92.5)), ((64.5, 116.5), (65.5, 116.5)), ((69.5, 103.5), (69.5, 104.5)), ((45.5, 96.5), (45.5, 97.5)), ((56.5, 105.5), (57.5, 105.5)), ((49.5, 109.5), (49.5, 110.5)), ((63.5, 117.5), (64.5, 117.5)), ((72.5, 99.5), (72.5, 100.5)), ((46.5, 85.5), (47.5, 85.5)), ((80.5, 92.5), (80.5, 93.5)), ((45.5, 94.5), (45.5, 95.5)), ((60.5, 117.5), (61.5, 117.5)), ((60.5, 108.5), (61.5, 108.5)), ((45.5, 88.5), (45.5, 89.5)), ((78.5, 84.5), (79.5, 84.5)), ((71.5, 100.5), (72.5, 100.5)), ((48.5, 87.5), (48.5, 88.5)), ((65.5, 108.5), (66.5, 108.5)), ((57.5, 117.5), (58.5, 117.5)), ((50.5, 97.5), (51.5, 97.5)), ((45.5, 95.5), (45.5, 96.5)), ((49.5, 89.5), (49.5, 90.5)), ((79.5, 98.5), (79.5, 99.5)), ((48.5, 107.5), (48.5, 108.5)), ((58.5, 107.5), (59.5, 107.5)), ((69.5, 103.5), (70.5, 103.5)), ((77.5, 112.5), (77.5, 113.5)), ((71.5, 100.5), (71.5, 101.5)), ((49.5, 94.5), (50.5, 94.5)), ((73.5, 97.5), (73.5, 98.5)), ((75.5, 89.5), (75.5, 90.5)), ((79.5, 97.5), (79.5, 98.5)), ((54.5, 103.5), (55.5, 103.5)), ((77.5, 84.5), (78.5, 84.5)), ((51.5, 97.5), (51.5, 98.5)), ((66.5, 116.5), (67.5, 116.5)), ((70.5, 102.5), (70.5, 103.5)), ((69.5, 104.5), (69.5, 105.5)), ((80.5, 88.5), (80.5, 89.5)), ((52.5, 115.5), (52.5, 116.5)), ((79.5, 100.5), (79.5, 101.5)), ((61.5, 117.5), (62.5, 117.5)), ((80.5, 90.5), (80.5, 91.5)), ((52.5, 99.5), (52.5, 100.5)), ((45.5, 92.5), (45.5, 93.5)), ((77.5, 111.5), (78.5, 111.5)), ((48.5, 88.5), (49.5, 88.5)), ((79.5, 85.5), (80.5, 85.5)), ((67.5, 116.5), (68.5, 116.5)), ((55.5, 103.5), (55.5, 104.5)), ((45.5, 86.5), (45.5, 87.5)), ((73.5, 115.5), (74.5, 115.5)), ((69.5, 116.5), (70.5, 116.5)), ((76.5, 113.5), (77.5, 113.5)), ((74.5, 115.5), (75.5, 115.5)), ((80.5, 93.5), (80.5, 94.5)), ((45.5, 89.5), (45.5, 90.5)), ((58.5, 117.5), (59.5, 117.5)), ((49.5, 88.5), (49.5, 89.5)), ((79.5, 102.5), (79.5, 103.5)), ((56.5, 117.5), (57.5, 117.5)), ((75.5, 91.5), (75.5, 92.5)), ((72.5, 98.5), (73.5, 98.5)), ((45.5, 86.5), (46.5, 86.5)), ((68.5, 105.5), (68.5, 106.5)), ((80.5, 94.5), (80.5, 95.5)), ((45.5, 93.5), (45.5, 94.5)), ((51.5, 113.5), (51.5, 114.5)), ((78.5, 110.5), (78.5, 111.5)), ((52.5, 100.5), (53.5, 100.5)), ((80.5, 86.5), (80.5, 87.5)), ((66.5, 108.5), (67.5, 108.5)), ((45.5, 97.5), (45.5, 98.5)), ((46.5, 102.5), (46.5, 103.5)), ((50.5, 111.5), (50.5, 112.5)), ((53.5, 116.5), (54.5, 116.5)), ((62.5, 117.5), (63.5, 117.5)), ((55.5, 104.5), (56.5, 104.5)), ((47.5, 106.5), (47.5, 107.5)), ((46.5, 103.5), (46.5, 104.5)), ((78.5, 106.5), (79.5, 106.5)), ((49.5, 92.5), (49.5, 93.5)), ((76.5, 85.5), (76.5, 86.5)), ((53.5, 101.5), (53.5, 102.5)), ((49.5, 111.5), (50.5, 111.5)), ((71.5, 116.5), (72.5, 116.5)), ((47.5, 85.5), (47.5, 86.5)), ((49.5, 110.5), (49.5, 111.5)), ((79.5, 99.5), (79.5, 100.5)), ((46.5, 99.5), (46.5, 100.5)), ((45.5, 91.5), (45.5, 92.5)), ((76.5, 85.5), (77.5, 85.5)), ((47.5, 86.5), (48.5, 86.5)), ((78.5, 108.5), (78.5, 109.5)), ((63.5, 109.5), (64.5, 109.5)), ((77.5, 111.5), (77.5, 112.5)), ((75.5, 88.5), (75.5, 89.5)), ((75.5, 114.5), (76.5, 114.5)), ((45.5, 98.5), (45.5, 99.5)), ((59.5, 107.5), (59.5, 108.5)), ((75.5, 87.5), (76.5, 87.5)), ((67.5, 107.5), (68.5, 107.5)), ((54.5, 117.5), (55.5, 117.5)), ((52.5, 98.5), (52.5, 99.5)), ((52.5, 114.5), (52.5, 115.5)), ((61.5, 108.5), (61.5, 109.5)), ((45.5, 87.5), (45.5, 88.5)), ((45.5, 90.5), (45.5, 91.5)), ((78.5, 106.5), (78.5, 107.5)), ((49.5, 90.5), (49.5, 91.5)), ((49.5, 93.5), (49.5, 94.5)), ((52.5, 116.5), (53.5, 116.5)), ((64.5, 116.5), (64.5, 117.5)), ((47.5, 105.5), (47.5, 106.5)), ((45.5, 99.5), (46.5, 99.5)), ((68.5, 106.5), (68.5, 107.5)), ((53.5, 102.5), (54.5, 102.5)), ((51.5, 114.5), (52.5, 114.5)), ((75.5, 114.5), (75.5, 115.5)), ((79.5, 105.5), (79.5, 106.5)), ((72.5, 116.5), (73.5, 116.5)), ((54.5, 116.5), (54.5, 117.5)), ((48.5, 109.5), (49.5, 109.5)), ((75.5, 87.5), (75.5, 88.5)), ((54.5, 102.5), (54.5, 103.5)), ((80.5, 95.5), (80.5, 96.5)), ((47.5, 107.5), (48.5, 107.5)), ((70.5, 101.5), (71.5, 101.5)), ((64.5, 109.5), (65.5, 109.5)), ((59.5, 117.5), (60.5, 117.5)), ((67.5, 107.5), (67.5, 108.5)), ((48.5, 86.5), (48.5, 87.5)), ((75.5, 92.5), (75.5, 93.5)), ((51.5, 98.5), (52.5, 98.5)), ((68.5, 105.5), (69.5, 105.5)), ((80.5, 85.5), (80.5, 86.5)), ((74.5, 94.5), (74.5, 95.5)), ((79.5, 101.5), (79.5, 102.5)), ((50.5, 94.5), (50.5, 95.5)), ((79.5, 104.5), (79.5, 105.5)), ((46.5, 104.5), (46.5, 105.5)), ((77.5, 84.5), (77.5, 85.5)), ((74.5, 95.5), (74.5, 96.5)), ((58.5, 106.5), (58.5, 107.5)), ((73.5, 96.5), (74.5, 96.5)), ((65.5, 116.5), (66.5, 116.5)), ((46.5, 105.5), (47.5, 105.5)), ((48.5, 108.5), (48.5, 109.5)), ((59.5, 108.5), (60.5, 108.5)), ((46.5, 101.5), (46.5, 102.5)), ((79.5, 103.5), (79.5, 104.5))}","{((55.5, 101.5), (55.5, 102.5)), ((67.5, 105.5), (68.5, 105.5)), ((75.5, 93.5), (76.5, 93.5)), ((56.5, 103.5), (56.5, 104.5)), ((76.5, 93.5), (77.5, 93.5)), ((45.5, 94.5), (46.5, 94.5)), ((74.5, 103.5), (74.5, 104.5)), ((49.5, 95.5), (49.5, 96.5)), ((60.5, 115.5), (61.5, 115.5)), ((58.5, 114.5), (59.5, 114.5)), ((77.5, 99.5), (77.5, 100.5)), ((69.5, 110.5), (69.5, 111.5)), ((70.5, 99.5), (71.5, 99.5)), ((73.5, 104.5), (73.5, 105.5)), ((48.5, 103.5), (49.5, 103.5)), ((72.5, 106.5), (72.5, 107.5)), ((65.5, 114.5), (65.5, 115.5)), ((78.5, 98.5), (78.5, 99.5)), ((49.5, 104.5), (50.5, 104.5)), ((74.5, 93.5), (75.5, 93.5)), ((64.5, 115.5), (65.5, 115.5)), ((50.5, 106.5), (51.5, 106.5)), ((73.5, 105.5), (73.5, 106.5)), ((68.5, 104.5), (68.5, 105.5)), ((55.5, 110.5), (55.5, 111.5)), ((49.5, 96.5), (50.5, 96.5)), ((53.5, 100.5), (54.5, 100.5)), ((75.5, 101.5), (75.5, 102.5)), ((46.5, 93.5), (47.5, 93.5)), ((54.5, 101.5), (55.5, 101.5)), ((57.5, 113.5), (58.5, 113.5)), ((69.5, 110.5), (70.5, 110.5)), ((51.5, 107.5), (51.5, 108.5)), ((77.5, 99.5), (78.5, 99.5)), ((54.5, 109.5), (54.5, 110.5)), ((51.5, 106.5), (51.5, 107.5)), ((75.5, 102.5), (75.5, 103.5)), ((62.5, 115.5), (63.5, 115.5)), ((75.5, 100.5), (76.5, 100.5)), ((65.5, 114.5), (66.5, 114.5)), ((72.5, 106.5), (73.5, 106.5)), ((47.5, 100.5), (48.5, 100.5)), ((50.5, 104.5), (50.5, 105.5)), ((66.5, 113.5), (67.5, 113.5)), ((68.5, 111.5), (69.5, 111.5)), ((53.5, 109.5), (54.5, 109.5)), ((71.5, 109.5), (71.5, 110.5)), ((70.5, 99.5), (70.5, 100.5)), ((59.5, 115.5), (60.5, 115.5)), ((54.5, 110.5), (55.5, 110.5)), ((77.5, 95.5), (77.5, 96.5)), ((69.5, 102.5), (69.5, 103.5)), ((51.5, 108.5), (52.5, 108.5)), ((78.5, 97.5), (78.5, 98.5)), ((48.5, 93.5), (49.5, 93.5)), ((68.5, 103.5), (69.5, 103.5)), ((50.5, 105.5), (50.5, 106.5)), ((76.5, 100.5), (77.5, 100.5)), ((53.5, 99.5), (53.5, 100.5)), ((47.5, 99.5), (47.5, 100.5)), ((77.5, 93.5), (77.5, 94.5)), ((48.5, 101.5), (48.5, 102.5)), ((72.5, 108.5), (72.5, 109.5)), ((71.5, 98.5), (72.5, 98.5)), ((67.5, 106.5), (67.5, 107.5)), ((56.5, 112.5), (56.5, 113.5)), ((55.5, 103.5), (56.5, 103.5)), ((71.5, 109.5), (72.5, 109.5)), ((70.5, 110.5), (71.5, 110.5)), ((49.5, 103.5), (49.5, 104.5)), ((58.5, 113.5), (58.5, 114.5)), ((46.5, 99.5), (47.5, 99.5)), ((56.5, 113.5), (57.5, 113.5)), ((75.5, 100.5), (75.5, 101.5)), ((63.5, 115.5), (64.5, 115.5)), ((54.5, 100.5), (54.5, 101.5)), ((69.5, 102.5), (70.5, 102.5)), ((55.5, 102.5), (55.5, 103.5)), ((68.5, 111.5), (68.5, 112.5)), ((67.5, 105.5), (67.5, 106.5)), ((71.5, 98.5), (71.5, 99.5)), ((66.5, 113.5), (66.5, 114.5)), ((74.5, 103.5), (75.5, 103.5)), ((61.5, 115.5), (62.5, 115.5)), ((73.5, 104.5), (74.5, 104.5)), ((70.5, 100.5), (70.5, 101.5)), ((55.5, 112.5), (56.5, 112.5)), ((68.5, 112.5), (68.5, 113.5)), ((78.5, 96.5), (78.5, 97.5)), ((59.5, 114.5), (59.5, 115.5)), ((77.5, 96.5), (78.5, 96.5)), ((77.5, 94.5), (77.5, 95.5)), ((48.5, 102.5), (48.5, 103.5)), ((52.5, 109.5), (53.5, 109.5)), ((48.5, 100.5), (48.5, 101.5)), ((52.5, 99.5), (53.5, 99.5)), ((46.5, 93.5), (46.5, 94.5)), ((68.5, 103.5), (68.5, 104.5)), ((72.5, 107.5), (72.5, 108.5)), ((52.5, 108.5), (52.5, 109.5)), ((74.5, 93.5), (74.5, 94.5)), ((67.5, 113.5), (68.5, 113.5)), ((55.5, 111.5), (55.5, 112.5)), ((49.5, 94.5), (49.5, 95.5)), ((47.5, 93.5), (48.5, 93.5))}"
68,4Prj3A5sMvSv1sK4u5ihkzlnU,20190129,0.6076696165191741,10.198039027185569,0.8447342447968665,131.25,0.8115942028985508,0.2076923076923077,"{(51, 105), (76, 107), (65, 116), (57, 112), (68, 112), (47, 89), (77, 108), (50, 100), (58, 113), (69, 113), (50, 109), (61, 109), (62, 110), (73, 110), (54, 106), (54, 115), (72, 114), (51, 100), (65, 111), (76, 111), (57, 107), (49, 103), (57, 116), (68, 116), (77, 94), (80, 90), (77, 103), (58, 108), (69, 108), (50, 104), (58, 117), (61, 113), (72, 109), (53, 105), (53, 114), (64, 114), (76, 97), (46, 93), (76, 106), (65, 115), (49, 98), (57, 111), (68, 111), (49, 107), (80, 94), (77, 107), (50, 99), (50, 108), (75, 110), (72, 104), (72, 113), (53, 109), (56, 105), (56, 114), (46, 88), (46, 97), (65, 110), (76, 110), (57, 106), (49, 102), (57, 115), (68, 115), (77, 93), (80, 89), (75, 105), (60, 116), (52, 112), (75, 114), (72, 108), (53, 104), (53, 113), (64, 113), (56, 109), (76, 96), (46, 92), (76, 105), (49, 97), (57, 110), (68, 110), (49, 106), (80, 93), (71, 112), (60, 111), (52, 107), (75, 109), (72, 103), (72, 112), (53, 108), (56, 113), (46, 87), (46, 96), (49, 92), (79, 93), (49, 101), (48, 105), (71, 107), (71, 116), (63, 112), (52, 102), (75, 104), (60, 115), (52, 111), (75, 113), (72, 107), (53, 103), (56, 108), (78, 105), (67, 114), (59, 110), (70, 110), (79, 97), (48, 100), (71, 102), (71, 111), (63, 116), (60, 110), (52, 106), (75, 108), (74, 112), (55, 107), (67, 109), (70, 105), (55, 116), (59, 114), (70, 114), (79, 92), (48, 95), (48, 104), (71, 106), (71, 115), (63, 111), (52, 101), (52, 110), (74, 107), (66, 112), (78, 86), (78, 95), (78, 104), (47, 98), (55, 111), (67, 113), (59, 109), (70, 109), (79, 87), (79, 96), (48, 90), (48, 99), (51, 109), (74, 111), (66, 116), (47, 93), (55, 106), (78, 108), (47, 102), (70, 104), (55, 115), (59, 113), (70, 113), (79, 91), (48, 94), (48, 103), (73, 105), (62, 114), (73, 114), (54, 110), (51, 104), (74, 106), (74, 115), (66, 111), (78, 94), (47, 88), (78, 103), (47, 97), (55, 110), (59, 108), (70, 108), (58, 112), (69, 112), (48, 89), (48, 98), (61, 117), (73, 109), (54, 105), (54, 114), (51, 99), (51, 108), (74, 110), (66, 115), (47, 92), (55, 105), (47, 101), (77, 111), (58, 107), (69, 107), (50, 103), (58, 116), (69, 116), (61, 112), (73, 104), (62, 113), (73, 113), (54, 109), (51, 103), (74, 105), (65, 114), (47, 87), (77, 88), (47, 96), (77, 97), (77, 106), (50, 98), (69, 111), (58, 111), (50, 107), (61, 116), (73, 108), (54, 104), (54, 113), (51, 98), (76, 109), (57, 114), (68, 114), (47, 91), (80, 88), (77, 110), (69, 106), (50, 102), (58, 115), (69, 115), (61, 111), (73, 103), (54, 108), (72, 116), (53, 112), (64, 112), (76, 95), (46, 91), (76, 104), (65, 113), (76, 113), (57, 109), (68, 109), (77, 87), (49, 105), (77, 96), (80, 92), (77, 105), (50, 97), (58, 110), (69, 110), (50, 106), (61, 115), (72, 102), (72, 111), (53, 107), (64, 116), (56, 112), (46, 95), (76, 108), (49, 91), (49, 100), (57, 113), (68, 113), (80, 87), (50, 101), (60, 114), (75, 112), (72, 106), (53, 102), (72, 115), (53, 111), (64, 111), (56, 107), (56, 116), (76, 94), (46, 90), (65, 112), (76, 112), (57, 108), (68, 108), (49, 104), (57, 117), (80, 91), (71, 110), (63, 115), (60, 109), (52, 105), (75, 107), (72, 101), (72, 110), (53, 106), (53, 115), (64, 115), (56, 111), (46, 94), (49, 99), (49, 108), (80, 86), (71, 105), (71, 114), (63, 110), (52, 100), (60, 113), (52, 109), (75, 111), (72, 105), (53, 101), (53, 110), (64, 110), (56, 106), (56, 115), (67, 112), (46, 89), (79, 86), (59, 117), (79, 95), (71, 109), (63, 114), (75, 97), (52, 104), (75, 106), (60, 117), (52, 113), (56, 110), (78, 107), (55, 114), (67, 116), (59, 112), (70, 112), (48, 93), (48, 102), (71, 104), (71, 113), (52, 99), (60, 112), (52, 108), (74, 114), (66, 110), (78, 93), (78, 102), (55, 109), (67, 111), (70, 107), (79, 85), (59, 116), (70, 116), (79, 94), (48, 88), (48, 97), (48, 106), (71, 108), (63, 113), (52, 103), (51, 107), (74, 109), (66, 114), (78, 97), (55, 104), (78, 106), (47, 100), (55, 113), (67, 115), (59, 111), (70, 111), (79, 98), (48, 92), (48, 101), (71, 103), (62, 112), (73, 112), (51, 102), (74, 104), (51, 111), (74, 113), (66, 109), (47, 95), (55, 108), (67, 110), (70, 106), (59, 115), (70, 115), (48, 96), (73, 107), (54, 103), (62, 116), (54, 112), (51, 97), (51, 106), (74, 108), (66, 113), (78, 87), (78, 96), (47, 90), (47, 99), (55, 112), (77, 109), (58, 114), (69, 114), (48, 91), (61, 110), (62, 111), (73, 111), (54, 107), (54, 116), (51, 101), (51, 110), (47, 94), (77, 95), (47, 103), (77, 104), (58, 109), (69, 109), (50, 105), (61, 114), (73, 106), (62, 115), (73, 115), (54, 111)}","{(59, 110), (70, 110), (52, 104), (72, 100), (48, 100), (73, 99), (71, 102), (57, 112), (71, 111), (68, 112), (54, 104), (77, 99), (56, 110), (51, 98), (50, 100), (75, 99), (58, 113), (60, 110), (59, 112), (70, 112), (52, 106), (69, 113), (71, 104), (73, 101), (62, 110), (54, 106), (55, 107), (69, 106), (67, 109), (51, 100), (50, 102), (52, 99), (75, 101), (70, 105), (60, 112), (61, 111), (52, 108), (59, 114), (76, 102), (48, 95), (65, 111), (66, 110), (57, 107), (71, 106), (73, 103), (68, 107), (63, 111), (54, 108), (50, 95), (55, 109), (58, 108), (69, 108), (70, 107), (67, 111), (52, 101), (64, 112), (61, 113), (76, 95), (48, 97), (65, 113), (49, 96), (66, 112), (57, 109), (71, 108), (68, 109), (54, 101), (77, 96), (63, 113), (72, 109), (53, 105), (55, 102), (47, 98), (50, 97), (75, 96), (58, 110), (69, 110), (59, 109), (70, 109), (52, 103), (55, 111), (67, 113), (64, 114), (74, 100), (76, 97), (61, 115), (48, 99), (73, 98), (49, 98), (71, 101), (57, 111), (68, 111), (66, 114), (65, 115), (72, 102), (77, 98), (78, 97), (53, 107), (55, 104), (50, 99), (56, 112), (59, 111), (70, 111), (74, 102), (76, 99), (71, 103), (49, 100), (57, 113), (68, 113), (72, 104), (77, 100), (53, 100), (78, 99), (62, 112), (53, 109), (55, 106), (69, 105), (56, 105), (70, 104), (50, 101), (59, 113), (51, 102), (76, 101), (75, 103), (74, 104), (60, 114), (48, 94), (65, 110), (66, 109), (57, 106), (68, 106), (72, 106), (73, 105), (53, 102), (47, 95), (50, 94), (55, 108), (54, 110), (56, 107), (70, 106), (67, 110), (64, 111), (62, 114), (74, 97), (51, 104), (76, 103), (75, 105), (74, 106), (48, 96), (65, 112), (49, 95), (66, 111), (57, 108), (68, 108), (72, 99), (72, 108), (71, 110), (73, 107), (53, 104), (54, 103), (47, 97), (50, 96), (55, 110), (64, 113), (56, 109), (59, 108), (70, 108), (63, 115), (51, 97), (76, 96), (75, 98), (74, 99), (58, 112), (69, 112), (52, 105), (48, 98), (49, 97), (66, 113), (57, 110), (68, 110), (72, 101), (73, 100), (53, 106), (55, 103), (54, 105), (47, 99), (64, 115), (56, 111), (51, 99), (76, 98), (52, 98), (75, 100), (74, 101), (60, 111), (61, 110), (52, 107), (49, 99), (72, 103), (71, 105), (73, 102), (53, 99), (78, 98), (62, 111), (53, 108), (55, 105), (54, 107), (56, 104), (63, 110), (69, 111), (56, 113), (58, 107), (69, 107), (51, 101), (76, 100), (52, 100), (75, 102), (50, 103), (74, 103), (61, 112), (60, 113), (49, 101), (72, 105), (71, 107), (73, 104), (53, 101), (54, 100), (47, 94), (77, 95), (64, 110), (54, 109), (56, 106), (63, 112), (62, 113), (75, 95), (58, 109), (69, 109), (51, 103), (74, 105), (52, 102), (75, 104), (67, 112), (60, 115), (61, 114), (49, 94), (72, 98), (71, 100), (65, 114), (72, 107), (71, 109), (73, 106), (53, 103), (54, 102), (47, 96), (77, 97), (63, 114), (62, 115), (56, 108), (74, 98), (50, 98), (75, 97), (58, 111)}","{((77.5, 85.5), (77.5, 86.5)), ((53.5, 100.5), (53.5, 101.5)), ((51.5, 112.5), (51.5, 113.5)), ((68.5, 116.5), (69.5, 116.5)), ((75.5, 93.5), (76.5, 93.5)), ((75.5, 103.5), (76.5, 103.5)), ((80.5, 91.5), (80.5, 92.5)), ((76.5, 86.5), (76.5, 87.5)), ((53.5, 115.5), (53.5, 116.5)), ((77.5, 108.5), (78.5, 108.5)), ((61.5, 116.5), (61.5, 117.5)), ((49.5, 108.5), (49.5, 109.5)), ((48.5, 89.5), (48.5, 90.5)), ((57.5, 106.5), (58.5, 106.5)), ((46.5, 100.5), (46.5, 101.5)), ((72.5, 115.5), (73.5, 115.5)), ((78.5, 105.5), (78.5, 106.5)), ((70.5, 101.5), (70.5, 102.5)), ((79.5, 95.5), (79.5, 96.5)), ((61.5, 109.5), (62.5, 109.5)), ((57.5, 105.5), (57.5, 106.5)), ((56.5, 104.5), (56.5, 105.5)), ((62.5, 109.5), (63.5, 109.5)), ((78.5, 107.5), (78.5, 108.5)), ((48.5, 106.5), (48.5, 107.5)), ((80.5, 89.5), (80.5, 90.5)), ((75.5, 93.5), (75.5, 94.5)), ((70.5, 116.5), (71.5, 116.5)), ((72.5, 100.5), (72.5, 101.5)), ((79.5, 84.5), (79.5, 85.5)), ((65.5, 108.5), (65.5, 109.5)), ((49.5, 96.5), (50.5, 96.5)), ((72.5, 102.5), (73.5, 102.5)), ((80.5, 87.5), (80.5, 88.5)), ((49.5, 91.5), (49.5, 92.5)), ((47.5, 103.5), (47.5, 104.5)), ((69.5, 103.5), (69.5, 104.5)), ((45.5, 96.5), (45.5, 97.5)), ((64.5, 116.5), (65.5, 116.5)), ((56.5, 105.5), (57.5, 105.5)), ((52.5, 115.5), (53.5, 115.5)), ((56.5, 116.5), (56.5, 117.5)), ((50.5, 110.5), (50.5, 111.5)), ((51.5, 113.5), (52.5, 113.5)), ((80.5, 92.5), (80.5, 93.5)), ((76.5, 102.5), (76.5, 103.5)), ((45.5, 94.5), (45.5, 95.5)), ((60.5, 117.5), (61.5, 117.5)), ((45.5, 88.5), (45.5, 89.5)), ((76.5, 112.5), (76.5, 113.5)), ((60.5, 108.5), (61.5, 108.5)), ((78.5, 84.5), (79.5, 84.5)), ((71.5, 100.5), (72.5, 100.5)), ((76.5, 97.5), (77.5, 97.5)), ((48.5, 87.5), (48.5, 88.5)), ((65.5, 108.5), (66.5, 108.5)), ((77.5, 97.5), (78.5, 97.5)), ((72.5, 101.5), (72.5, 102.5)), ((77.5, 101.5), (77.5, 102.5)), ((57.5, 117.5), (58.5, 117.5)), ((45.5, 95.5), (45.5, 96.5)), ((78.5, 97.5), (78.5, 98.5)), ((46.5, 103.5), (47.5, 103.5)), ((48.5, 107.5), (48.5, 108.5)), ((58.5, 107.5), (59.5, 107.5)), ((69.5, 103.5), (70.5, 103.5)), ((77.5, 87.5), (78.5, 87.5)), ((63.5, 116.5), (64.5, 116.5)), ((76.5, 111.5), (76.5, 112.5)), ((47.5, 104.5), (47.5, 105.5)), ((46.5, 98.5), (46.5, 99.5)), ((71.5, 100.5), (71.5, 101.5)), ((78.5, 103.5), (78.5, 104.5)), ((79.5, 97.5), (79.5, 98.5)), ((54.5, 103.5), (55.5, 103.5)), ((48.5, 92.5), (49.5, 92.5)), ((51.5, 97.5), (51.5, 98.5)), ((66.5, 116.5), (67.5, 116.5)), ((70.5, 102.5), (70.5, 103.5)), ((47.5, 86.5), (47.5, 87.5)), ((75.5, 113.5), (75.5, 114.5)), ((69.5, 104.5), (69.5, 105.5)), ((80.5, 88.5), (80.5, 89.5)), ((62.5, 116.5), (63.5, 116.5)), ((48.5, 108.5), (49.5, 108.5)), ((75.5, 95.5), (75.5, 96.5)), ((76.5, 87.5), (76.5, 88.5)), ((76.5, 111.5), (77.5, 111.5)), ((80.5, 90.5), (80.5, 91.5)), ((52.5, 99.5), (52.5, 100.5)), ((45.5, 92.5), (45.5, 93.5)), ((76.5, 92.5), (76.5, 93.5)), ((61.5, 116.5), (62.5, 116.5)), ((74.5, 97.5), (75.5, 97.5)), ((74.5, 103.5), (75.5, 103.5)), ((45.5, 97.5), (46.5, 97.5)), ((79.5, 85.5), (80.5, 85.5)), ((67.5, 116.5), (68.5, 116.5)), ((55.5, 103.5), (55.5, 104.5)), ((45.5, 86.5), (45.5, 87.5)), ((73.5, 115.5), (74.5, 115.5)), ((69.5, 116.5), (70.5, 116.5)), ((47.5, 106.5), (48.5, 106.5)), ((77.5, 85.5), (78.5, 85.5)), ((46.5, 86.5), (47.5, 86.5)), ((80.5, 93.5), (80.5, 94.5)), ((77.5, 109.5), (77.5, 110.5)), ((51.5, 111.5), (51.5, 112.5)), ((45.5, 89.5), (45.5, 90.5)), ((58.5, 117.5), (59.5, 117.5)), ((74.5, 114.5), (75.5, 114.5)), ((56.5, 117.5), (57.5, 117.5)), ((79.5, 94.5), (80.5, 94.5)), ((49.5, 109.5), (50.5, 109.5)), ((45.5, 86.5), (46.5, 86.5)), ((68.5, 105.5), (68.5, 106.5)), ((47.5, 87.5), (48.5, 87.5)), ((78.5, 90.5), (78.5, 91.5)), ((45.5, 93.5), (45.5, 94.5)), ((52.5, 100.5), (53.5, 100.5)), ((80.5, 86.5), (80.5, 87.5)), ((66.5, 108.5), (67.5, 108.5)), ((46.5, 102.5), (46.5, 103.5)), ((75.5, 97.5), (76.5, 97.5)), ((53.5, 116.5), (54.5, 116.5)), ((55.5, 104.5), (56.5, 104.5)), ((78.5, 90.5), (79.5, 90.5)), ((79.5, 87.5), (79.5, 88.5)), ((78.5, 84.5), (78.5, 85.5)), ((78.5, 102.5), (78.5, 103.5)), ((48.5, 94.5), (48.5, 95.5)), ((53.5, 101.5), (53.5, 102.5)), ((77.5, 87.5), (77.5, 88.5)), ((48.5, 95.5), (48.5, 96.5)), ((77.5, 108.5), (77.5, 109.5)), ((76.5, 88.5), (77.5, 88.5)), ((75.5, 113.5), (76.5, 113.5)), ((72.5, 115.5), (72.5, 116.5)), ((50.5, 109.5), (50.5, 110.5)), ((48.5, 96.5), (49.5, 96.5)), ((78.5, 101.5), (78.5, 102.5)), ((48.5, 92.5), (48.5, 93.5)), ((71.5, 116.5), (72.5, 116.5)), ((76.5, 92.5), (77.5, 92.5)), ((79.5, 96.5), (79.5, 97.5)), ((46.5, 99.5), (46.5, 100.5)), ((78.5, 87.5), (79.5, 87.5)), ((45.5, 91.5), (45.5, 92.5)), ((63.5, 109.5), (64.5, 109.5)), ((75.5, 94.5), (75.5, 95.5)), ((76.5, 102.5), (77.5, 102.5)), ((51.5, 96.5), (51.5, 97.5)), ((54.5, 116.5), (55.5, 116.5)), ((48.5, 88.5), (48.5, 89.5)), ((59.5, 107.5), (59.5, 108.5)), ((67.5, 107.5), (68.5, 107.5)), ((73.5, 102.5), (73.5, 103.5)), ((77.5, 92.5), (78.5, 92.5)), ((52.5, 98.5), (52.5, 99.5)), ((46.5, 97.5), (46.5, 98.5)), ((52.5, 114.5), (52.5, 115.5)), ((61.5, 108.5), (61.5, 109.5)), ((45.5, 87.5), (45.5, 88.5)), ((45.5, 90.5), (45.5, 91.5)), ((78.5, 106.5), (78.5, 107.5)), ((49.5, 90.5), (49.5, 91.5)), ((47.5, 105.5), (47.5, 106.5)), ((68.5, 106.5), (68.5, 107.5)), ((53.5, 102.5), (54.5, 102.5)), ((73.5, 103.5), (74.5, 103.5)), ((77.5, 110.5), (77.5, 111.5)), ((76.5, 86.5), (77.5, 86.5)), ((48.5, 90.5), (49.5, 90.5)), ((78.5, 104.5), (78.5, 105.5)), ((74.5, 96.5), (74.5, 97.5)), ((74.5, 114.5), (74.5, 115.5)), ((77.5, 101.5), (78.5, 101.5)), ((54.5, 102.5), (54.5, 103.5)), ((79.5, 89.5), (79.5, 90.5)), ((70.5, 101.5), (71.5, 101.5)), ((79.5, 94.5), (79.5, 95.5)), ((52.5, 113.5), (52.5, 114.5)), ((48.5, 93.5), (48.5, 94.5)), ((64.5, 109.5), (65.5, 109.5)), ((59.5, 117.5), (60.5, 117.5)), ((78.5, 98.5), (79.5, 98.5)), ((67.5, 107.5), (67.5, 108.5)), ((78.5, 91.5), (78.5, 92.5)), ((51.5, 98.5), (52.5, 98.5)), ((68.5, 105.5), (69.5, 105.5)), ((80.5, 85.5), (80.5, 86.5)), ((55.5, 116.5), (56.5, 116.5)), ((50.5, 111.5), (51.5, 111.5)), ((50.5, 96.5), (51.5, 96.5)), ((58.5, 106.5), (58.5, 107.5)), ((65.5, 116.5), (66.5, 116.5)), ((79.5, 88.5), (79.5, 89.5)), ((74.5, 96.5), (75.5, 96.5)), ((59.5, 108.5), (60.5, 108.5)), ((46.5, 101.5), (46.5, 102.5))}","{((55.5, 101.5), (55.5, 102.5)), ((74.5, 105.5), (74.5, 106.5)), ((71.5, 110.5), (71.5, 111.5)), ((67.5, 105.5), (68.5, 105.5)), ((56.5, 103.5), (56.5, 104.5)), ((73.5, 106.5), (74.5, 106.5)), ((76.5, 101.5), (76.5, 102.5)), ((60.5, 115.5), (61.5, 115.5)), ((58.5, 114.5), (59.5, 114.5)), ((74.5, 94.5), (75.5, 94.5)), ((68.5, 113.5), (69.5, 113.5)), ((77.5, 99.5), (77.5, 100.5)), ((70.5, 99.5), (71.5, 99.5)), ((72.5, 107.5), (73.5, 107.5)), ((65.5, 114.5), (65.5, 115.5)), ((78.5, 98.5), (78.5, 99.5)), ((64.5, 115.5), (65.5, 115.5)), ((53.5, 109.5), (53.5, 110.5)), ((75.5, 103.5), (75.5, 104.5)), ((50.5, 95.5), (50.5, 96.5)), ((59.5, 109.5), (60.5, 109.5)), ((68.5, 104.5), (68.5, 105.5)), ((74.5, 105.5), (75.5, 105.5)), ((70.5, 111.5), (71.5, 111.5)), ((53.5, 110.5), (54.5, 110.5)), ((51.5, 105.5), (51.5, 106.5)), ((52.5, 98.5), (53.5, 98.5)), ((73.5, 96.5), (73.5, 97.5)), ((50.5, 104.5), (51.5, 104.5)), ((59.5, 108.5), (59.5, 109.5)), ((46.5, 93.5), (47.5, 93.5)), ((54.5, 101.5), (55.5, 101.5)), ((57.5, 113.5), (58.5, 113.5)), ((53.5, 99.5), (54.5, 99.5)), ((75.5, 94.5), (76.5, 94.5)), ((54.5, 110.5), (54.5, 111.5)), ((51.5, 107.5), (51.5, 108.5)), ((77.5, 99.5), (78.5, 99.5)), ((51.5, 106.5), (51.5, 107.5)), ((71.5, 97.5), (71.5, 98.5)), ((62.5, 115.5), (63.5, 115.5)), ((65.5, 114.5), (66.5, 114.5)), ((50.5, 93.5), (50.5, 94.5)), ((51.5, 104.5), (51.5, 105.5)), ((47.5, 100.5), (48.5, 100.5)), ((66.5, 113.5), (67.5, 113.5)), ((70.5, 111.5), (70.5, 112.5)), ((71.5, 109.5), (71.5, 110.5)), ((49.5, 103.5), (50.5, 103.5)), ((70.5, 99.5), (70.5, 100.5)), ((59.5, 115.5), (60.5, 115.5)), ((49.5, 101.5), (49.5, 102.5)), ((77.5, 95.5), (77.5, 96.5)), ((46.5, 96.5), (46.5, 97.5)), ((51.5, 108.5), (52.5, 108.5)), ((48.5, 93.5), (49.5, 93.5)), ((54.5, 99.5), (54.5, 100.5)), ((71.5, 97.5), (72.5, 97.5)), ((76.5, 100.5), (77.5, 100.5)), ((55.5, 112.5), (55.5, 113.5)), ((47.5, 99.5), (47.5, 100.5)), ((72.5, 108.5), (72.5, 109.5)), ((69.5, 112.5), (69.5, 113.5)), ((67.5, 106.5), (67.5, 107.5)), ((55.5, 103.5), (56.5, 103.5)), ((71.5, 109.5), (72.5, 109.5)), ((76.5, 94.5), (77.5, 94.5)), ((58.5, 113.5), (58.5, 114.5)), ((46.5, 99.5), (47.5, 99.5)), ((56.5, 113.5), (57.5, 113.5)), ((63.5, 115.5), (64.5, 115.5)), ((54.5, 100.5), (54.5, 101.5)), ((46.5, 94.5), (46.5, 95.5)), ((55.5, 102.5), (55.5, 103.5)), ((67.5, 105.5), (67.5, 106.5)), ((76.5, 100.5), (76.5, 101.5)), ((46.5, 95.5), (46.5, 96.5)), ((71.5, 98.5), (71.5, 99.5)), ((66.5, 113.5), (66.5, 114.5)), ((49.5, 93.5), (50.5, 93.5)), ((61.5, 115.5), (62.5, 115.5)), ((53.5, 98.5), (53.5, 99.5)), ((60.5, 109.5), (61.5, 109.5)), ((70.5, 100.5), (70.5, 101.5)), ((50.5, 103.5), (50.5, 104.5)), ((49.5, 102.5), (49.5, 103.5)), ((78.5, 96.5), (78.5, 97.5)), ((48.5, 101.5), (49.5, 101.5)), ((59.5, 114.5), (59.5, 115.5)), ((77.5, 96.5), (78.5, 96.5)), ((77.5, 94.5), (77.5, 95.5)), ((52.5, 109.5), (53.5, 109.5)), ((69.5, 112.5), (70.5, 112.5)), ((48.5, 100.5), (48.5, 101.5)), ((74.5, 94.5), (74.5, 95.5)), ((46.5, 93.5), (46.5, 94.5)), ((50.5, 94.5), (50.5, 95.5)), ((74.5, 95.5), (74.5, 96.5)), ((54.5, 111.5), (55.5, 111.5)), ((72.5, 97.5), (73.5, 97.5)), ((72.5, 107.5), (72.5, 108.5)), ((51.5, 97.5), (52.5, 97.5)), ((68.5, 104.5), (69.5, 104.5)), ((73.5, 96.5), (74.5, 96.5)), ((73.5, 106.5), (73.5, 107.5)), ((75.5, 104.5), (75.5, 105.5)), ((52.5, 108.5), (52.5, 109.5)), ((67.5, 113.5), (68.5, 113.5)), ((47.5, 93.5), (48.5, 93.5)), ((55.5, 113.5), (56.5, 113.5)), ((55.5, 111.5), (55.5, 112.5)), ((52.5, 97.5), (52.5, 98.5))}"
69,4Prj3A5sMvSv1sK4u5ihkzlnU,20190129,0.4233576642335767,14.035668847618199,2.2685153448241304,152.34375,0.8783783783783784,0.6813186813186813,"{(59, 110), (76, 107), (57, 112), (54, 113), (56, 110), (55, 114), (58, 113), (60, 110), (59, 112), (61, 109), (69, 113), (74, 112), (57, 114), (71, 113), (62, 110), (68, 114), (72, 114), (55, 107), (67, 109), (58, 115), (60, 112), (59, 114), (61, 111), (52, 108), (70, 114), (69, 115), (65, 111), (66, 110), (57, 107), (71, 115), (63, 111), (54, 108), (64, 112), (53, 112), (55, 109), (58, 108), (61, 113), (52, 110), (65, 113), (66, 112), (57, 109), (63, 113), (64, 114), (55, 111), (58, 110), (67, 113), (59, 109), (61, 115), (51, 107), (65, 115), (66, 114), (57, 111), (55, 113), (67, 115), (56, 112), (59, 111), (74, 111), (75, 110), (57, 113), (68, 113), (72, 113), (62, 112), (53, 109), (55, 106), (73, 112), (55, 115), (56, 114), (59, 113), (70, 113), (60, 114), (74, 113), (65, 110), (75, 112), (57, 115), (68, 115), (62, 114), (53, 111), (55, 108), (54, 110), (56, 107), (64, 111), (73, 114), (59, 115), (70, 115), (65, 112), (66, 111), (57, 108), (54, 103), (64, 113), (55, 110), (54, 112), (56, 109), (63, 115), (58, 112), (60, 109), (66, 113), (57, 110), (64, 115), (55, 112), (54, 114), (56, 111), (58, 114), (60, 111), (51, 108), (61, 110), (75, 109), (74, 110), (69, 114), (66, 115), (71, 114), (62, 111), (53, 108), (55, 105), (63, 110), (56, 113), (60, 113), (61, 112), (52, 109), (75, 111), (62, 113), (53, 110), (63, 112), (54, 109), (56, 106), (64, 110), (73, 113), (56, 115), (67, 112), (58, 109), (60, 115), (61, 114), (65, 114), (62, 115), (63, 114), (54, 111), (56, 108), (67, 114), (58, 111)}","{(51, 105), (50, 107), (52, 104), (75, 106), (59, 110), (70, 110), (79, 97), (48, 100), (57, 112), (71, 111), (73, 108), (68, 112), (54, 104), (77, 99), (56, 110), (51, 98), (50, 100), (75, 99), (58, 113), (60, 110), (59, 112), (70, 112), (52, 106), (69, 113), (48, 93), (71, 104), (73, 101), (68, 114), (62, 110), (54, 106), (77, 101), (78, 100), (55, 107), (69, 106), (67, 109), (51, 100), (50, 102), (52, 99), (75, 101), (70, 105), (60, 112), (61, 111), (52, 108), (59, 114), (76, 102), (48, 95), (65, 111), (66, 110), (68, 107), (71, 106), (73, 103), (49, 103), (77, 94), (63, 111), (54, 108), (77, 103), (50, 95), (75, 94), (69, 108), (55, 109), (70, 107), (50, 104), (52, 101), (67, 111), (64, 112), (61, 113), (76, 95), (79, 94), (52, 110), (48, 97), (65, 113), (49, 96), (66, 112), (57, 109), (71, 108), (68, 109), (77, 96), (63, 113), (78, 95), (72, 109), (53, 105), (47, 98), (50, 97), (75, 96), (58, 110), (69, 110), (59, 109), (50, 106), (52, 103), (70, 109), (55, 111), (67, 113), (74, 100), (76, 97), (79, 96), (46, 93), (51, 107), (48, 99), (49, 98), (66, 114), (57, 111), (68, 111), (72, 102), (77, 98), (78, 97), (53, 107), (50, 99), (56, 112), (59, 111), (70, 111), (74, 102), (76, 99), (46, 95), (51, 109), (71, 103), (49, 100), (57, 113), (68, 113), (72, 104), (77, 100), (53, 100), (78, 99), (47, 93), (53, 109), (55, 106), (62, 112), (70, 104), (50, 101), (59, 113), (70, 113), (51, 102), (76, 101), (75, 103), (74, 104), (46, 97), (48, 94), (65, 110), (49, 93), (60, 114), (67, 114), (49, 102), (77, 93), (72, 106), (73, 105), (53, 102), (47, 95), (50, 94), (55, 108), (54, 110), (56, 107), (70, 106), (67, 110), (64, 111), (62, 114), (74, 97), (76, 94), (51, 104), (76, 103), (75, 105), (74, 106), (48, 96), (65, 112), (49, 95), (66, 111), (57, 108), (68, 108), (78, 94), (72, 108), (71, 110), (73, 107), (53, 104), (54, 103), (47, 97), (50, 96), (55, 110), (64, 113), (56, 109), (70, 108), (51, 97), (76, 96), (75, 98), (74, 99), (58, 112), (51, 106), (69, 112), (52, 105), (48, 98), (49, 97), (66, 113), (57, 110), (68, 110), (72, 101), (73, 100), (78, 96), (71, 112), (73, 109), (53, 106), (54, 105), (47, 99), (56, 111), (64, 114), (51, 99), (76, 98), (75, 100), (74, 101), (46, 94), (51, 108), (61, 110), (52, 107), (60, 111), (49, 99), (72, 103), (71, 105), (73, 102), (78, 98), (62, 111), (53, 108), (55, 105), (54, 107), (63, 110), (69, 111), (77, 102), (56, 113), (69, 107), (51, 101), (76, 100), (52, 100), (75, 102), (46, 96), (50, 103), (74, 103), (49, 92), (52, 109), (61, 112), (60, 113), (49, 101), (72, 105), (71, 107), (73, 104), (53, 101), (47, 94), (77, 95), (53, 110), (54, 109), (56, 106), (64, 110), (63, 112), (62, 113), (75, 95), (58, 109), (69, 109), (51, 103), (50, 105), (52, 102), (75, 104), (74, 105), (67, 112), (61, 114), (49, 94), (79, 95), (65, 114), (72, 107), (71, 109), (73, 106), (53, 103), (47, 96), (77, 97), (63, 114), (56, 108), (74, 98), (50, 98), (75, 97), (58, 111)}","{((55.5, 104.5), (55.5, 105.5)), ((54.5, 104.5), (54.5, 105.5)), ((75.5, 110.5), (75.5, 111.5)), ((74.5, 112.5), (75.5, 112.5)), ((55.5, 115.5), (56.5, 115.5)), ((71.5, 114.5), (71.5, 115.5)), ((54.5, 114.5), (54.5, 115.5)), ((67.5, 111.5), (67.5, 112.5)), ((51.5, 107.5), (52.5, 107.5)), ((60.5, 115.5), (61.5, 115.5)), ((54.5, 106.5), (54.5, 107.5)), ((70.5, 115.5), (71.5, 115.5)), ((71.5, 112.5), (72.5, 112.5)), ((67.5, 112.5), (68.5, 112.5)), ((58.5, 107.5), (58.5, 108.5)), ((61.5, 109.5), (62.5, 109.5)), ((66.5, 109.5), (67.5, 109.5)), ((67.5, 115.5), (68.5, 115.5)), ((62.5, 109.5), (63.5, 109.5)), ((54.5, 115.5), (55.5, 115.5)), ((68.5, 115.5), (69.5, 115.5)), ((66.5, 108.5), (67.5, 108.5)), ((56.5, 106.5), (57.5, 106.5)), ((64.5, 115.5), (65.5, 115.5)), ((50.5, 106.5), (51.5, 106.5)), ((65.5, 115.5), (66.5, 115.5)), ((74.5, 108.5), (75.5, 108.5)), ((58.5, 108.5), (59.5, 108.5)), ((66.5, 110.5), (66.5, 111.5)), ((51.5, 109.5), (51.5, 110.5)), ((57.5, 106.5), (57.5, 107.5)), ((53.5, 114.5), (54.5, 114.5)), ((51.5, 110.5), (52.5, 110.5)), ((51.5, 106.5), (51.5, 107.5)), ((70.5, 112.5), (71.5, 112.5)), ((62.5, 115.5), (63.5, 115.5)), ((60.5, 108.5), (61.5, 108.5)), ((53.5, 102.5), (53.5, 103.5)), ((50.5, 107.5), (50.5, 108.5)), ((73.5, 113.5), (73.5, 114.5)), ((66.5, 109.5), (66.5, 110.5)), ((55.5, 105.5), (56.5, 105.5)), ((59.5, 115.5), (60.5, 115.5)), ((68.5, 112.5), (69.5, 112.5)), ((63.5, 109.5), (64.5, 109.5)), ((74.5, 108.5), (74.5, 109.5)), ((73.5, 109.5), (74.5, 109.5)), ((50.5, 106.5), (50.5, 107.5)), ((66.5, 115.5), (67.5, 115.5)), ((50.5, 108.5), (51.5, 108.5)), ((53.5, 113.5), (53.5, 114.5)), ((66.5, 108.5), (66.5, 109.5)), ((75.5, 106.5), (76.5, 106.5)), ((67.5, 108.5), (67.5, 109.5)), ((52.5, 112.5), (53.5, 112.5)), ((73.5, 113.5), (74.5, 113.5)), ((52.5, 110.5), (52.5, 111.5)), ((72.5, 111.5), (72.5, 112.5)), ((54.5, 105.5), (54.5, 106.5)), ((61.5, 108.5), (61.5, 109.5)), ((53.5, 103.5), (54.5, 103.5)), ((75.5, 107.5), (76.5, 107.5)), ((73.5, 110.5), (73.5, 111.5)), ((75.5, 108.5), (75.5, 109.5)), ((72.5, 114.5), (73.5, 114.5)), ((57.5, 107.5), (58.5, 107.5)), ((53.5, 102.5), (54.5, 102.5)), ((75.5, 111.5), (75.5, 112.5)), ((56.5, 105.5), (56.5, 106.5)), ((66.5, 111.5), (67.5, 111.5)), ((76.5, 106.5), (76.5, 107.5)), ((75.5, 106.5), (75.5, 107.5)), ((71.5, 114.5), (72.5, 114.5)), ((63.5, 115.5), (64.5, 115.5)), ((54.5, 102.5), (54.5, 103.5)), ((74.5, 112.5), (74.5, 113.5)), ((51.5, 108.5), (51.5, 109.5)), ((52.5, 107.5), (53.5, 107.5)), ((69.5, 115.5), (70.5, 115.5)), ((53.5, 107.5), (54.5, 107.5)), ((64.5, 109.5), (65.5, 109.5)), ((61.5, 115.5), (62.5, 115.5)), ((54.5, 104.5), (55.5, 104.5)), ((57.5, 115.5), (58.5, 115.5)), ((73.5, 109.5), (73.5, 110.5)), ((53.5, 112.5), (53.5, 113.5)), ((65.5, 109.5), (66.5, 109.5)), ((72.5, 111.5), (73.5, 111.5)), ((69.5, 112.5), (70.5, 112.5)), ((58.5, 115.5), (59.5, 115.5)), ((56.5, 115.5), (57.5, 115.5)), ((75.5, 109.5), (75.5, 110.5)), ((52.5, 111.5), (52.5, 112.5)), ((59.5, 108.5), (60.5, 108.5))}","{((71.5, 110.5), (71.5, 111.5)), ((73.5, 108.5), (73.5, 109.5)), ((61.5, 114.5), (62.5, 114.5)), ((53.5, 100.5), (53.5, 101.5)), ((46.5, 92.5), (47.5, 92.5)), ((73.5, 107.5), (73.5, 108.5)), ((75.5, 93.5), (76.5, 93.5)), ((73.5, 106.5), (74.5, 106.5)), ((75.5, 103.5), (76.5, 103.5)), ((49.5, 105.5), (49.5, 106.5)), ((68.5, 105.5), (68.5, 106.5)), ((58.5, 114.5), (59.5, 114.5)), ((68.5, 113.5), (69.5, 113.5)), ((45.5, 93.5), (45.5, 94.5)), ((49.5, 107.5), (50.5, 107.5)), ((72.5, 109.5), (73.5, 109.5)), ((79.5, 95.5), (79.5, 96.5)), ((78.5, 93.5), (79.5, 93.5)), ((71.5, 111.5), (71.5, 112.5)), ((48.5, 103.5), (49.5, 103.5)), ((78.5, 98.5), (78.5, 99.5)), ((49.5, 106.5), (49.5, 107.5)), ((74.5, 93.5), (75.5, 93.5)), ((77.5, 100.5), (78.5, 100.5)), ((78.5, 97.5), (79.5, 97.5)), ((75.5, 103.5), (75.5, 104.5)), ((50.5, 95.5), (50.5, 96.5)), ((70.5, 112.5), (70.5, 113.5)), ((52.5, 110.5), (53.5, 110.5)), ((59.5, 109.5), (60.5, 109.5)), ((50.5, 109.5), (51.5, 109.5)), ((53.5, 110.5), (54.5, 110.5)), ((73.5, 96.5), (73.5, 97.5)), ((60.5, 114.5), (61.5, 114.5)), ((48.5, 91.5), (48.5, 92.5)), ((57.5, 108.5), (58.5, 108.5)), ((59.5, 108.5), (59.5, 109.5)), ((78.5, 99.5), (78.5, 100.5)), ((49.5, 92.5), (49.5, 93.5)), ((57.5, 113.5), (58.5, 113.5)), ((49.5, 91.5), (49.5, 92.5)), ((53.5, 101.5), (53.5, 102.5)), ((56.5, 107.5), (57.5, 107.5)), ((69.5, 103.5), (69.5, 104.5)), ((45.5, 96.5), (45.5, 97.5)), ((54.5, 110.5), (54.5, 111.5)), ((67.5, 114.5), (68.5, 114.5)), ((49.5, 104.5), (49.5, 105.5)), ((72.5, 99.5), (72.5, 100.5)), ((64.5, 114.5), (65.5, 114.5)), ((67.5, 106.5), (68.5, 106.5)), ((45.5, 94.5), (45.5, 95.5)), ((65.5, 114.5), (66.5, 114.5)), ((50.5, 93.5), (50.5, 94.5)), ((76.5, 92.5), (77.5, 92.5)), ((79.5, 96.5), (79.5, 97.5)), ((71.5, 100.5), (72.5, 100.5)), ((47.5, 100.5), (48.5, 100.5)), ((73.5, 98.5), (73.5, 99.5)), ((68.5, 113.5), (68.5, 114.5)), ((77.5, 102.5), (77.5, 103.5)), ((71.5, 109.5), (71.5, 110.5)), ((77.5, 101.5), (77.5, 102.5)), ((71.5, 101.5), (71.5, 102.5)), ((70.5, 102.5), (71.5, 102.5)), ((79.5, 93.5), (79.5, 94.5)), ((74.5, 106.5), (75.5, 106.5)), ((76.5, 103.5), (77.5, 103.5)), ((45.5, 95.5), (45.5, 96.5)), ((78.5, 97.5), (78.5, 98.5)), ((47.5, 92.5), (48.5, 92.5)), ((57.5, 107.5), (57.5, 108.5)), ((48.5, 91.5), (49.5, 91.5)), ((56.5, 106.5), (56.5, 107.5)), ((51.5, 96.5), (51.5, 97.5)), ((69.5, 113.5), (70.5, 113.5)), ((69.5, 103.5), (70.5, 103.5)), ((53.5, 99.5), (53.5, 100.5)), ((55.5, 112.5), (55.5, 113.5)), ((46.5, 98.5), (46.5, 99.5)), ((47.5, 99.5), (47.5, 100.5)), ((71.5, 100.5), (71.5, 101.5)), ((48.5, 101.5), (48.5, 102.5)), ((75.5, 105.5), (75.5, 106.5)), ((73.5, 97.5), (73.5, 98.5)), ((67.5, 106.5), (67.5, 107.5)), ((52.5, 98.5), (52.5, 99.5)), ((46.5, 97.5), (46.5, 98.5)), ((62.5, 114.5), (63.5, 114.5)), ((71.5, 109.5), (72.5, 109.5)), ((72.5, 99.5), (73.5, 99.5)), ((51.5, 97.5), (51.5, 98.5)), ((49.5, 103.5), (49.5, 104.5)), ((70.5, 102.5), (70.5, 103.5)), ((59.5, 114.5), (60.5, 114.5)), ((58.5, 113.5), (58.5, 114.5)), ((69.5, 104.5), (69.5, 105.5)), ((46.5, 99.5), (47.5, 99.5)), ((50.5, 108.5), (50.5, 109.5)), ((56.5, 113.5), (57.5, 113.5)), ((66.5, 114.5), (67.5, 114.5)), ((45.5, 92.5), (45.5, 93.5)), ((76.5, 92.5), (76.5, 93.5)), ((79.5, 94.5), (79.5, 95.5)), ((49.5, 93.5), (50.5, 93.5)), ((54.5, 103.5), (54.5, 104.5)), ((67.5, 107.5), (67.5, 108.5)), ((77.5, 93.5), (78.5, 93.5)), ((60.5, 109.5), (61.5, 109.5)), ((45.5, 97.5), (46.5, 97.5)), ((48.5, 102.5), (48.5, 103.5)), ((77.5, 92.5), (77.5, 93.5)), ((48.5, 100.5), (48.5, 101.5)), ((74.5, 94.5), (74.5, 95.5)), ((51.5, 98.5), (52.5, 98.5)), ((50.5, 94.5), (50.5, 95.5)), ((74.5, 95.5), (74.5, 96.5)), ((68.5, 105.5), (69.5, 105.5)), ((52.5, 99.5), (53.5, 99.5)), ((45.5, 92.5), (46.5, 92.5)), ((54.5, 111.5), (55.5, 111.5)), ((50.5, 96.5), (51.5, 96.5)), ((73.5, 96.5), (74.5, 96.5)), ((73.5, 106.5), (73.5, 107.5)), ((75.5, 104.5), (75.5, 105.5)), ((74.5, 93.5), (74.5, 94.5)), ((63.5, 114.5), (64.5, 114.5)), ((77.5, 100.5), (77.5, 101.5)), ((55.5, 111.5), (55.5, 112.5)), ((55.5, 113.5), (56.5, 113.5))}"
70,4Prj3A5sMvSv1sK4u5ihkzlnU,20190129,0.0,,,0.0,0.0,0.0,"{(63, 113), (62, 113)}",set(),"{((61.5, 112.5), (62.5, 112.5)), ((62.5, 113.5), (63.5, 113.5)), ((61.5, 113.5), (62.5, 113.5)), ((63.5, 112.5), (63.5, 113.5)), ((61.5, 112.5), (61.5, 113.5)), ((62.5, 112.5), (63.5, 112.5))}",set()
71,4Prj3A5sMvSv1sK4u5ihkzlnU,20190129,inf,,,0.0,0.0,0.0,set(),set(),set(),set()
72,4Prj3A5sMvSv1sK4u5ihkzlnU,20190129,inf,,,0.0,0.0,0.0,set(),set(),set(),set()
73,4Prj3A5sMvSv1sK4u5ihkzlnU,20190129,inf,,,0.0,0.0,0.0,set(),set(),set(),set()
74,4Prj3A5sMvSv1sK4u5ihkzlnU,20190129,inf,,,0.0,0.0,0.0,set(),set(),set(),set()
75,4Prj3A5sMvSv1sK4u5ihkzlnU,20190129,inf,,,0.0,0.0,0.0,set(),set(),set(),set()
76,4Prj3A5sMvSv1sK4u5ihkzlnU,20190129,inf,,,0.0,0.0,0.0,set(),set(),set(),set()
77,4Prj3A5sMvSv1sK4u5ihkzlnU,20190129,inf,,,0.0,0.0,0.0,set(),set(),set(),set()
78,4Prj3A5sMvSv1sK4u5ihkzlnU,20190129,inf,,,0.0,0.0,0.0,set(),set(),set(),set()
79,4Prj3A5sMvSv1sK4u5ihkzlnU,20190129,inf,,,0.0,0.0,0.0,set(),set(),set(),set()
80,4Prj3A5sMvSv1sK4u5ihkzlnU,20190129,inf,,,0.0,0.0,0.0,set(),set(),set(),set()
81,4Prj3A5sMvSv1sK4u5ihkzlnU,20190129,inf,,,0.0,0.0,0.0,set(),set(),set(),set()
82,4Prj3A5sMvSv1sK4u5ihkzlnU,20190129,inf,,,0.0,0.0,0.0,set(),set(),set(),set()
83,4Prj3A5sMvSv1sK4u5ihkzlnU,20190129,inf,,,0.0,0.0,0.0,set(),set(),set(),set()
84,4Prj3A5sMvSv1sK4u5ihkzlnU,20190129,inf,,,0.0,0.0,0.0,set(),set(),set(),set()
85,4Prj3A5sMvSv1sK4u5ihkzlnU,20190129,inf,,,0.0,0.0,0.0,set(),set(),set(),set()
86,4Prj3A5sMvSv1sK4u5ihkzlnU,20190129,inf,,,0.0,0.0,0.0,set(),set(),set(),set()
87,4Prj3A5sMvSv1sK4u5ihkzlnU,20190129,inf,,,0.0,0.0,0.0,set(),set(),set(),set()
88,4Prj3A5sMvSv1sK4u5ihkzlnU,20190129,inf,,,0.0,0.0,0.0,set(),set(),set(),set()
89,4Prj3A5sMvSv1sK4u5ihkzlnU,20190129,inf,,,0.0,0.0,0.0,set(),set(),set(),set()
90,4Prj3A5sMvSv1sK4u5ihkzlnU,20190129,inf,,,0.0,0.0,0.0,set(),set(),set(),set()
91,4Prj3A5sMvSv1sK4u5ihkzlnU,20190129,inf,,,0.0,0.0,0.0,set(),set(),set(),set()
92,4Prj3A5sMvSv1sK4u5ihkzlnU,20190129,inf,,,0.0,0.0,0.0,set(),set(),set(),set()
93,4Prj3A5sMvSv1sK4u5ihkzlnU,20190129,inf,,,0.0,0.0,0.0,set(),set(),set(),set()
94,4Prj3A5sMvSv1sK4u5ihkzlnU,20190129,inf,,,0.0,0.0,0.0,set(),set(),set(),set()
95,4Prj3A5sMvSv1sK4u5ihkzlnU,20190129,inf,,,0.0,0.0,0.0,set(),set(),set(),set()
96,4Prj3A5sMvSv1sK4u5ihkzlnU,20190129,inf,,,0.0,0.0,0.0,set(),set(),set(),set()
97,4Prj3A5sMvSv1sK4u5ihkzlnU,20190129,inf,,,0.0,0.0,0.0,set(),set(),set(),set()
98,4Prj3A5sMvSv1sK4u5ihkzlnU,20190129,inf,,,0.0,0.0,0.0,set(),set(),set(),set()
99,4Prj3A5sMvSv1sK4u5ihkzlnU,20190129,inf,,,0.0,0.0,0.0,set(),set(),set(),set()
100,4Prj3A5sMvSv1sK4u5ihkzlnU,20190129,inf,,,0.0,0.0,0.0,set(),set(),set(),set()
101,4Prj3A5sMvSv1sK4u5ihkzlnU,20190129,inf,,,0.0,0.0,0.0,set(),set(),set(),set()
102,4Prj3A5sMvSv1sK4u5ihkzlnU,20190129,inf,,,0.0,0.0,0.0,set(),set(),set(),set()
103,4Prj3A5sMvSv1sK4u5ihkzlnU,20190129,inf,,,0.0,0.0,0.0,set(),set(),set(),set()
104,4Prj3A5sMvSv1sK4u5ihkzlnU,20190129,inf,,,0.0,0.0,0.0,set(),set(),set(),set()
105,4Prj3A5sMvSv1sK4u5ihkzlnU,20190129,inf,,,0.0,0.0,0.0,set(),set(),set(),set()
106,4Prj3A5sMvSv1sK4u5ihkzlnU,20190129,inf,,,0.0,0.0,0.0,set(),set(),set(),set()
107,4Prj3A5sMvSv1sK4u5ihkzlnU,20190129,inf,,,0.0,0.0,0.0,set(),set(),set(),set()
108,4Prj3A5sMvSv1sK4u5ihkzlnU,20190129,inf,,,0.0,0.0,0.0,set(),set(),set(),set()
109,4Prj3A5sMvSv1sK4u5ihkzlnU,20190129,inf,,,0.0,0.0,0.0,set(),set(),set(),set()
110,4Prj3A5sMvSv1sK4u5ihkzlnU,20190129,inf,,,0.0,0.0,0.0,set(),set(),set(),set()
111,4Prj3A5sMvSv1sK4u5ihkzlnU,20190129,inf,,,0.0,0.0,0.0,set(),set(),set(),set()
112,4Prj3A5sMvSv1sK4u5ihkzlnU,20190129,inf,,,0.0,0.0,0.0,set(),set(),set(),set()
113,4Prj3A5sMvSv1sK4u5ihkzlnU,20190129,inf,,,0.0,0.0,0.0,set(),set(),set(),set()
114,4Prj3A5sMvSv1sK4u5ihkzlnU,20190129,inf,,,0.0,0.0,0.0,set(),set(),set(),set()
115,4Prj3A5sMvSv1sK4u5ihkzlnU,20190129,inf,,,0.0,0.0,0.0,set(),set(),set(),set()
116,4Prj3A5sMvSv1sK4u5ihkzlnU,20190129,inf,,,0.0,0.0,0.0,set(),set(),set(),set()
117,4Prj3A5sMvSv1sK4u5ihkzlnU,20190129,inf,,,0.0,0.0,0.0,set(),set(),set(),set()
118,4Prj3A5sMvSv1sK4u5ihkzlnU,20190129,inf,,,0.0,0.0,0.0,set(),set(),set(),set()
119,4Prj3A5sMvSv1sK4u5ihkzlnU,20190129,inf,,,0.0,0.0,0.0,set(),set(),set(),set()
120,4Prj3A5sMvSv1sK4u5ihkzlnU,20190129,inf,,,0.0,0.0,0.0,set(),set(),set(),set()
121,4Prj3A5sMvSv1sK4u5ihkzlnU,20190129,inf,,,0.0,0.0,0.0,set(),set(),set(),set()
122,4Prj3A5sMvSv1sK4u5ihkzlnU,20190129,inf,,,0.0,0.0,0.0,set(),set(),set(),set()
123,4Prj3A5sMvSv1sK4u5ihkzlnU,20190129,inf,,,0.0,0.0,0.0,set(),set(),set(),set()
124,4Prj3A5sMvSv1sK4u5ihkzlnU,20190129,inf,,,0.0,0.0,0.0,set(),set(),set(),set()
125,4Prj3A5sMvSv1sK4u5ihkzlnU,20190129,inf,,,0.0,0.0,0.0,set(),set(),set(),set()
126,4Prj3A5sMvSv1sK4u5ihkzlnU,20190129,inf,,,0.0,0.0,0.0,set(),set(),set(),set()
127,4Prj3A5sMvSv1sK4u5ihkzlnU,20190129,inf,,,0.0,0.0,0.0,set(),set(),set(),set()
128,4Prj3A5sMvSv1sK4u5ihkzlnU,20190129,inf,,,0.0,0.0,0.0,set(),set(),set(),set()
129,4Prj3A5sMvSv1sK4u5ihkzlnU,20190129,inf,,,0.0,0.0,0.0,set(),set(),set(),set()
130,4Prj3A5sMvSv1sK4u5ihkzlnU,20190129,inf,,,0.0,0.0,0.0,set(),set(),set(),set()
131,4Prj3A5sMvSv1sK4u5ihkzlnU,20190129,inf,,,0.0,0.0,0.0,set(),set(),set(),set()
132,4Prj3A5sMvSv1sK4u5ihkzlnU,20190129,inf,,,0.0,0.0,0.0,set(),set(),set(),set()
133,4Prj3A5sMvSv1sK4u5ihkzlnU,20190129,inf,,,0.0,0.0,0.0,set(),set(),set(),set()
134,4Prj3A5sMvSv1sK4u5ihkzlnU,20190129,inf,,,0.0,0.0,0.0,set(),set(),set(),set()
135,4Prj3A5sMvSv1sK4u5ihkzlnU,20190129,inf,,,0.0,0.0,0.0,set(),set(),set(),set()
136,4Prj3A5sMvSv1sK4u5ihkzlnU,20190129,inf,,,0.0,0.0,0.0,set(),set(),set(),set()
137,4Prj3A5sMvSv1sK4u5ihkzlnU,20190129,inf,,,0.0,0.0,0.0,set(),set(),set(),set()
0,PHbmDBLzKFUqHWIbGMTmUFSmO,20200212,inf,,,0.0,0.0,0.0,set(),set(),set(),set()
1,PHbmDBLzKFUqHWIbGMTmUFSmO,20200212,inf,,,0.0,0.0,0.0,set(),set(),set(),set()
2,PHbmDBLzKFUqHWIbGMTmUFSmO,20200212,inf,,,0.0,0.0,0.0,set(),set(),set(),set()
3,PHbmDBLzKFUqHWIbGMTmUFSmO,20200212,inf,,,0.0,0.0,0.0,set(),set(),set(),set()
4,PHbmDBLzKFUqHWIbGMTmUFSmO,20200212,inf,,,0.0,0.0,0.0,set(),set(),set(),set()
5,PHbmDBLzKFUqHWIbGMTmUFSmO,20200212,inf,,,0.0,0.0,0.0,set(),set(),set(),set()
6,PHbmDBLzKFUqHWIbGMTmUFSmO,20200212,inf,,,0.0,0.0,0.0,set(),set(),set(),set()
7,PHbmDBLzKFUqHWIbGMTmUFSmO,20200212,inf,,,0.0,0.0,0.0,set(),set(),set(),set()
8,PHbmDBLzKFUqHWIbGMTmUFSmO,20200212,inf,,,0.0,0.0,0.0,set(),set(),set(),set()
9,PHbmDBLzKFUqHWIbGMTmUFSmO,20200212,inf,,,0.0,0.0,0.0,set(),set(),set(),set()
10,PHbmDBLzKFUqHWIbGMTmUFSmO,20200212,inf,,,0.0,0.0,0.0,set(),set(),set(),set()
11,PHbmDBLzKFUqHWIbGMTmUFSmO,20200212,inf,,,0.0,0.0,0.0,set(),set(),set(),set()
12,PHbmDBLzKFUqHWIbGMTmUFSmO,20200212,inf,,,0.0,0.0,0.0,set(),set(),set(),set()
13,PHbmDBLzKFUqHWIbGMTmUFSmO,20200212,inf,,,0.0,0.0,0.0,set(),set(),set(),set()
14,PHbmDBLzKFUqHWIbGMTmUFSmO,20200212,inf,,,0.0,0.0,0.0,set(),set(),set(),set()
15,PHbmDBLzKFUqHWIbGMTmUFSmO,20200212,inf,,,0.0,0.0,0.0,set(),set(),set(),set()
16,PHbmDBLzKFUqHWIbGMTmUFSmO,20200212,inf,,,0.0,0.0,0.0,set(),set(),set(),set()
17,PHbmDBLzKFUqHWIbGMTmUFSmO,20200212,inf,,,0.0,0.0,0.0,set(),set(),set(),set()
18,PHbmDBLzKFUqHWIbGMTmUFSmO,20200212,inf,,,0.0,0.0,0.0,set(),set(),set(),set()
19,PHbmDBLzKFUqHWIbGMTmUFSmO,20200212,inf,,,0.0,0.0,0.0,set(),set(),set(),set()
20,PHbmDBLzKFUqHWIbGMTmUFSmO,20200212,inf,,,0.0,0.0,0.0,set(),set(),set(),set()
21,PHbmDBLzKFUqHWIbGMTmUFSmO,20200212,inf,,,0.0,0.0,0.0,set(),set(),set(),set()
22,PHbmDBLzKFUqHWIbGMTmUFSmO,20200212,inf,,,0.0,0.0,0.0,set(),set(),set(),set()
23,PHbmDBLzKFUqHWIbGMTmUFSmO,20200212,inf,,,0.0,0.0,0.0,set(),set(),set(),set()
24,PHbmDBLzKFUqHWIbGMTmUFSmO,20200212,inf,,,0.0,0.0,0.0,set(),set(),set(),set()
25,PHbmDBLzKFUqHWIbGMTmUFSmO,20200212,inf,,,0.0,0.0,0.0,set(),set(),set(),set()
26,PHbmDBLzKFUqHWIbGMTmUFSmO,20200212,inf,,,0.0,0.0,0.0,set(),set(),set(),set()
27,PHbmDBLzKFUqHWIbGMTmUFSmO,20200212,inf,,,0.0,0.0,0.0,set(),set(),set(),set()
28,PHbmDBLzKFUqHWIbGMTmUFSmO,20200212,inf,,,0.0,0.0,0.0,set(),set(),set(),set()
29,PHbmDBLzKFUqHWIbGMTmUFSmO,20200212,inf,,,0.0,0.0,0.0,set(),set(),set(),set()
30,PHbmDBLzKFUqHWIbGMTmUFSmO,20200212,inf,,,0.0,0.0,0.0,set(),set(),set(),set()
31,PHbmDBLzKFUqHWIbGMTmUFSmO,20200212,inf,,,0.0,0.0,0.0,set(),set(),set(),set()
32,PHbmDBLzKFUqHWIbGMTmUFSmO,20200212,inf,,,0.0,0.0,0.0,set(),set(),set(),set()
33,PHbmDBLzKFUqHWIbGMTmUFSmO,20200212,inf,,,0.0,0.0,0.0,set(),set(),set(),set()
34,PHbmDBLzKFUqHWIbGMTmUFSmO,20200212,inf,,,0.0,0.0,0.0,set(),set(),set(),set()
35,PHbmDBLzKFUqHWIbGMTmUFSmO,20200212,inf,,,0.0,0.0,0.0,set(),set(),set(),set()
36,PHbmDBLzKFUqHWIbGMTmUFSmO,20200212,inf,,,0.0,0.0,0.0,set(),set(),set(),set()
37,PHbmDBLzKFUqHWIbGMTmUFSmO,20200212,inf,,,0.0,0.0,0.0,set(),set(),set(),set()
38,PHbmDBLzKFUqHWIbGMTmUFSmO,20200212,inf,,,0.0,0.0,0.0,set(),set(),set(),set()
39,PHbmDBLzKFUqHWIbGMTmUFSmO,20200212,inf,,,0.0,0.0,0.0,set(),set(),set(),set()
40,PHbmDBLzKFUqHWIbGMTmUFSmO,20200212,inf,,,0.0,0.0,0.0,set(),set(),set(),set()
41,PHbmDBLzKFUqHWIbGMTmUFSmO,20200212,inf,,,0.0,0.0,0.0,set(),set(),set(),set()
42,PHbmDBLzKFUqHWIbGMTmUFSmO,20200212,inf,,,0.0,0.0,0.0,set(),set(),set(),set()
43,PHbmDBLzKFUqHWIbGMTmUFSmO,20200212,inf,,,0.0,0.0,0.0,set(),set(),set(),set()
44,PHbmDBLzKFUqHWIbGMTmUFSmO,20200212,inf,,,0.0,0.0,0.0,set(),set(),set(),set()
45,PHbmDBLzKFUqHWIbGMTmUFSmO,20200212,inf,,,0.0,0.0,0.0,set(),set(),set(),set()
46,PHbmDBLzKFUqHWIbGMTmUFSmO,20200212,inf,,,0.0,0.0,0.0,set(),set(),set(),set()
47,PHbmDBLzKFUqHWIbGMTmUFSmO,20200212,inf,,,0.0,0.0,0.0,set(),set(),set(),set()
48,PHbmDBLzKFUqHWIbGMTmUFSmO,20200212,inf,,,0.0,0.0,0.0,set(),set(),set(),set()
49,PHbmDBLzKFUqHWIbGMTmUFSmO,20200212,inf,,,0.0,0.0,0.0,set(),set(),set(),set()
50,PHbmDBLzKFUqHWIbGMTmUFSmO,20200212,inf,,,0.0,0.0,0.0,set(),set(),set(),set()
51,PHbmDBLzKFUqHWIbGMTmUFSmO,20200212,inf,,,0.0,0.0,0.0,set(),set(),set(),set()
52,PHbmDBLzKFUqHWIbGMTmUFSmO,20200212,inf,,,0.0,0.0,0.0,set(),set(),set(),set()
53,PHbmDBLzKFUqHWIbGMTmUFSmO,20200212,inf,,,0.0,0.0,0.0,set(),set(),set(),set()
54,PHbmDBLzKFUqHWIbGMTmUFSmO,20200212,inf,,,0.0,0.0,0.0,set(),set(),set(),set()
55,PHbmDBLzKFUqHWIbGMTmUFSmO,20200212,inf,,,0.0,0.0,0.0,set(),set(),set(),set()
56,PHbmDBLzKFUqHWIbGMTmUFSmO,20200212,inf,,,0.0,0.0,0.0,set(),set(),set(),set()
57,PHbmDBLzKFUqHWIbGMTmUFSmO,20200212,inf,,,0.0,0.0,0.0,set(),set(),set(),set()
58,PHbmDBLzKFUqHWIbGMTmUFSmO,20200212,inf,,,0.0,0.0,0.0,set(),set(),set(),set()
59,PHbmDBLzKFUqHWIbGMTmUFSmO,20200212,inf,,,0.0,0.0,0.0,set(),set(),set(),set()
60,PHbmDBLzKFUqHWIbGMTmUFSmO,20200212,inf,,,0.0,0.0,0.0,set(),set(),set(),set()
61,PHbmDBLzKFUqHWIbGMTmUFSmO,20200212,inf,,,0.0,0.0,0.0,set(),set(),set(),set()
62,PHbmDBLzKFUqHWIbGMTmUFSmO,20200212,inf,,,0.0,0.0,0.0,set(),set(),set(),set()
63,PHbmDBLzKFUqHWIbGMTmUFSmO,20200212,inf,,,0.0,0.0,0.0,set(),set(),set(),set()
64,PHbmDBLzKFUqHWIbGMTmUFSmO,20200212,inf,,,0.0,0.0,0.0,set(),set(),set(),set()
65,PHbmDBLzKFUqHWIbGMTmUFSmO,20200212,inf,,,0.0,0.0,0.0,set(),set(),set(),set()
66,PHbmDBLzKFUqHWIbGMTmUFSmO,20200212,inf,,,0.0,0.0,0.0,set(),set(),set(),set()
67,PHbmDBLzKFUqHWIbGMTmUFSmO,20200212,inf,,,0.0,0.0,0.0,set(),set(),set(),set()
68,PHbmDBLzKFUqHWIbGMTmUFSmO,20200212,inf,,,0.0,0.0,0.0,set(),set(),set(),set()
69,PHbmDBLzKFUqHWIbGMTmUFSmO,20200212,inf,,,0.0,0.0,0.0,set(),set(),set(),set()
70,PHbmDBLzKFUqHWIbGMTmUFSmO,20200212,inf,,,0.0,0.0,0.0,set(),set(),set(),set()
71,PHbmDBLzKFUqHWIbGMTmUFSmO,20200212,inf,,,0.0,0.0,0.0,set(),set(),set(),set()
72,PHbmDBLzKFUqHWIbGMTmUFSmO,20200212,inf,,,0.0,0.0,0.0,set(),set(),set(),set()
73,PHbmDBLzKFUqHWIbGMTmUFSmO,20200212,inf,,,0.0,0.0,0.0,set(),set(),set(),set()
74,PHbmDBLzKFUqHWIbGMTmUFSmO,20200212,inf,,,0.0,0.0,0.0,set(),set(),set(),set()
75,PHbmDBLzKFUqHWIbGMTmUFSmO,20200212,inf,,,0.0,0.0,0.0,set(),set(),set(),set()
76,PHbmDBLzKFUqHWIbGMTmUFSmO,20200212,inf,,,0.0,0.0,0.0,set(),set(),set(),set()
77,PHbmDBLzKFUqHWIbGMTmUFSmO,20200212,inf,,,0.0,0.0,0.0,set(),set(),set(),set()
78,PHbmDBLzKFUqHWIbGMTmUFSmO,20200212,inf,,,0.0,0.0,0.0,set(),set(),set(),set()
79,PHbmDBLzKFUqHWIbGMTmUFSmO,20200212,inf,,,0.0,0.0,0.0,set(),set(),set(),set()
80,PHbmDBLzKFUqHWIbGMTmUFSmO,20200212,inf,,,0.0,0.0,0.0,set(),set(),set(),set()
81,PHbmDBLzKFUqHWIbGMTmUFSmO,20200212,inf,,,0.0,0.0,0.0,set(),set(),set(),set()
82,PHbmDBLzKFUqHWIbGMTmUFSmO,20200212,inf,,,0.0,0.0,0.0,set(),set(),set(),set()
83,PHbmDBLzKFUqHWIbGMTmUFSmO,20200212,0.0,,,43.75,1.0,1.0,set(),"{(62, 87), (63, 89), (64, 90), (67, 89), (60, 86), (58, 86), (60, 89), (61, 88), (66, 90), (65, 88), (62, 89), (63, 88), (62, 86), (64, 89), (59, 87), (61, 87), (60, 85), (60, 88), (66, 89), (65, 90), (63, 90), (62, 88), (64, 88), (59, 86), (61, 89), (60, 87), (61, 86), (65, 89), (66, 88)}",set(),"{((67.5, 88.5), (67.5, 89.5)), ((62.5, 85.5), (62.5, 86.5)), ((65.5, 87.5), (66.5, 87.5)), ((65.5, 90.5), (66.5, 90.5)), ((63.5, 90.5), (64.5, 90.5)), ((59.5, 88.5), (59.5, 89.5)), ((60.5, 84.5), (60.5, 85.5)), ((57.5, 85.5), (58.5, 85.5)), ((66.5, 89.5), (67.5, 89.5)), ((59.5, 84.5), (60.5, 84.5)), ((62.5, 90.5), (63.5, 90.5)), ((59.5, 89.5), (60.5, 89.5)), ((61.5, 85.5), (62.5, 85.5)), ((66.5, 88.5), (67.5, 88.5)), ((66.5, 87.5), (66.5, 88.5)), ((63.5, 87.5), (64.5, 87.5)), ((60.5, 89.5), (61.5, 89.5)), ((58.5, 85.5), (59.5, 85.5)), ((62.5, 89.5), (62.5, 90.5)), ((58.5, 86.5), (58.5, 87.5)), ((57.5, 85.5), (57.5, 86.5)), ((58.5, 87.5), (59.5, 87.5)), ((66.5, 89.5), (66.5, 90.5)), ((59.5, 84.5), (59.5, 85.5)), ((62.5, 86.5), (62.5, 87.5)), ((62.5, 87.5), (63.5, 87.5)), ((60.5, 85.5), (61.5, 85.5)), ((59.5, 87.5), (59.5, 88.5)), ((64.5, 87.5), (65.5, 87.5)), ((61.5, 89.5), (62.5, 89.5)), ((57.5, 86.5), (58.5, 86.5)), ((64.5, 90.5), (65.5, 90.5))}"
84,PHbmDBLzKFUqHWIbGMTmUFSmO,20200212,0.0,,,87.5,1.0,1.0,set(),"{(66, 91), (71, 90), (62, 87), (63, 86), (72, 91), (73, 90), (64, 87), (72, 88), (63, 89), (64, 90), (67, 89), (77, 87), (78, 89), (76, 89), (60, 86), (59, 88), (58, 86), (60, 89), (70, 91), (61, 88), (75, 87), (74, 91), (75, 90), (74, 88), (66, 90), (65, 88), (76, 88), (71, 89), (62, 89), (64, 86), (63, 88), (62, 86), (73, 89), (64, 89), (72, 90), (77, 89), (59, 87), (78, 88), (70, 90), (61, 87), (60, 88), (74, 87), (75, 89), (66, 89), (65, 87), (76, 87), (74, 90), (65, 90), (79, 89), (63, 87), (71, 88), (73, 91), (72, 89), (63, 90), (62, 88), (73, 88), (71, 91), (64, 88), (78, 87), (59, 89), (77, 88), (70, 89), (59, 86), (61, 89), (60, 87), (69, 90), (61, 86), (74, 89), (75, 88), (65, 89), (66, 88)}",set(),"{((67.5, 88.5), (67.5, 89.5)), ((71.5, 87.5), (72.5, 87.5)), ((73.5, 86.5), (74.5, 86.5)), ((73.5, 91.5), (74.5, 91.5)), ((65.5, 87.5), (66.5, 87.5)), ((63.5, 90.5), (64.5, 90.5)), ((77.5, 89.5), (78.5, 89.5)), ((57.5, 85.5), (58.5, 85.5)), ((66.5, 89.5), (67.5, 89.5)), ((72.5, 91.5), (73.5, 91.5)), ((62.5, 90.5), (63.5, 90.5)), ((76.5, 89.5), (77.5, 89.5)), ((66.5, 88.5), (67.5, 88.5)), ((74.5, 86.5), (75.5, 86.5)), ((73.5, 86.5), (73.5, 87.5)), ((60.5, 89.5), (61.5, 89.5)), ((74.5, 90.5), (75.5, 90.5)), ((75.5, 86.5), (76.5, 86.5)), ((62.5, 85.5), (63.5, 85.5)), ((78.5, 89.5), (79.5, 89.5)), ((58.5, 86.5), (58.5, 87.5)), ((57.5, 85.5), (57.5, 86.5)), ((64.5, 86.5), (65.5, 86.5)), ((69.5, 91.5), (70.5, 91.5)), ((65.5, 91.5), (66.5, 91.5)), ((66.5, 89.5), (66.5, 90.5)), ((59.5, 85.5), (60.5, 85.5)), ((68.5, 89.5), (69.5, 89.5)), ((69.5, 90.5), (69.5, 91.5)), ((60.5, 85.5), (61.5, 85.5)), ((72.5, 87.5), (73.5, 87.5)), ((61.5, 89.5), (62.5, 89.5)), ((75.5, 89.5), (76.5, 89.5)), ((78.5, 88.5), (79.5, 88.5)), ((58.5, 89.5), (59.5, 89.5)), ((68.5, 90.5), (69.5, 90.5)), ((63.5, 85.5), (64.5, 85.5)), ((74.5, 90.5), (74.5, 91.5)), ((66.5, 90.5), (66.5, 91.5)), ((68.5, 89.5), (68.5, 90.5)), ((58.5, 87.5), (58.5, 88.5)), ((75.5, 89.5), (75.5, 90.5)), ((69.5, 88.5), (69.5, 89.5)), ((78.5, 87.5), (78.5, 88.5)), ((70.5, 91.5), (71.5, 91.5)), ((59.5, 89.5), (60.5, 89.5)), ((65.5, 86.5), (65.5, 87.5)), ((70.5, 87.5), (70.5, 88.5)), ((76.5, 86.5), (77.5, 86.5)), ((61.5, 85.5), (62.5, 85.5)), ((66.5, 87.5), (66.5, 88.5)), ((77.5, 86.5), (78.5, 86.5)), ((58.5, 85.5), (59.5, 85.5)), ((64.5, 85.5), (64.5, 86.5)), ((62.5, 89.5), (62.5, 90.5)), ((70.5, 87.5), (71.5, 87.5)), ((65.5, 90.5), (65.5, 91.5)), ((71.5, 91.5), (72.5, 91.5)), ((57.5, 86.5), (58.5, 86.5)), ((69.5, 88.5), (70.5, 88.5)), ((79.5, 88.5), (79.5, 89.5)), ((78.5, 86.5), (78.5, 87.5)), ((58.5, 88.5), (58.5, 89.5)), ((64.5, 90.5), (65.5, 90.5))}"
85,PHbmDBLzKFUqHWIbGMTmUFSmO,20200212,0.5131578947368421,5.830951894845301,0.7167143548215811,95.703125,0.875,0.6548672566371682,"{(79, 88), (62, 87), (78, 89), (59, 85), (77, 90), (60, 86), (58, 86), (61, 88), (75, 90), (57, 84), (76, 88), (79, 87), (63, 88), (56, 85), (77, 89), (59, 87), (58, 85), (78, 88), (61, 87), (60, 85), (75, 89), (74, 90), (76, 90), (79, 89), (57, 86), (63, 87), (62, 88), (56, 84), (78, 87), (78, 90), (58, 87), (77, 88), (59, 86), (60, 87), (61, 86), (74, 89), (75, 88), (76, 89), (57, 85)}","{(68, 91), (79, 88), (72, 91), (62, 90), (64, 87), (55, 84), (63, 89), (56, 83), (73, 90), (77, 90), (58, 86), (74, 91), (75, 90), (66, 87), (57, 84), (79, 90), (64, 89), (55, 86), (56, 85), (58, 88), (60, 85), (80, 88), (75, 92), (66, 89), (81, 89), (56, 87), (69, 90), (60, 87), (80, 90), (61, 86), (71, 90), (62, 87), (77, 87), (60, 89), (70, 91), (61, 88), (75, 87), (65, 88), (79, 87), (76, 88), (62, 89), (73, 89), (63, 88), (54, 85), (77, 89), (67, 88), (58, 85), (78, 88), (61, 90), (75, 89), (65, 90), (79, 89), (76, 90), (57, 86), (73, 91), (63, 90), (56, 84), (77, 91), (67, 90), (58, 87), (80, 87), (59, 86), (78, 90), (66, 91), (57, 88), (58, 89), (60, 86), (59, 88), (69, 89), (80, 89), (74, 88), (68, 90), (71, 89), (72, 90), (69, 91), (70, 90), (61, 87), (74, 90), (65, 87), (76, 87), (63, 87), (64, 88), (55, 85), (78, 87), (61, 89), (76, 89), (65, 89), (66, 88), (57, 85), (75, 91), (64, 90), (67, 89), (78, 89), (56, 86), (59, 85), (76, 91), (66, 90), (57, 87), (62, 86), (67, 91), (78, 91), (59, 87), (60, 88), (68, 89), (72, 89), (71, 91), (62, 88), (59, 89), (77, 88), (70, 89), (60, 90), (74, 89), (75, 88)}","{((77.5, 86.5), (77.5, 87.5)), ((57.5, 84.5), (58.5, 84.5)), ((59.5, 87.5), (60.5, 87.5)), ((74.5, 87.5), (74.5, 88.5)), ((63.5, 87.5), (63.5, 88.5)), ((56.5, 83.5), (57.5, 83.5)), ((76.5, 87.5), (77.5, 87.5)), ((63.5, 86.5), (63.5, 87.5)), ((75.5, 87.5), (76.5, 87.5)), ((73.5, 88.5), (74.5, 88.5)), ((55.5, 83.5), (55.5, 84.5)), ((75.5, 90.5), (76.5, 90.5)), ((78.5, 86.5), (79.5, 86.5)), ((60.5, 84.5), (60.5, 85.5)), ((60.5, 88.5), (61.5, 88.5)), ((62.5, 86.5), (63.5, 86.5)), ((58.5, 84.5), (59.5, 84.5)), ((61.5, 88.5), (62.5, 88.5)), ((56.5, 85.5), (56.5, 86.5)), ((78.5, 89.5), (78.5, 90.5)), ((59.5, 84.5), (60.5, 84.5)), ((73.5, 90.5), (74.5, 90.5)), ((77.5, 86.5), (78.5, 86.5)), ((73.5, 89.5), (73.5, 90.5)), ((79.5, 87.5), (79.5, 88.5)), ((74.5, 87.5), (75.5, 87.5)), ((74.5, 90.5), (75.5, 90.5)), ((78.5, 89.5), (79.5, 89.5)), ((60.5, 87.5), (60.5, 88.5)), ((57.5, 86.5), (57.5, 87.5)), ((57.5, 87.5), (58.5, 87.5)), ((61.5, 86.5), (62.5, 86.5)), ((62.5, 88.5), (63.5, 88.5)), ((55.5, 83.5), (56.5, 83.5)), ((58.5, 87.5), (59.5, 87.5)), ((77.5, 90.5), (78.5, 90.5)), ((79.5, 86.5), (79.5, 87.5)), ((57.5, 83.5), (57.5, 84.5)), ((55.5, 84.5), (55.5, 85.5)), ((55.5, 85.5), (56.5, 85.5)), ((56.5, 86.5), (57.5, 86.5)), ((60.5, 85.5), (61.5, 85.5)), ((61.5, 85.5), (61.5, 86.5)), ((76.5, 90.5), (77.5, 90.5)), ((79.5, 88.5), (79.5, 89.5)), ((73.5, 88.5), (73.5, 89.5))}","{((75.5, 91.5), (75.5, 92.5)), ((73.5, 91.5), (74.5, 91.5)), ((62.5, 85.5), (62.5, 86.5)), ((59.5, 90.5), (60.5, 90.5)), ((63.5, 90.5), (64.5, 90.5)), ((73.5, 87.5), (73.5, 88.5)), ((78.5, 90.5), (78.5, 91.5)), ((66.5, 91.5), (67.5, 91.5)), ((56.5, 82.5), (56.5, 83.5)), ((71.5, 88.5), (72.5, 88.5)), ((55.5, 82.5), (56.5, 82.5)), ((55.5, 87.5), (56.5, 87.5)), ((61.5, 90.5), (62.5, 90.5)), ((72.5, 91.5), (73.5, 91.5)), ((62.5, 90.5), (63.5, 90.5)), ((80.5, 86.5), (80.5, 87.5)), ((54.5, 86.5), (55.5, 86.5)), ((79.5, 90.5), (80.5, 90.5)), ((80.5, 89.5), (80.5, 90.5)), ((74.5, 86.5), (75.5, 86.5)), ((78.5, 90.5), (79.5, 90.5)), ((75.5, 86.5), (76.5, 86.5)), ((67.5, 88.5), (68.5, 88.5)), ((81.5, 88.5), (81.5, 89.5)), ((80.5, 87.5), (80.5, 88.5)), ((64.5, 86.5), (65.5, 86.5)), ((80.5, 88.5), (81.5, 88.5)), ((69.5, 91.5), (70.5, 91.5)), ((57.5, 88.5), (57.5, 89.5)), ((66.5, 87.5), (67.5, 87.5)), ((65.5, 91.5), (66.5, 91.5)), ((55.5, 82.5), (55.5, 83.5)), ((55.5, 86.5), (55.5, 87.5)), ((72.5, 88.5), (73.5, 88.5)), ((60.5, 90.5), (61.5, 90.5)), ((77.5, 91.5), (78.5, 91.5)), ((54.5, 83.5), (55.5, 83.5)), ((68.5, 88.5), (69.5, 88.5)), ((57.5, 89.5), (58.5, 89.5)), ((56.5, 88.5), (57.5, 88.5)), ((58.5, 89.5), (59.5, 89.5)), ((56.5, 87.5), (56.5, 88.5)), ((59.5, 89.5), (59.5, 90.5)), ((68.5, 91.5), (69.5, 91.5)), ((54.5, 83.5), (54.5, 84.5)), ((53.5, 85.5), (54.5, 85.5)), ((67.5, 87.5), (67.5, 88.5)), ((79.5, 86.5), (80.5, 86.5)), ((70.5, 91.5), (71.5, 91.5)), ((53.5, 84.5), (53.5, 85.5)), ((54.5, 85.5), (54.5, 86.5)), ((76.5, 86.5), (77.5, 86.5)), ((61.5, 85.5), (62.5, 85.5)), ((66.5, 86.5), (66.5, 87.5)), ((73.5, 87.5), (74.5, 87.5)), ((63.5, 86.5), (64.5, 86.5)), ((70.5, 88.5), (71.5, 88.5)), ((74.5, 92.5), (75.5, 92.5)), ((64.5, 90.5), (65.5, 90.5)), ((75.5, 91.5), (76.5, 91.5)), ((65.5, 90.5), (65.5, 91.5)), ((74.5, 91.5), (74.5, 92.5)), ((71.5, 91.5), (72.5, 91.5)), ((80.5, 89.5), (81.5, 89.5)), ((76.5, 91.5), (77.5, 91.5)), ((67.5, 91.5), (68.5, 91.5)), ((53.5, 84.5), (54.5, 84.5)), ((69.5, 88.5), (70.5, 88.5)), ((65.5, 86.5), (66.5, 86.5)), ((74.5, 86.5), (74.5, 87.5))}"
86,PHbmDBLzKFUqHWIbGMTmUFSmO,20200212,0.6519823788546255,3.0,0.3865233563194702,102.5390625,0.8333333333333334,0.5,"{(79, 88), (73, 90), (64, 87), (55, 84), (63, 89), (56, 83), (77, 90), (58, 86), (75, 90), (57, 84), (64, 89), (56, 85), (80, 88), (60, 85), (66, 89), (60, 87), (61, 86), (71, 90), (62, 87), (63, 86), (77, 87), (78, 86), (61, 88), (65, 88), (79, 87), (76, 88), (62, 89), (73, 89), (63, 88), (77, 89), (78, 88), (58, 85), (59, 84), (75, 89), (65, 90), (79, 89), (76, 90), (57, 86), (56, 84), (67, 90), (58, 87), (60, 84), (59, 86), (80, 87), (78, 90), (80, 89), (60, 86), (59, 88), (61, 85), (74, 88), (72, 90), (55, 83), (61, 87), (74, 90), (76, 87), (57, 83), (63, 87), (64, 88), (78, 87), (58, 84), (61, 89), (76, 89), (65, 89), (66, 88), (57, 85), (67, 89), (80, 86), (78, 89), (59, 85), (66, 90), (62, 86), (59, 87), (60, 88), (79, 86), (72, 89), (62, 88), (77, 88), (74, 89), (75, 88)}","{(68, 91), (79, 88), (72, 91), (62, 90), (73, 90), (55, 84), (54, 86), (56, 83), (63, 89), (77, 90), (58, 86), (74, 91), (75, 90), (57, 84), (79, 90), (81, 87), (82, 86), (64, 89), (55, 86), (63, 91), (56, 85), (77, 92), (58, 88), (60, 85), (69, 88), (80, 88), (75, 92), (66, 89), (81, 89), (71, 88), (82, 88), (53, 82), (64, 91), (56, 87), (69, 90), (60, 87), (83, 89), (61, 86), (80, 90), (71, 90), (62, 87), (53, 84), (54, 83), (60, 89), (70, 91), (61, 88), (65, 88), (79, 87), (76, 88), (62, 89), (73, 89), (63, 88), (54, 85), (56, 82), (77, 89), (67, 88), (58, 85), (78, 88), (59, 84), (61, 90), (75, 89), (65, 90), (79, 89), (81, 86), (57, 86), (76, 90), (73, 91), (63, 90), (56, 84), (77, 91), (67, 90), (58, 87), (60, 84), (59, 86), (80, 87), (78, 90), (76, 92), (79, 91), (66, 91), (57, 88), (82, 87), (68, 88), (72, 88), (78, 92), (58, 89), (60, 86), (59, 88), (61, 85), (70, 88), (69, 89), (80, 89), (74, 88), (68, 90), (71, 89), (82, 89), (54, 82), (72, 90), (55, 83), (69, 91), (80, 91), (70, 90), (61, 87), (74, 90), (57, 83), (63, 87), (64, 88), (55, 85), (58, 84), (78, 87), (61, 89), (65, 89), (76, 89), (66, 88), (57, 85), (75, 91), (81, 88), (53, 81), (64, 90), (67, 89), (80, 86), (56, 86), (59, 85), (78, 89), (65, 91), (76, 91), (66, 90), (57, 87), (62, 86), (53, 83), (67, 91), (78, 91), (59, 87), (60, 88), (68, 89), (79, 86), (72, 89), (71, 91), (73, 88), (62, 88), (55, 82), (54, 84), (53, 85), (59, 89), (77, 88), (70, 89), (60, 90), (74, 89), (75, 88)}","{((67.5, 88.5), (67.5, 89.5)), ((77.5, 85.5), (77.5, 86.5)), ((58.5, 83.5), (59.5, 83.5)), ((64.5, 89.5), (64.5, 90.5)), ((62.5, 89.5), (63.5, 89.5)), ((71.5, 90.5), (72.5, 90.5)), ((65.5, 87.5), (66.5, 87.5)), ((57.5, 83.5), (58.5, 83.5)), ((73.5, 87.5), (73.5, 88.5)), ((71.5, 88.5), (72.5, 88.5)), ((55.5, 82.5), (56.5, 82.5)), ((56.5, 85.5), (56.5, 86.5)), ((79.5, 89.5), (80.5, 89.5)), ((80.5, 86.5), (80.5, 87.5)), ((66.5, 88.5), (67.5, 88.5)), ((54.5, 84.5), (55.5, 84.5)), ((60.5, 89.5), (61.5, 89.5)), ((63.5, 85.5), (63.5, 86.5)), ((74.5, 90.5), (75.5, 90.5)), ((75.5, 86.5), (76.5, 86.5)), ((80.5, 87.5), (80.5, 88.5)), ((54.5, 82.5), (55.5, 82.5)), ((62.5, 85.5), (63.5, 85.5)), ((78.5, 89.5), (79.5, 89.5)), ((57.5, 86.5), (57.5, 87.5)), ((60.5, 84.5), (61.5, 84.5)), ((63.5, 89.5), (64.5, 89.5)), ((77.5, 90.5), (78.5, 90.5)), ((59.5, 88.5), (60.5, 88.5)), ((55.5, 85.5), (56.5, 85.5)), ((72.5, 88.5), (73.5, 88.5)), ((75.5, 86.5), (75.5, 87.5)), ((61.5, 89.5), (62.5, 89.5)), ((54.5, 82.5), (54.5, 83.5)), ((72.5, 90.5), (73.5, 90.5)), ((60.5, 83.5), (60.5, 84.5)), ((64.5, 86.5), (64.5, 87.5)), ((67.5, 89.5), (67.5, 90.5)), ((65.5, 90.5), (66.5, 90.5)), ((54.5, 83.5), (54.5, 84.5)), ((57.5, 82.5), (57.5, 83.5)), ((75.5, 90.5), (76.5, 90.5)), ((58.5, 87.5), (58.5, 88.5)), ((78.5, 89.5), (78.5, 90.5)), ((73.5, 90.5), (74.5, 90.5)), ((80.5, 88.5), (80.5, 89.5)), ((76.5, 86.5), (77.5, 86.5)), ((58.5, 88.5), (59.5, 88.5)), ((61.5, 85.5), (62.5, 85.5)), ((66.5, 87.5), (66.5, 88.5)), ((70.5, 89.5), (71.5, 89.5)), ((59.5, 83.5), (60.5, 83.5)), ((73.5, 87.5), (74.5, 87.5)), ((63.5, 86.5), (64.5, 86.5)), ((74.5, 87.5), (75.5, 87.5)), ((56.5, 82.5), (57.5, 82.5)), ((61.5, 84.5), (61.5, 85.5)), ((78.5, 85.5), (79.5, 85.5)), ((57.5, 87.5), (58.5, 87.5)), ((70.5, 90.5), (71.5, 90.5)), ((79.5, 85.5), (80.5, 85.5)), ((66.5, 90.5), (67.5, 90.5)), ((80.5, 85.5), (80.5, 86.5)), ((60.5, 88.5), (60.5, 89.5)), ((55.5, 84.5), (55.5, 85.5)), ((56.5, 86.5), (57.5, 86.5)), ((76.5, 90.5), (77.5, 90.5)), ((70.5, 89.5), (70.5, 90.5)), ((77.5, 85.5), (78.5, 85.5)), ((64.5, 87.5), (65.5, 87.5)), ((64.5, 90.5), (65.5, 90.5)), ((71.5, 88.5), (71.5, 89.5))}","{((77.5, 86.5), (77.5, 87.5)), ((52.5, 85.5), (53.5, 85.5)), ((71.5, 87.5), (72.5, 87.5)), ((52.5, 81.5), (52.5, 82.5)), ((80.5, 85.5), (81.5, 85.5)), ((73.5, 91.5), (74.5, 91.5)), ((62.5, 85.5), (62.5, 86.5)), ((59.5, 90.5), (60.5, 90.5)), ((63.5, 86.5), (63.5, 87.5)), ((52.5, 84.5), (52.5, 85.5)), ((82.5, 89.5), (83.5, 89.5)), ((66.5, 91.5), (67.5, 91.5)), ((78.5, 85.5), (78.5, 86.5)), ((62.5, 86.5), (63.5, 86.5)), ((82.5, 88.5), (83.5, 88.5)), ((55.5, 87.5), (56.5, 87.5)), ((61.5, 90.5), (62.5, 90.5)), ((62.5, 91.5), (63.5, 91.5)), ((72.5, 91.5), (73.5, 91.5)), ((54.5, 86.5), (55.5, 86.5)), ((82.5, 85.5), (82.5, 86.5)), ((80.5, 89.5), (80.5, 90.5)), ((81.5, 89.5), (82.5, 89.5)), ((53.5, 81.5), (54.5, 81.5)), ((79.5, 91.5), (80.5, 91.5)), ((53.5, 85.5), (53.5, 86.5)), ((69.5, 91.5), (70.5, 91.5)), ((57.5, 88.5), (57.5, 89.5)), ((66.5, 87.5), (67.5, 87.5)), ((65.5, 91.5), (66.5, 91.5)), ((55.5, 86.5), (55.5, 87.5)), ((60.5, 90.5), (61.5, 90.5)), ((63.5, 91.5), (64.5, 91.5)), ((76.5, 92.5), (77.5, 92.5)), ((72.5, 87.5), (73.5, 87.5)), ((57.5, 89.5), (58.5, 89.5)), ((81.5, 85.5), (82.5, 85.5)), ((56.5, 88.5), (57.5, 88.5)), ((58.5, 89.5), (59.5, 89.5)), ((75.5, 92.5), (76.5, 92.5)), ((76.5, 87.5), (77.5, 87.5)), ((56.5, 87.5), (56.5, 88.5)), ((52.5, 82.5), (52.5, 83.5)), ((59.5, 89.5), (59.5, 90.5)), ((52.5, 80.5), (53.5, 80.5)), ((67.5, 87.5), (68.5, 87.5)), ((75.5, 87.5), (76.5, 87.5)), ((68.5, 91.5), (69.5, 91.5)), ((53.5, 86.5), (54.5, 86.5)), ((77.5, 92.5), (78.5, 92.5)), ((54.5, 81.5), (55.5, 81.5)), ((69.5, 87.5), (70.5, 87.5)), ((78.5, 91.5), (79.5, 91.5)), ((82.5, 87.5), (82.5, 88.5)), ((70.5, 91.5), (71.5, 91.5)), ((52.5, 83.5), (52.5, 84.5)), ((63.5, 87.5), (64.5, 87.5)), ((68.5, 87.5), (69.5, 87.5)), ((77.5, 86.5), (78.5, 86.5)), ((80.5, 90.5), (80.5, 91.5)), ((52.5, 80.5), (52.5, 81.5)), ((74.5, 92.5), (75.5, 92.5)), ((64.5, 91.5), (65.5, 91.5)), ((55.5, 81.5), (56.5, 81.5)), ((56.5, 81.5), (56.5, 82.5)), ((70.5, 87.5), (71.5, 87.5)), ((78.5, 91.5), (78.5, 92.5)), ((74.5, 91.5), (74.5, 92.5)), ((71.5, 91.5), (72.5, 91.5)), ((80.5, 89.5), (81.5, 89.5)), ((67.5, 91.5), (68.5, 91.5)), ((83.5, 88.5), (83.5, 89.5)), ((62.5, 90.5), (62.5, 91.5)), ((53.5, 80.5), (53.5, 81.5)), ((82.5, 86.5), (82.5, 87.5))}"
87,PHbmDBLzKFUqHWIbGMTmUFSmO,20200212,0.7526881720430108,3.1622776601683795,0.24301852536995852,117.578125,0.8775510204081632,0.38596491228070173,"{(79, 88), (73, 90), (64, 87), (55, 84), (63, 89), (56, 83), (77, 90), (58, 86), (75, 90), (57, 84), (79, 90), (81, 87), (64, 89), (56, 85), (80, 88), (60, 85), (66, 89), (69, 90), (60, 87), (61, 86), (79, 85), (71, 90), (62, 87), (63, 86), (54, 83), (77, 87), (78, 86), (58, 83), (60, 89), (61, 88), (75, 87), (65, 88), (79, 87), (76, 88), (62, 89), (73, 89), (63, 88), (56, 82), (77, 89), (67, 88), (58, 85), (80, 85), (59, 84), (78, 88), (75, 89), (65, 90), (79, 89), (81, 86), (57, 86), (76, 90), (63, 90), (56, 84), (67, 90), (58, 87), (60, 84), (59, 86), (80, 87), (78, 90), (69, 89), (60, 86), (59, 88), (61, 85), (80, 89), (74, 88), (68, 90), (71, 89), (54, 82), (72, 90), (77, 86), (55, 83), (70, 90), (61, 87), (74, 90), (65, 87), (76, 87), (57, 83), (63, 87), (64, 88), (55, 85), (58, 84), (78, 87), (61, 89), (65, 89), (76, 89), (66, 88), (57, 85), (81, 88), (64, 90), (67, 89), (80, 86), (56, 86), (59, 85), (78, 89), (66, 90), (57, 87), (62, 86), (59, 87), (60, 88), (68, 89), (79, 86), (72, 89), (62, 88), (73, 88), (55, 82), (70, 89), (77, 88), (74, 89), (75, 88)}","{(68, 91), (79, 88), (81, 85), (72, 91), (62, 90), (64, 87), (55, 84), (54, 86), (56, 83), (63, 89), (73, 90), (77, 90), (58, 86), (74, 91), (75, 90), (66, 87), (57, 84), (79, 90), (81, 87), (82, 86), (53, 80), (64, 89), (55, 86), (63, 91), (56, 85), (58, 88), (60, 85), (69, 88), (80, 88), (75, 92), (66, 89), (81, 89), (71, 88), (62, 85), (53, 82), (82, 88), (54, 81), (64, 91), (56, 87), (65, 86), (69, 90), (60, 87), (80, 90), (61, 86), (71, 90), (62, 87), (53, 84), (63, 86), (54, 83), (77, 87), (78, 86), (60, 89), (70, 91), (61, 88), (75, 87), (65, 88), (79, 87), (76, 88), (62, 89), (64, 86), (63, 88), (54, 85), (56, 82), (73, 89), (77, 89), (67, 88), (58, 85), (78, 88), (59, 84), (61, 90), (75, 89), (65, 90), (79, 89), (81, 86), (57, 86), (76, 90), (53, 79), (73, 91), (63, 90), (56, 84), (77, 91), (67, 90), (58, 87), (60, 84), (59, 86), (80, 87), (78, 90), (79, 91), (66, 91), (68, 88), (82, 87), (54, 80), (72, 88), (55, 81), (69, 89), (60, 86), (59, 88), (61, 85), (70, 88), (80, 89), (74, 88), (68, 90), (71, 89), (82, 89), (63, 85), (54, 82), (72, 90), (77, 86), (53, 86), (55, 83), (69, 91), (80, 91), (70, 90), (61, 87), (74, 90), (65, 87), (76, 87), (66, 86), (57, 83), (63, 87), (64, 88), (55, 85), (58, 84), (67, 87), (78, 87), (61, 89), (83, 86), (65, 89), (76, 89), (66, 88), (57, 85), (75, 91), (81, 88), (53, 81), (64, 90), (55, 87), (80, 86), (56, 86), (59, 85), (67, 89), (78, 89), (65, 91), (76, 91), (66, 90), (57, 87), (81, 90), (62, 86), (53, 83), (67, 91), (78, 91), (56, 88), (59, 87), (61, 84), (60, 88), (75, 86), (68, 89), (79, 86), (72, 89), (71, 91), (62, 88), (53, 85), (55, 82), (54, 84), (56, 81), (73, 88), (59, 89), (77, 88), (70, 89), (74, 89), (76, 86), (75, 88)}","{((55.5, 85.5), (55.5, 86.5)), ((80.5, 85.5), (81.5, 85.5)), ((58.5, 83.5), (59.5, 83.5)), ((53.5, 81.5), (53.5, 82.5)), ((71.5, 90.5), (72.5, 90.5)), ((65.5, 87.5), (66.5, 87.5)), ((58.5, 82.5), (58.5, 83.5)), ((63.5, 90.5), (64.5, 90.5)), ((53.5, 83.5), (54.5, 83.5)), ((69.5, 90.5), (70.5, 90.5)), ((71.5, 88.5), (72.5, 88.5)), ((79.5, 89.5), (80.5, 89.5)), ((62.5, 90.5), (63.5, 90.5)), ((72.5, 87.5), (72.5, 88.5)), ((74.5, 86.5), (75.5, 86.5)), ((81.5, 85.5), (81.5, 86.5)), ((60.5, 89.5), (61.5, 89.5)), ((63.5, 85.5), (63.5, 86.5)), ((78.5, 90.5), (79.5, 90.5)), ((56.5, 86.5), (56.5, 87.5)), ((74.5, 90.5), (75.5, 90.5)), ((75.5, 86.5), (76.5, 86.5)), ((67.5, 88.5), (68.5, 88.5)), ((53.5, 81.5), (54.5, 81.5)), ((62.5, 85.5), (63.5, 85.5)), ((78.5, 84.5), (78.5, 85.5)), ((76.5, 85.5), (76.5, 86.5)), ((64.5, 86.5), (65.5, 86.5)), ((80.5, 88.5), (81.5, 88.5)), ((60.5, 84.5), (61.5, 84.5)), ((66.5, 87.5), (67.5, 87.5)), ((77.5, 90.5), (78.5, 90.5)), ((54.5, 84.5), (54.5, 85.5)), ((78.5, 84.5), (79.5, 84.5)), ((72.5, 87.5), (73.5, 87.5)), ((68.5, 88.5), (69.5, 88.5)), ((61.5, 89.5), (62.5, 89.5)), ((81.5, 87.5), (81.5, 88.5)), ((72.5, 90.5), (73.5, 90.5)), ((76.5, 85.5), (77.5, 85.5)), ((79.5, 84.5), (80.5, 84.5)), ((53.5, 82.5), (53.5, 83.5)), ((60.5, 83.5), (60.5, 84.5)), ((68.5, 90.5), (69.5, 90.5)), ((65.5, 90.5), (66.5, 90.5)), ((54.5, 83.5), (54.5, 84.5)), ((59.5, 88.5), (59.5, 89.5)), ((54.5, 81.5), (55.5, 81.5)), ((75.5, 90.5), (76.5, 90.5)), ((58.5, 87.5), (58.5, 88.5)), ((67.5, 87.5), (67.5, 88.5)), ((55.5, 86.5), (56.5, 86.5)), ((73.5, 90.5), (74.5, 90.5)), ((59.5, 89.5), (60.5, 89.5)), ((57.5, 82.5), (58.5, 82.5)), ((80.5, 88.5), (80.5, 89.5)), ((65.5, 86.5), (65.5, 87.5)), ((58.5, 88.5), (59.5, 88.5)), ((61.5, 85.5), (62.5, 85.5)), ((59.5, 83.5), (60.5, 83.5)), ((73.5, 87.5), (74.5, 87.5)), ((63.5, 86.5), (64.5, 86.5)), ((79.5, 89.5), (79.5, 90.5)), ((70.5, 88.5), (71.5, 88.5)), ((56.5, 82.5), (57.5, 82.5)), ((81.5, 86.5), (81.5, 87.5)), ((61.5, 84.5), (61.5, 85.5)), ((55.5, 81.5), (56.5, 81.5)), ((64.5, 90.5), (65.5, 90.5)), ((57.5, 87.5), (58.5, 87.5)), ((56.5, 81.5), (56.5, 82.5)), ((62.5, 89.5), (62.5, 90.5)), ((54.5, 85.5), (55.5, 85.5)), ((70.5, 90.5), (71.5, 90.5)), ((66.5, 90.5), (67.5, 90.5)), ((56.5, 87.5), (57.5, 87.5)), ((69.5, 88.5), (70.5, 88.5)), ((76.5, 90.5), (77.5, 90.5)), ((67.5, 90.5), (68.5, 90.5)), ((77.5, 85.5), (78.5, 85.5)), ((80.5, 84.5), (80.5, 85.5)), ((74.5, 86.5), (74.5, 87.5))}","{((75.5, 91.5), (75.5, 92.5)), ((71.5, 87.5), (72.5, 87.5)), ((52.5, 81.5), (52.5, 82.5)), ((67.5, 86.5), (67.5, 87.5)), ((54.5, 86.5), (54.5, 87.5)), ((73.5, 91.5), (74.5, 91.5)), ((53.5, 79.5), (54.5, 79.5)), ((52.5, 86.5), (53.5, 86.5)), ((66.5, 85.5), (66.5, 86.5)), ((57.5, 83.5), (58.5, 83.5)), ((52.5, 84.5), (52.5, 85.5)), ((80.5, 84.5), (81.5, 84.5)), ((64.5, 85.5), (65.5, 85.5)), ((66.5, 91.5), (67.5, 91.5)), ((65.5, 85.5), (66.5, 85.5)), ((61.5, 90.5), (62.5, 90.5)), ((75.5, 85.5), (76.5, 85.5)), ((57.5, 87.5), (57.5, 88.5)), ((62.5, 91.5), (63.5, 91.5)), ((54.5, 87.5), (55.5, 87.5)), ((72.5, 91.5), (73.5, 91.5)), ((81.5, 89.5), (82.5, 89.5)), ((53.5, 78.5), (53.5, 79.5)), ((54.5, 79.5), (54.5, 80.5)), ((81.5, 89.5), (81.5, 90.5)), ((52.5, 85.5), (52.5, 86.5)), ((79.5, 91.5), (80.5, 91.5)), ((69.5, 91.5), (70.5, 91.5)), ((82.5, 85.5), (83.5, 85.5)), ((65.5, 91.5), (66.5, 91.5)), ((54.5, 80.5), (55.5, 80.5)), ((63.5, 84.5), (63.5, 85.5)), ((60.5, 90.5), (61.5, 90.5)), ((77.5, 91.5), (78.5, 91.5)), ((63.5, 91.5), (64.5, 91.5)), ((81.5, 84.5), (81.5, 85.5)), ((56.5, 80.5), (56.5, 81.5)), ((82.5, 88.5), (82.5, 89.5)), ((61.5, 83.5), (61.5, 84.5)), ((52.5, 78.5), (53.5, 78.5)), ((81.5, 85.5), (82.5, 85.5)), ((60.5, 89.5), (60.5, 90.5)), ((58.5, 89.5), (59.5, 89.5)), ((66.5, 86.5), (67.5, 86.5)), ((63.5, 85.5), (64.5, 85.5)), ((56.5, 87.5), (56.5, 88.5)), ((52.5, 82.5), (52.5, 83.5)), ((67.5, 87.5), (68.5, 87.5)), ((57.5, 82.5), (57.5, 83.5)), ((68.5, 91.5), (69.5, 91.5)), ((61.5, 84.5), (62.5, 84.5)), ((53.5, 86.5), (54.5, 86.5)), ((74.5, 85.5), (75.5, 85.5)), ((82.5, 86.5), (83.5, 86.5)), ((69.5, 87.5), (70.5, 87.5)), ((62.5, 84.5), (63.5, 84.5)), ((78.5, 91.5), (79.5, 91.5)), ((52.5, 79.5), (52.5, 80.5)), ((82.5, 87.5), (82.5, 88.5)), ((57.5, 88.5), (58.5, 88.5)), ((70.5, 91.5), (71.5, 91.5)), ((52.5, 83.5), (52.5, 84.5)), ((68.5, 87.5), (69.5, 87.5)), ((80.5, 90.5), (80.5, 91.5)), ((60.5, 83.5), (61.5, 83.5)), ((52.5, 80.5), (52.5, 81.5)), ((74.5, 92.5), (75.5, 92.5)), ((64.5, 91.5), (65.5, 91.5)), ((52.5, 78.5), (52.5, 79.5)), ((78.5, 85.5), (79.5, 85.5)), ((55.5, 80.5), (56.5, 80.5)), ((70.5, 87.5), (71.5, 87.5)), ((75.5, 91.5), (76.5, 91.5)), ((74.5, 91.5), (74.5, 92.5)), ((71.5, 91.5), (72.5, 91.5)), ((79.5, 85.5), (80.5, 85.5)), ((74.5, 85.5), (74.5, 86.5)), ((76.5, 91.5), (77.5, 91.5)), ((67.5, 91.5), (68.5, 91.5)), ((83.5, 85.5), (83.5, 86.5)), ((55.5, 87.5), (55.5, 88.5)), ((80.5, 90.5), (81.5, 90.5)), ((62.5, 90.5), (62.5, 91.5)), ((82.5, 86.5), (82.5, 87.5)), ((58.5, 88.5), (58.5, 89.5)), ((55.5, 88.5), (56.5, 88.5))}"
88,PHbmDBLzKFUqHWIbGMTmUFSmO,20200212,0.8087774294670846,3.0,0.20957305350486197,114.84375,0.8076923076923077,0.29120879120879123,"{(79, 88), (81, 85), (72, 91), (62, 90), (64, 87), (55, 84), (63, 89), (56, 83), (73, 90), (77, 90), (58, 86), (74, 91), (75, 90), (57, 84), (79, 90), (81, 87), (53, 80), (64, 89), (56, 85), (58, 88), (60, 85), (69, 88), (80, 88), (66, 89), (71, 88), (53, 82), (54, 81), (69, 90), (60, 87), (61, 86), (79, 85), (71, 90), (62, 87), (63, 86), (54, 83), (77, 87), (78, 86), (58, 83), (60, 89), (70, 91), (61, 88), (75, 87), (65, 88), (79, 87), (76, 88), (62, 89), (73, 89), (63, 88), (56, 82), (77, 89), (67, 88), (58, 85), (80, 85), (59, 84), (78, 88), (75, 89), (65, 90), (79, 89), (81, 86), (57, 86), (76, 90), (73, 91), (63, 90), (56, 84), (67, 90), (58, 87), (60, 84), (59, 86), (80, 87), (78, 90), (68, 88), (54, 80), (72, 88), (55, 81), (69, 89), (60, 86), (59, 88), (61, 85), (70, 88), (80, 89), (74, 88), (68, 90), (71, 89), (54, 82), (72, 90), (77, 86), (55, 83), (78, 85), (70, 90), (61, 87), (74, 90), (65, 87), (76, 87), (57, 83), (63, 87), (64, 88), (55, 85), (58, 84), (78, 87), (59, 83), (61, 89), (65, 89), (76, 89), (66, 88), (57, 85), (75, 91), (81, 88), (53, 81), (64, 90), (67, 89), (80, 86), (56, 86), (59, 85), (78, 89), (76, 91), (66, 90), (57, 87), (62, 86), (53, 83), (59, 87), (60, 88), (74, 87), (68, 89), (79, 86), (72, 89), (71, 91), (62, 88), (73, 88), (55, 82), (54, 84), (56, 81), (70, 89), (77, 88), (74, 89), (76, 86), (75, 88), (57, 82)}","{(68, 91), (79, 88), (81, 85), (72, 91), (62, 90), (64, 87), (55, 84), (63, 89), (56, 83), (73, 90), (77, 90), (58, 86), (83, 85), (74, 91), (75, 90), (66, 87), (57, 84), (79, 90), (81, 87), (82, 86), (53, 80), (54, 79), (64, 89), (55, 86), (63, 91), (56, 85), (69, 88), (60, 85), (83, 87), (80, 88), (52, 81), (75, 92), (66, 89), (81, 89), (71, 88), (62, 85), (53, 82), (55, 79), (54, 81), (64, 91), (56, 87), (65, 86), (69, 90), (60, 87), (80, 90), (61, 86), (52, 83), (71, 90), (62, 87), (53, 84), (63, 86), (54, 83), (56, 80), (77, 87), (78, 86), (60, 89), (70, 91), (61, 88), (75, 87), (65, 88), (79, 87), (76, 88), (62, 89), (64, 86), (63, 88), (54, 85), (56, 82), (84, 86), (73, 89), (77, 89), (67, 88), (58, 85), (78, 88), (59, 84), (61, 90), (75, 89), (65, 90), (79, 89), (81, 86), (57, 86), (82, 85), (76, 90), (53, 79), (73, 91), (63, 90), (56, 84), (77, 91), (67, 90), (58, 87), (60, 84), (59, 86), (69, 87), (52, 80), (80, 87), (78, 90), (79, 91), (66, 91), (68, 88), (82, 87), (54, 80), (72, 88), (55, 81), (67, 92), (69, 89), (60, 86), (70, 88), (61, 85), (52, 82), (80, 89), (74, 88), (68, 90), (71, 89), (63, 85), (54, 82), (72, 90), (77, 86), (55, 83), (78, 85), (69, 91), (80, 91), (70, 90), (61, 87), (74, 90), (65, 87), (76, 87), (57, 83), (63, 87), (84, 85), (64, 88), (55, 85), (58, 84), (67, 87), (78, 87), (61, 89), (83, 86), (74, 92), (65, 89), (76, 89), (66, 88), (57, 85), (75, 91), (81, 88), (84, 87), (53, 81), (64, 90), (67, 89), (80, 86), (56, 86), (59, 85), (78, 89), (65, 91), (76, 91), (66, 90), (57, 87), (68, 87), (81, 90), (62, 86), (53, 83), (55, 80), (56, 79), (67, 91), (78, 91), (59, 87), (61, 84), (70, 87), (60, 88), (75, 86), (68, 89), (79, 86), (72, 89), (71, 91), (62, 88), (53, 85), (55, 82), (54, 84), (56, 81), (73, 88), (70, 89), (77, 88), (74, 89), (76, 86), (75, 88)}","{((58.5, 82.5), (59.5, 82.5)), ((55.5, 85.5), (55.5, 86.5)), ((71.5, 87.5), (72.5, 87.5)), ((52.5, 81.5), (52.5, 82.5)), ((59.5, 82.5), (59.5, 83.5)), ((73.5, 86.5), (74.5, 86.5)), ((73.5, 91.5), (74.5, 91.5)), ((53.5, 79.5), (54.5, 79.5)), ((65.5, 87.5), (66.5, 87.5)), ((74.5, 91.5), (75.5, 91.5)), ((63.5, 90.5), (64.5, 90.5)), ((80.5, 84.5), (81.5, 84.5)), ((61.5, 90.5), (62.5, 90.5)), ((75.5, 85.5), (76.5, 85.5)), ((57.5, 87.5), (57.5, 88.5)), ((79.5, 89.5), (80.5, 89.5)), ((72.5, 91.5), (73.5, 91.5)), ((62.5, 90.5), (63.5, 90.5)), ((74.5, 86.5), (75.5, 86.5)), ((81.5, 85.5), (81.5, 86.5)), ((73.5, 86.5), (73.5, 87.5)), ((63.5, 85.5), (63.5, 86.5)), ((60.5, 89.5), (61.5, 89.5)), ((78.5, 90.5), (79.5, 90.5)), ((56.5, 86.5), (56.5, 87.5)), ((54.5, 79.5), (54.5, 80.5)), ((62.5, 85.5), (63.5, 85.5)), ((75.5, 85.5), (75.5, 86.5)), ((64.5, 86.5), (65.5, 86.5)), ((80.5, 88.5), (81.5, 88.5)), ((69.5, 91.5), (70.5, 91.5)), ((60.5, 84.5), (61.5, 84.5)), ((66.5, 87.5), (67.5, 87.5)), ((77.5, 90.5), (78.5, 90.5)), ((69.5, 90.5), (69.5, 91.5)), ((54.5, 80.5), (55.5, 80.5)), ((54.5, 84.5), (54.5, 85.5)), ((78.5, 84.5), (79.5, 84.5)), ((52.5, 79.5), (53.5, 79.5)), ((72.5, 87.5), (73.5, 87.5)), ((81.5, 84.5), (81.5, 85.5)), ((81.5, 87.5), (81.5, 88.5)), ((56.5, 80.5), (56.5, 81.5)), ((76.5, 85.5), (77.5, 85.5)), ((79.5, 84.5), (80.5, 84.5)), ((60.5, 83.5), (60.5, 84.5)), ((52.5, 83.5), (53.5, 83.5)), ((68.5, 90.5), (69.5, 90.5)), ((65.5, 90.5), (66.5, 90.5)), ((52.5, 82.5), (52.5, 83.5)), ((67.5, 87.5), (68.5, 87.5)), ((59.5, 88.5), (59.5, 89.5)), ((57.5, 81.5), (57.5, 82.5)), ((69.5, 87.5), (70.5, 87.5)), ((52.5, 79.5), (52.5, 80.5)), ((77.5, 84.5), (78.5, 84.5)), ((61.5, 89.5), (61.5, 90.5)), ((57.5, 88.5), (58.5, 88.5)), ((55.5, 86.5), (56.5, 86.5)), ((70.5, 91.5), (71.5, 91.5)), ((59.5, 89.5), (60.5, 89.5)), ((57.5, 82.5), (58.5, 82.5)), ((80.5, 88.5), (80.5, 89.5)), ((65.5, 86.5), (65.5, 87.5)), ((58.5, 88.5), (59.5, 88.5)), ((61.5, 85.5), (62.5, 85.5)), ((59.5, 83.5), (60.5, 83.5)), ((68.5, 87.5), (69.5, 87.5)), ((63.5, 86.5), (64.5, 86.5)), ((79.5, 89.5), (79.5, 90.5)), ((52.5, 80.5), (52.5, 81.5)), ((76.5, 90.5), (76.5, 91.5)), ((81.5, 86.5), (81.5, 87.5)), ((61.5, 84.5), (61.5, 85.5)), ((55.5, 80.5), (56.5, 80.5)), ((70.5, 87.5), (71.5, 87.5)), ((54.5, 85.5), (55.5, 85.5)), ((53.5, 83.5), (53.5, 84.5)), ((75.5, 91.5), (76.5, 91.5)), ((71.5, 91.5), (72.5, 91.5)), ((66.5, 90.5), (67.5, 90.5)), ((56.5, 87.5), (57.5, 87.5)), ((53.5, 84.5), (54.5, 84.5)), ((77.5, 84.5), (77.5, 85.5)), ((76.5, 90.5), (77.5, 90.5)), ((67.5, 90.5), (68.5, 90.5)), ((56.5, 81.5), (57.5, 81.5)), ((64.5, 90.5), (65.5, 90.5))}","{((51.5, 80.5), (51.5, 81.5)), ((75.5, 91.5), (75.5, 92.5)), ((52.5, 85.5), (53.5, 85.5)), ((58.5, 83.5), (59.5, 83.5)), ((66.5, 92.5), (67.5, 92.5)), ((83.5, 87.5), (84.5, 87.5)), ((57.5, 83.5), (58.5, 83.5)), ((52.5, 84.5), (52.5, 85.5)), ((64.5, 85.5), (65.5, 85.5)), ((51.5, 79.5), (52.5, 79.5)), ((55.5, 87.5), (56.5, 87.5)), ((62.5, 91.5), (63.5, 91.5)), ((83.5, 84.5), (84.5, 84.5)), ((56.5, 79.5), (56.5, 80.5)), ((54.5, 86.5), (55.5, 86.5)), ((81.5, 84.5), (82.5, 84.5)), ((73.5, 91.5), (73.5, 92.5)), ((67.5, 86.5), (68.5, 86.5)), ((81.5, 88.5), (81.5, 89.5)), ((78.5, 84.5), (78.5, 85.5)), ((81.5, 89.5), (81.5, 90.5)), ((79.5, 91.5), (80.5, 91.5)), ((65.5, 91.5), (66.5, 91.5)), ((63.5, 84.5), (63.5, 85.5)), ((55.5, 86.5), (55.5, 87.5)), ((82.5, 84.5), (83.5, 84.5)), ((60.5, 90.5), (61.5, 90.5)), ((77.5, 91.5), (78.5, 91.5)), ((63.5, 91.5), (64.5, 91.5)), ((82.5, 87.5), (83.5, 87.5)), ((84.5, 86.5), (84.5, 87.5)), ((66.5, 91.5), (66.5, 92.5)), ((61.5, 83.5), (61.5, 84.5)), ((84.5, 85.5), (84.5, 86.5)), ((67.5, 91.5), (67.5, 92.5)), ((52.5, 78.5), (53.5, 78.5)), ((60.5, 89.5), (60.5, 90.5)), ((69.5, 86.5), (70.5, 86.5)), ((66.5, 86.5), (67.5, 86.5)), ((63.5, 85.5), (64.5, 85.5)), ((68.5, 91.5), (69.5, 91.5)), ((57.5, 82.5), (57.5, 83.5)), ((61.5, 84.5), (62.5, 84.5)), ((74.5, 85.5), (75.5, 85.5)), ((53.5, 85.5), (54.5, 85.5)), ((73.5, 92.5), (74.5, 92.5)), ((62.5, 84.5), (63.5, 84.5)), ((78.5, 91.5), (79.5, 91.5)), ((52.5, 83.5), (52.5, 84.5)), ((54.5, 85.5), (54.5, 86.5)), ((51.5, 82.5), (51.5, 83.5)), ((81.5, 87.5), (82.5, 87.5)), ((70.5, 86.5), (70.5, 87.5)), ((73.5, 87.5), (74.5, 87.5)), ((80.5, 90.5), (80.5, 91.5)), ((60.5, 83.5), (61.5, 83.5)), ((51.5, 83.5), (52.5, 83.5)), ((56.5, 82.5), (57.5, 82.5)), ((74.5, 92.5), (75.5, 92.5)), ((64.5, 91.5), (65.5, 91.5)), ((56.5, 78.5), (56.5, 79.5)), ((84.5, 84.5), (84.5, 85.5)), ((52.5, 78.5), (52.5, 79.5)), ((78.5, 85.5), (79.5, 85.5)), ((57.5, 87.5), (58.5, 87.5)), ((56.5, 81.5), (56.5, 82.5)), ((51.5, 81.5), (51.5, 82.5)), ((79.5, 85.5), (80.5, 85.5)), ((74.5, 85.5), (74.5, 86.5)), ((58.5, 87.5), (59.5, 87.5)), ((76.5, 91.5), (77.5, 91.5)), ((65.5, 85.5), (65.5, 86.5)), ((55.5, 78.5), (56.5, 78.5)), ((67.5, 91.5), (68.5, 91.5)), ((68.5, 86.5), (69.5, 86.5)), ((51.5, 79.5), (51.5, 80.5)), ((80.5, 90.5), (81.5, 90.5)), ((59.5, 87.5), (59.5, 88.5)), ((62.5, 90.5), (62.5, 91.5)), ((65.5, 86.5), (66.5, 86.5)), ((80.5, 84.5), (80.5, 85.5)), ((74.5, 86.5), (74.5, 87.5)), ((53.5, 78.5), (54.5, 78.5)), ((54.5, 78.5), (55.5, 78.5))}"
89,PHbmDBLzKFUqHWIbGMTmUFSmO,20200212,0.8436578171091446,3.0,0.18049445335321704,99.8046875,0.6759259259259259,0.22702702702702704,"{(79, 88), (81, 85), (53, 78), (72, 91), (62, 90), (64, 87), (55, 84), (63, 89), (56, 83), (73, 90), (77, 90), (58, 86), (52, 79), (74, 91), (75, 90), (66, 87), (57, 84), (79, 90), (81, 87), (53, 80), (54, 79), (64, 89), (56, 85), (58, 88), (60, 85), (69, 88), (80, 88), (52, 81), (66, 89), (71, 88), (53, 82), (54, 81), (77, 85), (69, 90), (60, 87), (61, 86), (79, 85), (71, 90), (62, 87), (63, 86), (54, 83), (77, 87), (78, 86), (58, 83), (60, 89), (70, 91), (61, 88), (75, 87), (65, 88), (79, 87), (81, 84), (76, 88), (53, 77), (62, 89), (73, 89), (63, 88), (56, 82), (77, 89), (67, 88), (58, 85), (80, 85), (59, 84), (78, 88), (52, 78), (75, 89), (65, 90), (79, 89), (81, 86), (57, 86), (76, 90), (53, 79), (54, 78), (73, 91), (63, 90), (56, 84), (67, 90), (58, 87), (60, 84), (59, 86), (80, 87), (52, 80), (78, 90), (68, 88), (54, 80), (72, 88), (55, 81), (69, 89), (60, 86), (59, 88), (61, 85), (52, 82), (70, 88), (80, 89), (74, 88), (79, 84), (68, 90), (71, 89), (54, 82), (72, 90), (77, 86), (55, 83), (58, 82), (78, 85), (70, 90), (61, 87), (74, 90), (65, 87), (76, 87), (57, 83), (63, 87), (64, 88), (55, 85), (58, 84), (80, 84), (59, 83), (78, 87), (61, 89), (65, 89), (76, 89), (66, 88), (57, 85), (75, 91), (81, 88), (53, 81), (64, 90), (67, 89), (80, 86), (56, 86), (59, 85), (78, 89), (76, 91), (66, 90), (57, 87), (62, 86), (53, 83), (55, 80), (59, 87), (60, 88), (74, 87), (68, 89), (79, 86), (72, 89), (71, 91), (62, 88), (73, 88), (55, 82), (54, 84), (56, 81), (70, 89), (77, 88), (74, 89), (76, 86), (75, 88), (57, 82)}","{(68, 91), (79, 88), (81, 85), (84, 84), (53, 78), (72, 91), (62, 90), (64, 87), (55, 84), (63, 89), (56, 83), (59, 82), (73, 90), (77, 90), (58, 86), (60, 83), (83, 85), (52, 79), (74, 91), (75, 90), (66, 87), (57, 84), (79, 90), (81, 87), (82, 86), (53, 80), (54, 79), (64, 89), (56, 85), (58, 88), (60, 85), (69, 88), (80, 88), (66, 89), (81, 89), (71, 88), (62, 85), (53, 82), (55, 79), (54, 81), (82, 88), (65, 86), (69, 90), (60, 87), (80, 90), (61, 86), (52, 83), (75, 85), (71, 90), (62, 87), (53, 84), (63, 86), (54, 83), (56, 80), (77, 87), (78, 86), (58, 83), (60, 89), (70, 91), (61, 88), (75, 87), (65, 88), (79, 87), (81, 84), (76, 88), (71, 92), (62, 89), (64, 86), (63, 88), (54, 85), (56, 82), (84, 86), (73, 89), (77, 89), (67, 88), (58, 85), (60, 82), (59, 84), (83, 84), (80, 85), (78, 88), (61, 90), (75, 89), (65, 90), (79, 89), (81, 86), (57, 86), (82, 85), (76, 90), (53, 79), (73, 91), (63, 90), (56, 84), (77, 91), (67, 90), (58, 87), (60, 84), (59, 86), (80, 87), (78, 90), (74, 86), (66, 91), (68, 88), (82, 87), (54, 80), (72, 88), (55, 81), (69, 89), (60, 86), (59, 88), (61, 85), (70, 88), (80, 89), (74, 88), (68, 90), (71, 89), (82, 89), (63, 85), (54, 82), (72, 90), (77, 86), (55, 83), (58, 82), (69, 91), (70, 90), (61, 87), (74, 90), (65, 87), (76, 87), (57, 83), (63, 87), (84, 85), (64, 88), (55, 85), (58, 84), (78, 87), (59, 83), (70, 92), (61, 89), (83, 86), (65, 89), (76, 89), (66, 88), (57, 85), (82, 84), (75, 91), (81, 88), (53, 81), (64, 90), (67, 89), (80, 86), (56, 86), (59, 85), (78, 89), (76, 91), (66, 90), (57, 87), (62, 86), (53, 83), (55, 80), (56, 79), (67, 91), (78, 91), (59, 87), (61, 84), (60, 88), (74, 87), (75, 86), (68, 89), (79, 86), (72, 89), (71, 91), (62, 88), (53, 85), (55, 82), (54, 84), (56, 81), (73, 88), (59, 89), (77, 88), (70, 89), (74, 89), (76, 86), (75, 88), (57, 82)}","{((58.5, 82.5), (59.5, 82.5)), ((55.5, 85.5), (55.5, 86.5)), ((51.5, 80.5), (51.5, 81.5)), ((71.5, 87.5), (72.5, 87.5)), ((59.5, 82.5), (59.5, 83.5)), ((73.5, 86.5), (74.5, 86.5)), ((73.5, 91.5), (74.5, 91.5)), ((51.5, 78.5), (51.5, 79.5)), ((74.5, 91.5), (75.5, 91.5)), ((63.5, 90.5), (64.5, 90.5)), ((54.5, 79.5), (55.5, 79.5)), ((53.5, 77.5), (54.5, 77.5)), ((81.5, 83.5), (81.5, 84.5)), ((52.5, 76.5), (52.5, 77.5)), ((61.5, 90.5), (62.5, 90.5)), ((54.5, 78.5), (54.5, 79.5)), ((57.5, 87.5), (57.5, 88.5)), ((75.5, 85.5), (76.5, 85.5)), ((79.5, 89.5), (80.5, 89.5)), ((72.5, 91.5), (73.5, 91.5)), ((62.5, 90.5), (63.5, 90.5)), ((54.5, 77.5), (54.5, 78.5)), ((74.5, 86.5), (75.5, 86.5)), ((81.5, 85.5), (81.5, 86.5)), ((73.5, 86.5), (73.5, 87.5)), ((63.5, 85.5), (63.5, 86.5)), ((51.5, 77.5), (51.5, 78.5)), ((60.5, 89.5), (61.5, 89.5)), ((78.5, 90.5), (79.5, 90.5)), ((56.5, 86.5), (56.5, 87.5)), ((80.5, 83.5), (81.5, 83.5)), ((52.5, 76.5), (53.5, 76.5)), ((62.5, 85.5), (63.5, 85.5)), ((78.5, 83.5), (78.5, 84.5)), ((75.5, 85.5), (75.5, 86.5)), ((64.5, 86.5), (65.5, 86.5)), ((80.5, 88.5), (81.5, 88.5)), ((69.5, 91.5), (70.5, 91.5)), ((60.5, 84.5), (61.5, 84.5)), ((66.5, 87.5), (67.5, 87.5)), ((77.5, 90.5), (78.5, 90.5)), ((69.5, 90.5), (69.5, 91.5)), ((54.5, 84.5), (54.5, 85.5)), ((72.5, 87.5), (73.5, 87.5)), ((81.5, 84.5), (81.5, 85.5)), ((55.5, 79.5), (55.5, 80.5)), ((81.5, 87.5), (81.5, 88.5)), ((56.5, 80.5), (56.5, 81.5)), ((51.5, 77.5), (52.5, 77.5)), ((60.5, 83.5), (60.5, 84.5)), ((52.5, 83.5), (53.5, 83.5)), ((68.5, 90.5), (69.5, 90.5)), ((76.5, 84.5), (77.5, 84.5)), ((65.5, 90.5), (66.5, 90.5)), ((52.5, 82.5), (52.5, 83.5)), ((67.5, 87.5), (68.5, 87.5)), ((59.5, 88.5), (59.5, 89.5)), ((53.5, 76.5), (53.5, 77.5)), ((69.5, 87.5), (70.5, 87.5)), ((78.5, 83.5), (79.5, 83.5)), ((77.5, 84.5), (78.5, 84.5)), ((61.5, 89.5), (61.5, 90.5)), ((57.5, 88.5), (58.5, 88.5)), ((55.5, 86.5), (56.5, 86.5)), ((70.5, 91.5), (71.5, 91.5)), ((79.5, 83.5), (80.5, 83.5)), ((59.5, 89.5), (60.5, 89.5)), ((80.5, 88.5), (80.5, 89.5)), ((58.5, 88.5), (59.5, 88.5)), ((61.5, 85.5), (62.5, 85.5)), ((59.5, 83.5), (60.5, 83.5)), ((68.5, 87.5), (69.5, 87.5)), ((66.5, 86.5), (66.5, 87.5)), ((63.5, 86.5), (64.5, 86.5)), ((58.5, 81.5), (58.5, 82.5)), ((79.5, 89.5), (79.5, 90.5)), ((76.5, 90.5), (76.5, 91.5)), ((81.5, 86.5), (81.5, 87.5)), ((61.5, 84.5), (61.5, 85.5)), ((55.5, 80.5), (56.5, 80.5)), ((70.5, 87.5), (71.5, 87.5)), ((54.5, 85.5), (55.5, 85.5)), ((51.5, 81.5), (51.5, 82.5)), ((53.5, 83.5), (53.5, 84.5)), ((75.5, 91.5), (76.5, 91.5)), ((71.5, 91.5), (72.5, 91.5)), ((66.5, 90.5), (67.5, 90.5)), ((76.5, 84.5), (76.5, 85.5)), ((56.5, 87.5), (57.5, 87.5)), ((57.5, 81.5), (58.5, 81.5)), ((53.5, 84.5), (54.5, 84.5)), ((51.5, 79.5), (51.5, 80.5)), ((76.5, 90.5), (77.5, 90.5)), ((51.5, 82.5), (52.5, 82.5)), ((67.5, 90.5), (68.5, 90.5)), ((65.5, 86.5), (66.5, 86.5)), ((56.5, 81.5), (57.5, 81.5)), ((64.5, 90.5), (65.5, 90.5))}","{((60.5, 89.5), (60.5, 90.5)), ((73.5, 85.5), (73.5, 86.5)), ((58.5, 81.5), (59.5, 81.5)), ((52.5, 85.5), (53.5, 85.5)), ((58.5, 89.5), (59.5, 89.5)), ((52.5, 81.5), (52.5, 82.5)), ((71.5, 91.5), (71.5, 92.5)), ((63.5, 85.5), (64.5, 85.5)), ((83.5, 86.5), (84.5, 86.5)), ((68.5, 91.5), (69.5, 91.5)), ((52.5, 84.5), (52.5, 85.5)), ((74.5, 84.5), (74.5, 85.5)), ((61.5, 84.5), (62.5, 84.5)), ((82.5, 86.5), (83.5, 86.5)), ((78.5, 90.5), (78.5, 91.5)), ((64.5, 85.5), (65.5, 85.5)), ((53.5, 85.5), (54.5, 85.5)), ((60.5, 81.5), (60.5, 82.5)), ((66.5, 91.5), (67.5, 91.5)), ((70.5, 92.5), (71.5, 92.5)), ((51.5, 79.5), (52.5, 79.5)), ((62.5, 84.5), (63.5, 84.5)), ((69.5, 91.5), (69.5, 92.5)), ((52.5, 79.5), (52.5, 80.5)), ((82.5, 87.5), (82.5, 88.5)), ((73.5, 85.5), (74.5, 85.5)), ((84.5, 83.5), (84.5, 84.5)), ((52.5, 83.5), (52.5, 84.5)), ((82.5, 83.5), (83.5, 83.5)), ((56.5, 79.5), (56.5, 80.5)), ((52.5, 77.5), (52.5, 78.5)), ((51.5, 82.5), (51.5, 83.5)), ((79.5, 90.5), (80.5, 90.5)), ((69.5, 92.5), (70.5, 92.5)), ((80.5, 89.5), (80.5, 90.5)), ((54.5, 78.5), (55.5, 78.5)), ((60.5, 82.5), (60.5, 83.5)), ((81.5, 89.5), (82.5, 89.5)), ((79.5, 84.5), (79.5, 85.5)), ((76.5, 85.5), (77.5, 85.5)), ((53.5, 78.5), (54.5, 78.5)), ((59.5, 81.5), (60.5, 81.5)), ((60.5, 83.5), (61.5, 83.5)), ((61.5, 83.5), (61.5, 84.5)), ((51.5, 83.5), (52.5, 83.5)), ((52.5, 80.5), (52.5, 81.5)), ((56.5, 78.5), (56.5, 79.5)), ((84.5, 84.5), (84.5, 85.5)), ((78.5, 85.5), (79.5, 85.5)), ((51.5, 78.5), (52.5, 78.5)), ((74.5, 84.5), (75.5, 84.5)), ((65.5, 90.5), (65.5, 91.5)), ((52.5, 77.5), (53.5, 77.5)), ((80.5, 89.5), (81.5, 89.5)), ((76.5, 91.5), (77.5, 91.5)), ((65.5, 85.5), (65.5, 86.5)), ((55.5, 78.5), (56.5, 78.5)), ((67.5, 91.5), (68.5, 91.5)), ((83.5, 83.5), (84.5, 83.5)), ((65.5, 91.5), (66.5, 91.5)), ((75.5, 84.5), (75.5, 85.5)), ((81.5, 83.5), (82.5, 83.5)), ((53.5, 77.5), (53.5, 78.5)), ((63.5, 84.5), (63.5, 85.5)), ((60.5, 90.5), (61.5, 90.5)), ((77.5, 91.5), (78.5, 91.5)), ((77.5, 85.5), (78.5, 85.5)), ((82.5, 86.5), (82.5, 87.5)), ((58.5, 88.5), (58.5, 89.5)), ((82.5, 88.5), (82.5, 89.5)), ((84.5, 85.5), (84.5, 86.5)), ((79.5, 84.5), (80.5, 84.5)), ((80.5, 83.5), (80.5, 84.5))}"
90,PHbmDBLzKFUqHWIbGMTmUFSmO,20200212,0.8413098236775819,2.8284271247461903,0.17599801510222512,102.5390625,0.6696428571428571,0.2610619469026549,"{(79, 88), (81, 85), (53, 78), (54, 77), (72, 91), (62, 90), (64, 87), (55, 84), (63, 89), (56, 83), (73, 90), (77, 90), (58, 86), (51, 80), (52, 79), (74, 91), (75, 90), (66, 87), (57, 84), (79, 90), (81, 87), (82, 86), (53, 80), (54, 79), (64, 89), (56, 85), (58, 88), (60, 85), (69, 88), (80, 88), (52, 81), (66, 89), (71, 88), (53, 82), (55, 79), (54, 81), (77, 85), (69, 90), (60, 87), (61, 86), (79, 85), (71, 90), (62, 87), (73, 87), (63, 86), (54, 83), (56, 80), (77, 87), (78, 86), (58, 83), (80, 83), (51, 77), (52, 76), (60, 89), (61, 88), (75, 87), (65, 88), (79, 87), (81, 84), (76, 88), (53, 77), (62, 89), (73, 89), (63, 88), (56, 82), (77, 89), (67, 88), (58, 85), (80, 85), (51, 79), (59, 84), (52, 78), (78, 88), (75, 89), (65, 90), (79, 89), (81, 86), (57, 86), (82, 85), (76, 90), (53, 79), (54, 78), (73, 91), (63, 90), (56, 84), (67, 90), (58, 87), (60, 84), (59, 86), (80, 87), (52, 80), (78, 90), (68, 88), (54, 80), (72, 88), (55, 81), (69, 89), (60, 86), (59, 88), (61, 85), (52, 82), (70, 88), (80, 89), (74, 88), (79, 84), (57, 81), (68, 90), (71, 89), (54, 82), (72, 90), (77, 86), (55, 83), (58, 82), (78, 85), (70, 90), (61, 87), (74, 90), (65, 87), (76, 87), (57, 83), (63, 87), (64, 88), (55, 85), (58, 84), (80, 84), (59, 83), (78, 87), (52, 77), (61, 89), (65, 89), (76, 89), (66, 88), (57, 85), (75, 91), (81, 88), (53, 81), (64, 90), (67, 89), (80, 86), (56, 86), (59, 85), (78, 89), (76, 91), (66, 90), (57, 87), (62, 86), (53, 83), (55, 80), (59, 87), (60, 88), (74, 87), (75, 86), (68, 89), (79, 86), (81, 83), (53, 76), (72, 89), (71, 91), (62, 88), (73, 88), (55, 82), (54, 84), (56, 81), (78, 84), (70, 89), (77, 88), (51, 78), (74, 89), (76, 86), (75, 88), (57, 82)}","{(68, 91), (79, 88), (81, 85), (84, 84), (53, 78), (54, 77), (72, 91), (73, 90), (64, 87), (55, 84), (63, 89), (56, 83), (77, 90), (58, 86), (60, 83), (51, 80), (83, 85), (52, 79), (74, 91), (75, 90), (66, 87), (57, 84), (79, 90), (81, 87), (82, 86), (53, 80), (55, 77), (54, 79), (64, 89), (56, 85), (69, 88), (60, 85), (83, 87), (80, 88), (52, 81), (66, 89), (81, 89), (72, 86), (71, 88), (62, 85), (53, 82), (55, 79), (54, 81), (82, 88), (77, 85), (51, 75), (52, 74), (69, 90), (60, 87), (83, 89), (61, 86), (52, 83), (75, 85), (80, 90), (79, 85), (53, 75), (71, 90), (62, 87), (53, 84), (63, 86), (54, 83), (56, 80), (73, 87), (77, 87), (78, 86), (58, 83), (51, 77), (52, 76), (60, 89), (70, 91), (61, 88), (75, 87), (65, 88), (79, 87), (81, 84), (76, 88), (82, 83), (53, 77), (54, 76), (62, 89), (64, 86), (63, 88), (54, 85), (56, 82), (84, 86), (73, 89), (77, 89), (67, 88), (58, 85), (83, 84), (51, 79), (59, 84), (52, 78), (80, 85), (78, 88), (75, 89), (65, 90), (79, 89), (81, 86), (57, 86), (82, 85), (76, 90), (53, 79), (54, 78), (73, 91), (63, 90), (56, 84), (77, 91), (67, 90), (58, 87), (60, 84), (59, 86), (69, 87), (52, 80), (80, 87), (78, 90), (74, 86), (66, 91), (68, 88), (71, 87), (82, 87), (54, 80), (72, 88), (55, 81), (69, 89), (60, 86), (70, 88), (61, 85), (52, 82), (80, 89), (74, 88), (76, 85), (79, 84), (57, 81), (68, 90), (71, 89), (82, 89), (54, 82), (84, 83), (72, 90), (77, 86), (55, 83), (58, 82), (78, 85), (52, 75), (69, 91), (70, 90), (61, 87), (74, 90), (65, 87), (76, 87), (57, 83), (54, 75), (63, 87), (84, 85), (55, 76), (64, 88), (55, 85), (58, 84), (80, 84), (59, 83), (67, 87), (52, 77), (78, 87), (61, 89), (83, 86), (65, 89), (76, 89), (66, 88), (57, 85), (82, 84), (75, 91), (81, 88), (84, 87), (53, 81), (55, 78), (64, 90), (67, 89), (80, 86), (56, 86), (59, 85), (78, 89), (83, 88), (76, 91), (66, 90), (57, 87), (68, 87), (53, 74), (81, 90), (72, 87), (62, 86), (53, 83), (55, 80), (73, 86), (56, 79), (67, 91), (78, 91), (59, 87), (61, 84), (70, 87), (51, 76), (60, 88), (74, 87), (75, 86), (57, 80), (68, 89), (79, 86), (81, 83), (53, 76), (72, 89), (71, 91), (62, 88), (53, 85), (55, 82), (54, 84), (56, 81), (78, 84), (73, 88), (70, 89), (77, 88), (83, 83), (51, 78), (74, 89), (76, 86), (75, 88), (57, 82)}","{((58.5, 82.5), (59.5, 82.5)), ((81.5, 86.5), (82.5, 86.5)), ((55.5, 85.5), (55.5, 86.5)), ((51.5, 80.5), (51.5, 81.5)), ((71.5, 87.5), (72.5, 87.5)), ((70.5, 90.5), (70.5, 91.5)), ((59.5, 82.5), (59.5, 83.5)), ((73.5, 86.5), (74.5, 86.5)), ((73.5, 91.5), (74.5, 91.5)), ((74.5, 91.5), (75.5, 91.5)), ((72.5, 86.5), (72.5, 87.5)), ((50.5, 76.5), (51.5, 76.5)), ((63.5, 90.5), (64.5, 90.5)), ((56.5, 80.5), (57.5, 80.5)), ((69.5, 90.5), (70.5, 90.5)), ((51.5, 75.5), (51.5, 76.5)), ((81.5, 83.5), (81.5, 84.5)), ((55.5, 78.5), (55.5, 79.5)), ((61.5, 90.5), (62.5, 90.5)), ((75.5, 85.5), (76.5, 85.5)), ((57.5, 87.5), (57.5, 88.5)), ((79.5, 89.5), (80.5, 89.5)), ((72.5, 91.5), (73.5, 91.5)), ((62.5, 90.5), (63.5, 90.5)), ((56.5, 79.5), (56.5, 80.5)), ((81.5, 84.5), (82.5, 84.5)), ((82.5, 85.5), (82.5, 86.5)), ((54.5, 77.5), (54.5, 78.5)), ((50.5, 77.5), (50.5, 78.5)), ((54.5, 76.5), (54.5, 77.5)), ((60.5, 89.5), (61.5, 89.5)), ((63.5, 85.5), (63.5, 86.5)), ((78.5, 90.5), (79.5, 90.5)), ((50.5, 76.5), (50.5, 77.5)), ((56.5, 86.5), (56.5, 87.5)), ((50.5, 79.5), (50.5, 80.5)), ((72.5, 86.5), (73.5, 86.5)), ((62.5, 85.5), (63.5, 85.5)), ((53.5, 76.5), (54.5, 76.5)), ((64.5, 86.5), (65.5, 86.5)), ((80.5, 88.5), (81.5, 88.5)), ((60.5, 84.5), (61.5, 84.5)), ((66.5, 87.5), (67.5, 87.5)), ((77.5, 90.5), (78.5, 90.5)), ((51.5, 75.5), (52.5, 75.5)), ((54.5, 84.5), (54.5, 85.5)), ((50.5, 80.5), (51.5, 80.5)), ((81.5, 87.5), (81.5, 88.5)), ((81.5, 82.5), (81.5, 83.5)), ((57.5, 80.5), (57.5, 81.5)), ((60.5, 83.5), (60.5, 84.5)), ((52.5, 83.5), (53.5, 83.5)), ((68.5, 90.5), (69.5, 90.5)), ((76.5, 84.5), (77.5, 84.5)), ((65.5, 90.5), (66.5, 90.5)), ((52.5, 82.5), (52.5, 83.5)), ((67.5, 87.5), (68.5, 87.5)), ((79.5, 82.5), (79.5, 83.5)), ((74.5, 85.5), (75.5, 85.5)), ((59.5, 88.5), (59.5, 89.5)), ((77.5, 83.5), (77.5, 84.5)), ((52.5, 75.5), (53.5, 75.5)), ((50.5, 78.5), (50.5, 79.5)), ((69.5, 87.5), (70.5, 87.5)), ((78.5, 83.5), (79.5, 83.5)), ((61.5, 89.5), (61.5, 90.5)), ((57.5, 88.5), (58.5, 88.5)), ((55.5, 86.5), (56.5, 86.5)), ((80.5, 82.5), (81.5, 82.5)), ((70.5, 91.5), (71.5, 91.5)), ((55.5, 79.5), (56.5, 79.5)), ((59.5, 89.5), (60.5, 89.5)), ((80.5, 88.5), (80.5, 89.5)), ((58.5, 88.5), (59.5, 88.5)), ((61.5, 85.5), (62.5, 85.5)), ((59.5, 83.5), (60.5, 83.5)), ((68.5, 87.5), (69.5, 87.5)), ((66.5, 86.5), (66.5, 87.5)), ((63.5, 86.5), (64.5, 86.5)), ((58.5, 81.5), (58.5, 82.5)), ((82.5, 84.5), (82.5, 85.5)), ((79.5, 89.5), (79.5, 90.5)), ((76.5, 90.5), (76.5, 91.5)), ((81.5, 86.5), (81.5, 87.5)), ((61.5, 84.5), (61.5, 85.5)), ((70.5, 87.5), (71.5, 87.5)), ((79.5, 82.5), (80.5, 82.5)), ((54.5, 85.5), (55.5, 85.5)), ((51.5, 81.5), (51.5, 82.5)), ((53.5, 83.5), (53.5, 84.5)), ((75.5, 91.5), (76.5, 91.5)), ((77.5, 83.5), (78.5, 83.5)), ((71.5, 91.5), (72.5, 91.5)), ((74.5, 85.5), (74.5, 86.5)), ((66.5, 90.5), (67.5, 90.5)), ((76.5, 84.5), (76.5, 85.5)), ((56.5, 87.5), (57.5, 87.5)), ((57.5, 81.5), (58.5, 81.5)), ((53.5, 84.5), (54.5, 84.5)), ((76.5, 90.5), (77.5, 90.5)), ((51.5, 82.5), (52.5, 82.5)), ((67.5, 90.5), (68.5, 90.5)), ((65.5, 86.5), (66.5, 86.5)), ((53.5, 75.5), (53.5, 76.5)), ((64.5, 90.5), (65.5, 90.5)), ((54.5, 78.5), (55.5, 78.5))}","{((72.5, 85.5), (73.5, 85.5)), ((69.5, 86.5), (70.5, 86.5)), ((52.5, 85.5), (53.5, 85.5)), ((70.5, 86.5), (71.5, 86.5)), ((54.5, 75.5), (55.5, 75.5)), ((56.5, 79.5), (57.5, 79.5)), ((66.5, 86.5), (67.5, 86.5)), ((63.5, 85.5), (64.5, 85.5)), ((53.5, 73.5), (53.5, 74.5)), ((75.5, 84.5), (76.5, 84.5)), ((52.5, 84.5), (52.5, 85.5)), ((50.5, 75.5), (50.5, 76.5)), ((74.5, 84.5), (74.5, 85.5)), ((68.5, 91.5), (69.5, 91.5)), ((61.5, 84.5), (62.5, 84.5)), ((83.5, 87.5), (84.5, 87.5)), ((78.5, 90.5), (78.5, 91.5)), ((82.5, 89.5), (83.5, 89.5)), ((53.5, 85.5), (54.5, 85.5)), ((52.5, 73.5), (53.5, 73.5)), ((66.5, 91.5), (67.5, 91.5)), ((84.5, 82.5), (84.5, 83.5)), ((55.5, 75.5), (55.5, 76.5)), ((71.5, 85.5), (72.5, 85.5)), ((73.5, 85.5), (74.5, 85.5)), ((59.5, 82.5), (60.5, 82.5)), ((84.5, 83.5), (84.5, 84.5)), ((50.5, 74.5), (51.5, 74.5)), ((79.5, 83.5), (80.5, 83.5)), ((52.5, 83.5), (52.5, 84.5)), ((51.5, 82.5), (51.5, 83.5)), ((81.5, 82.5), (82.5, 82.5)), ((79.5, 90.5), (80.5, 90.5)), ((60.5, 82.5), (60.5, 83.5)), ((81.5, 89.5), (82.5, 89.5)), ((51.5, 73.5), (52.5, 73.5)), ((83.5, 87.5), (83.5, 88.5)), ((60.5, 83.5), (61.5, 83.5)), ((61.5, 83.5), (61.5, 84.5)), ((51.5, 83.5), (52.5, 83.5)), ((83.5, 82.5), (84.5, 82.5)), ((57.5, 79.5), (57.5, 80.5)), ((56.5, 78.5), (56.5, 79.5)), ((71.5, 85.5), (71.5, 86.5)), ((67.5, 86.5), (68.5, 86.5)), ((84.5, 84.5), (84.5, 85.5)), ((64.5, 85.5), (64.5, 86.5)), ((55.5, 77.5), (55.5, 78.5)), ((53.5, 74.5), (54.5, 74.5)), ((57.5, 87.5), (58.5, 87.5)), ((62.5, 89.5), (62.5, 90.5)), ((55.5, 76.5), (55.5, 77.5)), ((81.5, 89.5), (81.5, 90.5)), ((74.5, 84.5), (75.5, 84.5)), ((50.5, 74.5), (50.5, 75.5)), ((65.5, 90.5), (65.5, 91.5)), ((69.5, 91.5), (70.5, 91.5)), ((58.5, 87.5), (59.5, 87.5)), ((76.5, 91.5), (77.5, 91.5)), ((80.5, 82.5), (80.5, 83.5)), ((62.5, 84.5), (62.5, 85.5)), ((55.5, 78.5), (56.5, 78.5)), ((67.5, 91.5), (68.5, 91.5)), ((65.5, 91.5), (66.5, 91.5)), ((54.5, 74.5), (54.5, 75.5)), ((68.5, 86.5), (69.5, 86.5)), ((80.5, 90.5), (81.5, 90.5)), ((59.5, 87.5), (59.5, 88.5)), ((83.5, 88.5), (83.5, 89.5)), ((82.5, 82.5), (83.5, 82.5)), ((77.5, 91.5), (78.5, 91.5)), ((61.5, 89.5), (62.5, 89.5)), ((84.5, 86.5), (84.5, 87.5)), ((84.5, 85.5), (84.5, 86.5)), ((51.5, 73.5), (51.5, 74.5))}"
91,PHbmDBLzKFUqHWIbGMTmUFSmO,20200212,0.8444444444444443,2.23606797749979,0.1678261134649065,118.9453125,0.7372881355932204,0.22972972972972974,"{(79, 88), (81, 85), (53, 78), (54, 77), (73, 90), (64, 87), (55, 84), (63, 89), (56, 83), (77, 90), (58, 86), (51, 80), (52, 79), (75, 90), (66, 87), (57, 84), (79, 90), (81, 87), (82, 86), (53, 80), (54, 79), (64, 89), (56, 85), (58, 88), (60, 85), (69, 88), (80, 88), (52, 81), (66, 89), (79, 83), (71, 88), (62, 85), (53, 82), (55, 79), (54, 81), (77, 85), (51, 75), (69, 90), (60, 87), (61, 86), (79, 85), (81, 82), (71, 90), (62, 87), (73, 87), (63, 86), (54, 83), (56, 80), (77, 87), (78, 86), (58, 83), (80, 83), (51, 77), (52, 76), (60, 89), (61, 88), (75, 87), (65, 88), (79, 87), (81, 84), (76, 88), (82, 83), (53, 77), (62, 89), (64, 86), (63, 88), (73, 89), (56, 82), (77, 89), (67, 88), (58, 85), (80, 85), (51, 79), (59, 84), (52, 78), (78, 88), (75, 89), (65, 90), (79, 89), (81, 86), (57, 86), (82, 85), (76, 90), (53, 79), (54, 78), (63, 90), (56, 84), (67, 90), (58, 87), (60, 84), (51, 81), (59, 86), (52, 80), (80, 87), (78, 90), (74, 86), (68, 88), (71, 87), (54, 80), (72, 88), (55, 81), (69, 89), (60, 86), (59, 88), (61, 85), (52, 82), (70, 88), (80, 89), (74, 88), (76, 85), (79, 84), (57, 81), (68, 90), (71, 89), (54, 82), (72, 90), (77, 86), (55, 83), (58, 82), (80, 82), (78, 85), (52, 75), (70, 90), (61, 87), (74, 90), (65, 87), (76, 87), (57, 83), (82, 82), (63, 87), (64, 88), (55, 85), (58, 84), (80, 84), (59, 83), (67, 87), (52, 77), (78, 87), (61, 89), (65, 89), (76, 89), (66, 88), (57, 85), (82, 84), (81, 88), (53, 81), (55, 78), (64, 90), (67, 89), (80, 86), (56, 86), (59, 85), (78, 89), (66, 90), (57, 87), (68, 87), (72, 87), (62, 86), (53, 83), (55, 80), (59, 87), (51, 76), (60, 88), (74, 87), (75, 86), (68, 89), (79, 86), (81, 83), (53, 76), (72, 89), (62, 88), (73, 88), (55, 82), (54, 84), (56, 81), (78, 84), (70, 89), (77, 88), (51, 78), (74, 89), (76, 86), (75, 88), (57, 82)}","{(79, 88), (81, 85), (53, 78), (54, 77), (72, 91), (73, 90), (64, 87), (55, 84), (63, 89), (56, 83), (77, 90), (58, 86), (60, 83), (51, 80), (83, 85), (52, 79), (74, 91), (75, 90), (66, 87), (57, 84), (79, 90), (81, 87), (82, 86), (53, 80), (55, 77), (54, 79), (64, 89), (56, 85), (69, 88), (60, 85), (51, 82), (83, 87), (52, 81), (80, 88), (66, 89), (81, 89), (72, 86), (71, 88), (82, 88), (53, 82), (55, 79), (54, 81), (56, 78), (77, 85), (51, 75), (52, 74), (69, 90), (60, 87), (83, 89), (61, 86), (52, 83), (75, 85), (80, 90), (79, 85), (81, 82), (53, 75), (71, 90), (62, 87), (53, 84), (63, 86), (54, 83), (56, 80), (73, 87), (77, 87), (78, 86), (58, 83), (80, 83), (51, 77), (50, 79), (52, 76), (70, 91), (61, 88), (75, 87), (76, 86), (65, 88), (79, 87), (81, 84), (76, 88), (82, 83), (53, 77), (54, 76), (62, 89), (64, 86), (63, 88), (54, 85), (56, 82), (84, 86), (73, 89), (77, 89), (67, 88), (58, 85), (80, 85), (51, 79), (59, 84), (52, 78), (78, 88), (75, 89), (76, 90), (79, 89), (81, 86), (57, 86), (82, 85), (53, 79), (54, 78), (73, 91), (56, 84), (77, 91), (67, 90), (58, 87), (60, 84), (51, 81), (59, 86), (52, 80), (69, 87), (80, 87), (78, 90), (74, 86), (68, 88), (71, 87), (82, 87), (54, 80), (72, 88), (55, 81), (51, 74), (50, 76), (52, 73), (69, 89), (60, 86), (70, 88), (61, 85), (52, 82), (80, 89), (74, 88), (76, 85), (79, 84), (68, 90), (71, 89), (82, 89), (54, 82), (72, 90), (77, 86), (55, 83), (78, 85), (50, 78), (52, 75), (70, 90), (61, 87), (74, 90), (65, 87), (76, 87), (57, 83), (63, 87), (84, 85), (55, 76), (64, 88), (55, 85), (58, 84), (80, 84), (59, 83), (50, 80), (52, 77), (67, 87), (78, 87), (61, 89), (83, 86), (65, 89), (76, 89), (66, 88), (57, 85), (82, 84), (75, 91), (81, 88), (84, 87), (53, 81), (55, 78), (67, 89), (80, 86), (56, 86), (59, 85), (78, 89), (83, 88), (51, 83), (76, 91), (66, 90), (57, 87), (68, 87), (81, 90), (72, 87), (62, 86), (53, 83), (55, 80), (73, 86), (56, 79), (50, 75), (78, 91), (59, 87), (70, 87), (51, 76), (60, 88), (74, 87), (75, 86), (68, 89), (79, 86), (81, 83), (53, 76), (72, 89), (71, 91), (62, 88), (53, 85), (55, 82), (54, 84), (56, 81), (78, 84), (50, 77), (73, 88), (70, 89), (77, 88), (51, 78), (74, 89), (65, 86), (75, 88), (57, 82)}","{((58.5, 82.5), (59.5, 82.5)), ((79.5, 81.5), (80.5, 81.5)), ((81.5, 86.5), (82.5, 86.5)), ((55.5, 85.5), (55.5, 86.5)), ((70.5, 86.5), (71.5, 86.5)), ((59.5, 82.5), (59.5, 83.5)), ((71.5, 90.5), (72.5, 90.5)), ((75.5, 84.5), (76.5, 84.5)), ((63.5, 90.5), (64.5, 90.5)), ((50.5, 80.5), (50.5, 81.5)), ((56.5, 80.5), (57.5, 80.5)), ((78.5, 82.5), (78.5, 83.5)), ((69.5, 90.5), (70.5, 90.5)), ((55.5, 78.5), (55.5, 79.5)), ((57.5, 87.5), (57.5, 88.5)), ((79.5, 89.5), (80.5, 89.5)), ((62.5, 90.5), (63.5, 90.5)), ((56.5, 79.5), (56.5, 80.5)), ((82.5, 85.5), (82.5, 86.5)), ((50.5, 77.5), (50.5, 78.5)), ((54.5, 76.5), (54.5, 77.5)), ((68.5, 86.5), (68.5, 87.5)), ((60.5, 89.5), (61.5, 89.5)), ((78.5, 90.5), (79.5, 90.5)), ((50.5, 76.5), (50.5, 77.5)), ((56.5, 86.5), (56.5, 87.5)), ((74.5, 90.5), (75.5, 90.5)), ((50.5, 79.5), (50.5, 80.5)), ((67.5, 86.5), (68.5, 86.5)), ((71.5, 86.5), (72.5, 86.5)), ((72.5, 86.5), (73.5, 86.5)), ((62.5, 85.5), (63.5, 85.5)), ((53.5, 76.5), (54.5, 76.5)), ((64.5, 86.5), (65.5, 86.5)), ((81.5, 81.5), (82.5, 81.5)), ((80.5, 88.5), (81.5, 88.5)), ((60.5, 84.5), (61.5, 84.5)), ((82.5, 81.5), (82.5, 82.5)), ((62.5, 84.5), (62.5, 85.5)), ((77.5, 90.5), (78.5, 90.5)), ((80.5, 81.5), (81.5, 81.5)), ((75.5, 84.5), (75.5, 85.5)), ((54.5, 84.5), (54.5, 85.5)), ((61.5, 89.5), (62.5, 89.5)), ((81.5, 87.5), (81.5, 88.5)), ((72.5, 90.5), (73.5, 90.5)), ((57.5, 80.5), (57.5, 81.5)), ((52.5, 74.5), (52.5, 75.5)), ((60.5, 83.5), (60.5, 84.5)), ((73.5, 85.5), (73.5, 86.5)), ((52.5, 83.5), (53.5, 83.5)), ((68.5, 90.5), (69.5, 90.5)), ((76.5, 84.5), (77.5, 84.5)), ((66.5, 86.5), (67.5, 86.5)), ((63.5, 85.5), (64.5, 85.5)), ((65.5, 90.5), (66.5, 90.5)), ((52.5, 82.5), (52.5, 83.5)), ((50.5, 75.5), (50.5, 76.5)), ((61.5, 84.5), (62.5, 84.5)), ((74.5, 85.5), (75.5, 85.5)), ((59.5, 88.5), (59.5, 89.5)), ((79.5, 81.5), (79.5, 82.5)), ((77.5, 83.5), (77.5, 84.5)), ((52.5, 75.5), (53.5, 75.5)), ((50.5, 78.5), (50.5, 79.5)), ((75.5, 90.5), (76.5, 90.5)), ((69.5, 87.5), (70.5, 87.5)), ((73.5, 85.5), (74.5, 85.5)), ((57.5, 88.5), (58.5, 88.5)), ((50.5, 74.5), (51.5, 74.5)), ((55.5, 86.5), (56.5, 86.5)), ((55.5, 79.5), (56.5, 79.5)), ((73.5, 90.5), (74.5, 90.5)), ((59.5, 89.5), (60.5, 89.5)), ((80.5, 88.5), (80.5, 89.5)), ((51.5, 74.5), (52.5, 74.5)), ((58.5, 88.5), (59.5, 88.5)), ((70.5, 86.5), (70.5, 87.5)), ((59.5, 83.5), (60.5, 83.5)), ((68.5, 87.5), (69.5, 87.5)), ((58.5, 81.5), (58.5, 82.5)), ((82.5, 84.5), (82.5, 85.5)), ((79.5, 89.5), (79.5, 90.5)), ((82.5, 82.5), (82.5, 83.5)), ((78.5, 82.5), (79.5, 82.5)), ((81.5, 86.5), (81.5, 87.5)), ((64.5, 85.5), (64.5, 86.5)), ((55.5, 77.5), (55.5, 78.5)), ((62.5, 89.5), (62.5, 90.5)), ((54.5, 85.5), (55.5, 85.5)), ((50.5, 74.5), (50.5, 75.5)), ((51.5, 81.5), (51.5, 82.5)), ((53.5, 83.5), (53.5, 84.5)), ((77.5, 83.5), (78.5, 83.5)), ((70.5, 90.5), (71.5, 90.5)), ((66.5, 90.5), (67.5, 90.5)), ((82.5, 83.5), (82.5, 84.5)), ((56.5, 87.5), (57.5, 87.5)), ((57.5, 81.5), (58.5, 81.5)), ((54.5, 77.5), (55.5, 77.5)), ((53.5, 84.5), (54.5, 84.5)), ((76.5, 90.5), (77.5, 90.5)), ((51.5, 82.5), (52.5, 82.5)), ((67.5, 90.5), (68.5, 90.5)), ((50.5, 81.5), (51.5, 81.5)), ((65.5, 86.5), (66.5, 86.5)), ((53.5, 75.5), (53.5, 76.5)), ((64.5, 90.5), (65.5, 90.5))}","{((49.5, 78.5), (49.5, 79.5)), ((52.5, 85.5), (53.5, 85.5)), ((55.5, 77.5), (56.5, 77.5)), ((62.5, 89.5), (63.5, 89.5)), ((73.5, 91.5), (74.5, 91.5)), ((83.5, 87.5), (84.5, 87.5)), ((50.5, 73.5), (51.5, 73.5)), ((52.5, 84.5), (52.5, 85.5)), ((74.5, 84.5), (74.5, 85.5)), ((74.5, 91.5), (75.5, 91.5)), ((81.5, 81.5), (81.5, 82.5)), ((78.5, 90.5), (78.5, 91.5)), ((82.5, 89.5), (83.5, 89.5)), ((64.5, 85.5), (65.5, 85.5)), ((49.5, 79.5), (49.5, 80.5)), ((51.5, 72.5), (51.5, 73.5)), ((52.5, 74.5), (53.5, 74.5)), ((59.5, 82.5), (60.5, 82.5)), ((72.5, 91.5), (73.5, 91.5)), ((83.5, 84.5), (84.5, 84.5)), ((79.5, 90.5), (80.5, 90.5)), ((81.5, 89.5), (82.5, 89.5)), ((83.5, 87.5), (83.5, 88.5)), ((56.5, 77.5), (56.5, 78.5)), ((49.5, 77.5), (49.5, 78.5)), ((81.5, 89.5), (81.5, 90.5)), ((69.5, 91.5), (70.5, 91.5)), ((51.5, 72.5), (52.5, 72.5)), ((63.5, 89.5), (64.5, 89.5)), ((59.5, 88.5), (60.5, 88.5)), ((69.5, 90.5), (69.5, 91.5)), ((82.5, 84.5), (83.5, 84.5)), ((77.5, 91.5), (78.5, 91.5)), ((52.5, 72.5), (52.5, 73.5)), ((84.5, 86.5), (84.5, 87.5)), ((56.5, 80.5), (56.5, 81.5)), ((84.5, 85.5), (84.5, 86.5)), ((72.5, 85.5), (73.5, 85.5)), ((69.5, 86.5), (70.5, 86.5)), ((54.5, 75.5), (55.5, 75.5)), ((53.5, 74.5), (53.5, 75.5)), ((79.5, 82.5), (79.5, 83.5)), ((57.5, 81.5), (57.5, 82.5)), ((53.5, 85.5), (54.5, 85.5)), ((71.5, 85.5), (72.5, 85.5)), ((55.5, 75.5), (55.5, 76.5)), ((78.5, 83.5), (79.5, 83.5)), ((65.5, 89.5), (65.5, 90.5)), ((49.5, 80.5), (50.5, 80.5)), ((70.5, 91.5), (71.5, 91.5)), ((49.5, 74.5), (49.5, 75.5)), ((52.5, 83.5), (52.5, 84.5)), ((81.5, 82.5), (82.5, 82.5)), ((57.5, 82.5), (58.5, 82.5)), ((53.5, 75.5), (54.5, 75.5)), ((61.5, 85.5), (62.5, 85.5)), ((60.5, 82.5), (60.5, 83.5)), ((80.5, 81.5), (80.5, 82.5)), ((49.5, 76.5), (49.5, 77.5)), ((51.5, 83.5), (52.5, 83.5)), ((61.5, 84.5), (61.5, 85.5)), ((71.5, 85.5), (71.5, 86.5)), ((56.5, 78.5), (56.5, 79.5)), ((84.5, 84.5), (84.5, 85.5)), ((50.5, 81.5), (50.5, 82.5)), ((57.5, 87.5), (58.5, 87.5)), ((55.5, 76.5), (55.5, 77.5)), ((79.5, 82.5), (80.5, 82.5)), ((74.5, 84.5), (75.5, 84.5)), ((64.5, 89.5), (65.5, 89.5)), ((75.5, 91.5), (76.5, 91.5)), ((71.5, 91.5), (72.5, 91.5)), ((58.5, 87.5), (59.5, 87.5)), ((76.5, 91.5), (77.5, 91.5)), ((65.5, 85.5), (65.5, 86.5)), ((50.5, 83.5), (51.5, 83.5)), ((60.5, 88.5), (60.5, 89.5)), ((68.5, 86.5), (69.5, 86.5)), ((80.5, 90.5), (81.5, 90.5)), ((59.5, 87.5), (59.5, 88.5)), ((50.5, 82.5), (50.5, 83.5)), ((83.5, 88.5), (83.5, 89.5)), ((50.5, 73.5), (50.5, 74.5)), ((52.5, 73.5), (52.5, 74.5)), ((56.5, 81.5), (57.5, 81.5)), ((49.5, 74.5), (50.5, 74.5)), ((49.5, 75.5), (49.5, 76.5))}"
92,PHbmDBLzKFUqHWIbGMTmUFSmO,20200212,0.8613138686131386,2.23606797749979,0.15090890934595041,112.109375,0.6833333333333333,0.21333333333333335,"{(79, 88), (81, 85), (53, 78), (54, 77), (73, 90), (64, 87), (55, 84), (63, 89), (56, 83), (59, 82), (77, 90), (58, 86), (51, 80), (52, 79), (75, 90), (66, 87), (57, 84), (79, 90), (81, 87), (82, 86), (53, 80), (54, 79), (64, 89), (56, 85), (69, 88), (60, 85), (80, 88), (52, 81), (66, 89), (79, 83), (71, 88), (62, 85), (53, 82), (55, 79), (54, 81), (77, 85), (51, 75), (60, 87), (61, 86), (75, 85), (79, 85), (81, 82), (71, 90), (62, 87), (73, 87), (63, 86), (54, 83), (56, 80), (77, 87), (78, 86), (58, 83), (80, 83), (51, 77), (50, 79), (52, 76), (61, 88), (75, 87), (65, 88), (79, 87), (81, 84), (76, 88), (82, 83), (53, 77), (62, 89), (64, 86), (63, 88), (73, 89), (56, 82), (77, 89), (67, 88), (58, 85), (80, 85), (51, 79), (59, 84), (52, 78), (78, 88), (75, 89), (76, 90), (79, 89), (81, 86), (57, 86), (82, 85), (53, 79), (54, 78), (56, 84), (78, 90), (58, 87), (60, 84), (51, 81), (59, 86), (52, 80), (69, 87), (80, 87), (74, 86), (68, 88), (71, 87), (54, 80), (72, 88), (77, 84), (55, 81), (50, 76), (69, 89), (60, 86), (59, 88), (61, 85), (52, 82), (70, 88), (80, 89), (74, 88), (76, 85), (79, 84), (57, 81), (71, 89), (54, 82), (72, 90), (77, 86), (55, 83), (58, 82), (80, 82), (78, 85), (50, 78), (52, 75), (70, 90), (61, 87), (74, 90), (65, 87), (76, 87), (57, 83), (82, 82), (63, 87), (64, 88), (55, 85), (58, 84), (80, 84), (59, 83), (67, 87), (52, 77), (78, 87), (61, 89), (65, 89), (76, 89), (66, 88), (57, 85), (82, 84), (81, 88), (53, 81), (55, 78), (67, 89), (80, 86), (56, 86), (59, 85), (78, 89), (57, 87), (68, 87), (81, 81), (72, 87), (62, 86), (53, 83), (55, 80), (73, 86), (50, 75), (59, 87), (70, 87), (51, 76), (60, 88), (74, 87), (75, 86), (68, 89), (79, 86), (81, 83), (53, 76), (72, 89), (62, 88), (73, 88), (55, 82), (54, 84), (56, 81), (78, 84), (50, 77), (70, 89), (77, 88), (51, 78), (74, 89), (76, 86), (75, 88), (57, 82)}","{(79, 88), (81, 85), (84, 84), (53, 78), (54, 77), (73, 90), (64, 87), (55, 84), (63, 89), (56, 83), (77, 90), (58, 86), (60, 83), (51, 80), (83, 85), (52, 79), (75, 90), (66, 87), (57, 84), (79, 90), (81, 87), (82, 86), (53, 80), (54, 79), (64, 89), (56, 85), (69, 88), (60, 85), (51, 82), (80, 88), (52, 81), (66, 89), (81, 80), (81, 89), (72, 86), (71, 88), (62, 85), (53, 82), (55, 79), (54, 81), (82, 88), (77, 85), (58, 81), (83, 80), (51, 75), (52, 74), (69, 90), (60, 87), (80, 90), (61, 86), (52, 83), (79, 85), (81, 82), (82, 81), (53, 75), (71, 90), (62, 87), (53, 84), (63, 86), (54, 83), (56, 80), (73, 87), (77, 87), (67, 86), (58, 83), (83, 82), (51, 77), (50, 79), (52, 76), (80, 83), (78, 86), (61, 88), (52, 85), (75, 87), (76, 86), (65, 88), (79, 87), (81, 84), (76, 88), (82, 83), (53, 77), (54, 76), (62, 89), (64, 86), (63, 88), (54, 85), (56, 82), (73, 89), (77, 89), (67, 88), (58, 85), (83, 84), (51, 79), (50, 81), (52, 78), (59, 84), (80, 85), (78, 88), (75, 89), (76, 90), (79, 89), (81, 86), (57, 86), (82, 85), (53, 79), (54, 78), (56, 84), (67, 90), (58, 87), (60, 84), (51, 81), (50, 83), (52, 80), (59, 86), (69, 87), (80, 87), (78, 90), (74, 86), (68, 88), (71, 87), (82, 87), (54, 80), (72, 88), (55, 81), (58, 80), (50, 76), (69, 89), (60, 86), (70, 88), (61, 85), (52, 82), (80, 89), (74, 88), (79, 84), (57, 81), (82, 80), (68, 90), (71, 89), (82, 89), (63, 85), (54, 82), (72, 90), (77, 86), (55, 83), (58, 82), (78, 85), (50, 78), (52, 75), (70, 90), (61, 87), (52, 84), (74, 90), (65, 87), (76, 87), (66, 86), (57, 83), (82, 82), (49, 79), (63, 87), (84, 85), (64, 88), (55, 85), (58, 84), (80, 84), (59, 83), (50, 80), (52, 77), (67, 87), (78, 87), (61, 89), (83, 86), (65, 89), (76, 89), (66, 88), (57, 85), (82, 84), (81, 88), (53, 81), (67, 89), (80, 86), (56, 86), (59, 85), (50, 82), (78, 89), (51, 83), (57, 87), (68, 87), (81, 81), (72, 87), (62, 86), (53, 83), (55, 80), (73, 86), (56, 79), (59, 87), (61, 84), (70, 87), (83, 81), (51, 76), (60, 88), (74, 87), (75, 86), (57, 80), (68, 89), (79, 86), (81, 83), (53, 76), (72, 89), (62, 88), (53, 85), (55, 82), (54, 84), (56, 81), (78, 84), (50, 77), (73, 88), (70, 89), (77, 88), (83, 83), (51, 78), (74, 89), (65, 86), (75, 88), (57, 82), (49, 78)}","{((79.5, 81.5), (80.5, 81.5)), ((76.5, 83.5), (76.5, 84.5)), ((81.5, 86.5), (82.5, 86.5)), ((55.5, 85.5), (55.5, 86.5)), ((49.5, 78.5), (49.5, 79.5)), ((58.5, 81.5), (59.5, 81.5)), ((70.5, 86.5), (71.5, 86.5)), ((59.5, 82.5), (59.5, 83.5)), ((62.5, 89.5), (63.5, 89.5)), ((71.5, 90.5), (72.5, 90.5)), ((75.5, 84.5), (76.5, 84.5)), ((74.5, 84.5), (74.5, 85.5)), ((59.5, 81.5), (59.5, 82.5)), ((50.5, 80.5), (50.5, 81.5)), ((81.5, 80.5), (81.5, 81.5)), ((78.5, 82.5), (78.5, 83.5)), ((56.5, 80.5), (57.5, 80.5)), ((69.5, 90.5), (70.5, 90.5)), ((55.5, 78.5), (55.5, 79.5)), ((79.5, 89.5), (80.5, 89.5)), ((66.5, 89.5), (67.5, 89.5)), ((56.5, 79.5), (56.5, 80.5)), ((80.5, 80.5), (80.5, 81.5)), ((82.5, 85.5), (82.5, 86.5)), ((54.5, 76.5), (54.5, 77.5)), ((60.5, 89.5), (61.5, 89.5)), ((78.5, 90.5), (79.5, 90.5)), ((56.5, 86.5), (56.5, 87.5)), ((74.5, 90.5), (75.5, 90.5)), ((50.5, 79.5), (50.5, 80.5)), ((69.5, 89.5), (69.5, 90.5)), ((67.5, 86.5), (68.5, 86.5)), ((71.5, 86.5), (72.5, 86.5)), ((76.5, 83.5), (77.5, 83.5)), ((62.5, 85.5), (63.5, 85.5)), ((49.5, 77.5), (49.5, 78.5)), ((67.5, 89.5), (68.5, 89.5)), ((53.5, 76.5), (54.5, 76.5)), ((64.5, 86.5), (65.5, 86.5)), ((80.5, 80.5), (81.5, 80.5)), ((81.5, 81.5), (82.5, 81.5)), ((80.5, 88.5), (81.5, 88.5)), ((60.5, 84.5), (61.5, 84.5)), ((82.5, 81.5), (82.5, 82.5)), ((62.5, 84.5), (62.5, 85.5)), ((63.5, 89.5), (64.5, 89.5)), ((77.5, 90.5), (78.5, 90.5)), ((59.5, 88.5), (60.5, 88.5)), ((65.5, 89.5), (66.5, 89.5)), ((68.5, 89.5), (69.5, 89.5)), ((54.5, 84.5), (54.5, 85.5)), ((49.5, 79.5), (50.5, 79.5)), ((61.5, 89.5), (62.5, 89.5)), ((81.5, 87.5), (81.5, 88.5)), ((72.5, 90.5), (73.5, 90.5)), ((57.5, 80.5), (57.5, 81.5)), ((52.5, 74.5), (52.5, 75.5)), ((72.5, 85.5), (73.5, 85.5)), ((60.5, 83.5), (60.5, 84.5)), ((52.5, 83.5), (53.5, 83.5)), ((69.5, 86.5), (70.5, 86.5)), ((66.5, 86.5), (67.5, 86.5)), ((63.5, 85.5), (64.5, 85.5)), ((52.5, 82.5), (52.5, 83.5)), ((61.5, 84.5), (62.5, 84.5)), ((79.5, 81.5), (79.5, 82.5)), ((52.5, 75.5), (53.5, 75.5)), ((75.5, 90.5), (76.5, 90.5)), ((58.5, 87.5), (58.5, 88.5)), ((73.5, 85.5), (74.5, 85.5)), ((50.5, 74.5), (51.5, 74.5)), ((55.5, 86.5), (56.5, 86.5)), ((49.5, 74.5), (49.5, 75.5)), ((55.5, 79.5), (56.5, 79.5)), ((73.5, 90.5), (74.5, 90.5)), ((80.5, 88.5), (80.5, 89.5)), ((51.5, 74.5), (52.5, 74.5)), ((58.5, 88.5), (59.5, 88.5)), ((59.5, 83.5), (60.5, 83.5)), ((82.5, 84.5), (82.5, 85.5)), ((79.5, 89.5), (79.5, 90.5)), ((82.5, 82.5), (82.5, 83.5)), ((72.5, 85.5), (72.5, 86.5)), ((81.5, 86.5), (81.5, 87.5)), ((49.5, 76.5), (49.5, 77.5)), ((78.5, 82.5), (79.5, 82.5)), ((64.5, 85.5), (64.5, 86.5)), ((55.5, 77.5), (55.5, 78.5)), ((57.5, 87.5), (58.5, 87.5)), ((74.5, 84.5), (75.5, 84.5)), ((54.5, 85.5), (55.5, 85.5)), ((51.5, 81.5), (51.5, 82.5)), ((53.5, 83.5), (53.5, 84.5)), ((64.5, 89.5), (65.5, 89.5)), ((77.5, 83.5), (78.5, 83.5)), ((70.5, 90.5), (71.5, 90.5)), ((60.5, 88.5), (60.5, 89.5)), ((82.5, 83.5), (82.5, 84.5)), ((68.5, 86.5), (69.5, 86.5)), ((57.5, 81.5), (58.5, 81.5)), ((54.5, 77.5), (55.5, 77.5)), ((56.5, 87.5), (57.5, 87.5)), ((53.5, 84.5), (54.5, 84.5)), ((76.5, 90.5), (77.5, 90.5)), ((51.5, 82.5), (52.5, 82.5)), ((50.5, 81.5), (51.5, 81.5)), ((65.5, 86.5), (66.5, 86.5)), ((53.5, 75.5), (53.5, 76.5)), ((49.5, 74.5), (50.5, 74.5)), ((49.5, 75.5), (49.5, 76.5))}","{((58.5, 82.5), (59.5, 82.5)), ((49.5, 80.5), (49.5, 81.5)), ((52.5, 85.5), (53.5, 85.5)), ((49.5, 81.5), (49.5, 82.5)), ((56.5, 79.5), (57.5, 79.5)), ((51.5, 83.5), (51.5, 84.5)), ((83.5, 80.5), (83.5, 81.5)), ((58.5, 80.5), (58.5, 81.5)), ((64.5, 85.5), (65.5, 85.5)), ((49.5, 79.5), (49.5, 80.5)), ((65.5, 85.5), (66.5, 85.5)), ((83.5, 82.5), (83.5, 83.5)), ((52.5, 74.5), (53.5, 74.5)), ((83.5, 81.5), (83.5, 82.5)), ((75.5, 85.5), (76.5, 85.5)), ((59.5, 82.5), (60.5, 82.5)), ((79.5, 90.5), (80.5, 90.5)), ((80.5, 89.5), (80.5, 90.5)), ((54.5, 77.5), (54.5, 78.5)), ((81.5, 89.5), (82.5, 89.5)), ((48.5, 78.5), (48.5, 79.5)), ((48.5, 79.5), (49.5, 79.5)), ((48.5, 77.5), (48.5, 78.5)), ((83.5, 79.5), (83.5, 80.5)), ((51.5, 84.5), (51.5, 85.5)), ((66.5, 89.5), (66.5, 90.5)), ((63.5, 84.5), (63.5, 85.5)), ((57.5, 79.5), (58.5, 79.5)), ((82.5, 88.5), (82.5, 89.5)), ((61.5, 83.5), (61.5, 84.5)), ((51.5, 73.5), (51.5, 74.5)), ((68.5, 90.5), (69.5, 90.5)), ((76.5, 84.5), (77.5, 84.5)), ((82.5, 79.5), (83.5, 79.5)), ((53.5, 74.5), (53.5, 75.5)), ((48.5, 77.5), (49.5, 77.5)), ((79.5, 82.5), (79.5, 83.5)), ((74.5, 85.5), (75.5, 85.5)), ((82.5, 86.5), (83.5, 86.5)), ((77.5, 83.5), (77.5, 84.5)), ((53.5, 85.5), (54.5, 85.5)), ((71.5, 85.5), (72.5, 85.5)), ((78.5, 83.5), (79.5, 83.5)), ((62.5, 84.5), (63.5, 84.5)), ((80.5, 79.5), (81.5, 79.5)), ((82.5, 87.5), (82.5, 88.5)), ((84.5, 83.5), (84.5, 84.5)), ((49.5, 83.5), (50.5, 83.5)), ((54.5, 75.5), (54.5, 76.5)), ((51.5, 85.5), (52.5, 85.5)), ((58.5, 79.5), (58.5, 80.5)), ((53.5, 75.5), (54.5, 75.5)), ((60.5, 82.5), (60.5, 83.5)), ((51.5, 73.5), (52.5, 73.5)), ((80.5, 81.5), (80.5, 82.5)), ((83.5, 85.5), (84.5, 85.5)), ((49.5, 82.5), (49.5, 83.5)), ((60.5, 83.5), (61.5, 83.5)), ((58.5, 81.5), (58.5, 82.5)), ((81.5, 79.5), (82.5, 79.5)), ((67.5, 85.5), (67.5, 86.5)), ((49.5, 75.5), (50.5, 75.5)), ((71.5, 85.5), (71.5, 86.5)), ((56.5, 78.5), (56.5, 79.5)), ((84.5, 84.5), (84.5, 85.5)), ((79.5, 82.5), (80.5, 82.5)), ((50.5, 74.5), (50.5, 75.5)), ((80.5, 79.5), (80.5, 80.5)), ((80.5, 89.5), (81.5, 89.5)), ((58.5, 87.5), (59.5, 87.5)), ((66.5, 85.5), (67.5, 85.5)), ((83.5, 83.5), (84.5, 83.5)), ((55.5, 78.5), (56.5, 78.5)), ((76.5, 84.5), (76.5, 85.5)), ((66.5, 90.5), (67.5, 90.5)), ((83.5, 85.5), (83.5, 86.5)), ((50.5, 83.5), (51.5, 83.5)), ((59.5, 87.5), (59.5, 88.5)), ((67.5, 90.5), (68.5, 90.5)), ((82.5, 86.5), (82.5, 87.5)), ((52.5, 73.5), (52.5, 74.5)), ((54.5, 78.5), (55.5, 78.5))}"
93,PHbmDBLzKFUqHWIbGMTmUFSmO,20200212,0.8634146341463415,2.23606797749979,0.1545500242916973,99.8046875,0.6293103448275862,0.17674418604651163,"{(79, 88), (81, 85), (53, 78), (54, 77), (73, 90), (64, 87), (55, 84), (63, 89), (56, 83), (59, 82), (77, 90), (58, 86), (51, 80), (52, 79), (75, 90), (66, 87), (57, 84), (81, 87), (71, 86), (82, 86), (53, 80), (54, 79), (64, 89), (56, 85), (69, 88), (60, 85), (80, 88), (52, 81), (66, 89), (79, 83), (81, 80), (72, 86), (71, 88), (62, 85), (53, 82), (55, 79), (54, 81), (77, 85), (80, 81), (51, 75), (60, 87), (61, 86), (75, 85), (79, 85), (81, 82), (82, 81), (62, 87), (73, 87), (63, 86), (54, 83), (56, 80), (77, 87), (78, 86), (58, 83), (80, 83), (51, 77), (50, 79), (52, 76), (61, 88), (75, 87), (76, 86), (65, 88), (79, 87), (81, 84), (76, 88), (82, 83), (53, 77), (73, 89), (64, 86), (63, 88), (56, 82), (77, 89), (67, 88), (58, 85), (80, 85), (51, 79), (59, 84), (52, 78), (78, 88), (75, 89), (76, 90), (79, 89), (81, 86), (57, 86), (82, 85), (53, 79), (54, 78), (56, 84), (78, 90), (58, 87), (60, 84), (51, 81), (59, 86), (52, 80), (69, 87), (80, 87), (74, 86), (79, 82), (68, 88), (71, 87), (54, 80), (72, 88), (77, 84), (55, 81), (80, 80), (78, 83), (50, 76), (69, 89), (60, 86), (59, 88), (61, 85), (52, 82), (70, 88), (80, 89), (74, 88), (76, 85), (79, 84), (57, 81), (49, 77), (71, 89), (54, 82), (72, 90), (77, 86), (55, 83), (58, 82), (80, 82), (78, 85), (50, 78), (52, 75), (61, 87), (74, 90), (65, 87), (76, 87), (57, 83), (82, 82), (63, 87), (64, 88), (55, 85), (58, 84), (80, 84), (59, 83), (50, 80), (52, 77), (67, 87), (78, 87), (65, 89), (76, 89), (66, 88), (57, 85), (82, 84), (81, 88), (53, 81), (67, 89), (80, 86), (56, 86), (59, 85), (78, 89), (74, 85), (57, 87), (68, 87), (81, 81), (72, 87), (62, 86), (53, 83), (55, 80), (73, 86), (50, 75), (59, 87), (61, 84), (70, 87), (51, 76), (60, 88), (74, 87), (76, 84), (75, 86), (49, 76), (68, 89), (79, 86), (81, 83), (53, 76), (72, 89), (62, 88), (73, 88), (55, 82), (54, 84), (56, 81), (78, 84), (50, 77), (70, 89), (77, 88), (51, 78), (74, 89), (65, 86), (75, 88), (57, 82)}","{(79, 88), (81, 85), (53, 78), (73, 90), (64, 87), (55, 84), (63, 89), (56, 83), (59, 82), (77, 90), (58, 86), (60, 83), (51, 80), (83, 85), (52, 79), (75, 90), (66, 87), (57, 84), (49, 80), (79, 90), (81, 87), (71, 86), (82, 86), (53, 80), (54, 79), (64, 89), (56, 85), (69, 88), (60, 85), (51, 82), (80, 88), (52, 81), (66, 89), (79, 83), (81, 80), (82, 79), (81, 89), (72, 86), (71, 88), (62, 85), (53, 82), (55, 79), (54, 81), (82, 88), (77, 85), (80, 81), (83, 80), (80, 90), (60, 87), (61, 86), (52, 83), (79, 85), (81, 82), (82, 81), (71, 90), (62, 87), (53, 84), (63, 86), (54, 83), (56, 80), (73, 87), (77, 87), (67, 86), (58, 83), (83, 82), (51, 77), (50, 79), (80, 83), (78, 86), (61, 88), (75, 87), (76, 86), (65, 88), (79, 87), (81, 84), (76, 88), (82, 83), (53, 77), (62, 89), (64, 86), (63, 88), (54, 85), (56, 82), (73, 89), (77, 89), (67, 88), (58, 85), (60, 82), (51, 79), (59, 84), (52, 78), (83, 84), (80, 85), (78, 88), (75, 89), (76, 90), (79, 89), (81, 86), (57, 86), (82, 85), (68, 86), (53, 79), (54, 78), (56, 84), (78, 90), (58, 87), (60, 84), (51, 81), (59, 86), (52, 80), (70, 86), (69, 87), (80, 87), (74, 86), (81, 79), (68, 88), (71, 87), (82, 87), (54, 80), (72, 88), (55, 81), (80, 80), (69, 89), (60, 86), (70, 88), (61, 85), (52, 82), (80, 89), (74, 88), (79, 84), (57, 81), (82, 80), (49, 77), (71, 89), (82, 89), (54, 82), (72, 90), (77, 86), (55, 83), (58, 82), (80, 82), (78, 85), (50, 78), (70, 90), (61, 87), (74, 90), (65, 87), (76, 87), (66, 86), (57, 83), (82, 82), (49, 79), (63, 87), (64, 88), (55, 85), (58, 84), (80, 84), (59, 83), (50, 80), (67, 87), (78, 87), (61, 89), (65, 89), (76, 89), (66, 88), (57, 85), (82, 84), (81, 88), (53, 81), (67, 89), (69, 86), (56, 86), (59, 85), (80, 86), (78, 89), (83, 79), (51, 83), (57, 87), (68, 87), (81, 81), (84, 80), (72, 87), (62, 86), (53, 83), (55, 80), (73, 86), (56, 79), (59, 87), (61, 84), (70, 87), (83, 81), (60, 88), (74, 87), (75, 86), (57, 80), (68, 89), (79, 86), (81, 83), (72, 89), (62, 88), (73, 88), (55, 82), (54, 84), (56, 81), (78, 84), (50, 77), (70, 89), (77, 88), (83, 83), (51, 78), (74, 89), (65, 86), (75, 88), (57, 82), (49, 78)}","{((81.5, 86.5), (82.5, 86.5)), ((55.5, 85.5), (55.5, 86.5)), ((81.5, 79.5), (81.5, 80.5)), ((49.5, 78.5), (49.5, 79.5)), ((58.5, 81.5), (59.5, 81.5)), ((82.5, 80.5), (82.5, 81.5)), ((59.5, 82.5), (59.5, 83.5)), ((62.5, 89.5), (63.5, 89.5)), ((71.5, 90.5), (72.5, 90.5)), ((62.5, 88.5), (62.5, 89.5)), ((59.5, 81.5), (59.5, 82.5)), ((64.5, 85.5), (65.5, 85.5)), ((50.5, 80.5), (50.5, 81.5)), ((49.5, 79.5), (49.5, 80.5)), ((56.5, 80.5), (57.5, 80.5)), ((60.5, 88.5), (61.5, 88.5)), ((55.5, 78.5), (55.5, 79.5)), ((79.5, 89.5), (80.5, 89.5)), ((66.5, 89.5), (67.5, 89.5)), ((70.5, 85.5), (70.5, 86.5)), ((56.5, 79.5), (56.5, 80.5)), ((82.5, 85.5), (82.5, 86.5)), ((54.5, 77.5), (54.5, 78.5)), ((54.5, 78.5), (55.5, 78.5)), ((54.5, 76.5), (54.5, 77.5)), ((56.5, 86.5), (56.5, 87.5)), ((75.5, 83.5), (76.5, 83.5)), ((74.5, 90.5), (75.5, 90.5)), ((67.5, 86.5), (68.5, 86.5)), ((76.5, 83.5), (77.5, 83.5)), ((62.5, 85.5), (63.5, 85.5)), ((49.5, 77.5), (49.5, 78.5)), ((78.5, 89.5), (79.5, 89.5)), ((67.5, 89.5), (68.5, 89.5)), ((53.5, 76.5), (54.5, 76.5)), ((48.5, 75.5), (48.5, 76.5)), ((80.5, 88.5), (81.5, 88.5)), ((79.5, 79.5), (79.5, 80.5)), ((48.5, 76.5), (48.5, 77.5)), ((81.5, 80.5), (82.5, 80.5)), ((82.5, 81.5), (82.5, 82.5)), ((62.5, 84.5), (62.5, 85.5)), ((63.5, 89.5), (64.5, 89.5)), ((77.5, 90.5), (78.5, 90.5)), ((78.5, 81.5), (78.5, 82.5)), ((59.5, 88.5), (60.5, 88.5)), ((65.5, 89.5), (66.5, 89.5)), ((68.5, 89.5), (69.5, 89.5)), ((54.5, 84.5), (54.5, 85.5)), ((75.5, 83.5), (75.5, 84.5)), ((81.5, 87.5), (81.5, 88.5)), ((72.5, 90.5), (73.5, 90.5)), ((61.5, 83.5), (61.5, 84.5)), ((77.5, 82.5), (77.5, 83.5)), ((79.5, 80.5), (79.5, 81.5)), ((57.5, 80.5), (57.5, 81.5)), ((52.5, 74.5), (52.5, 75.5)), ((72.5, 85.5), (73.5, 85.5)), ((52.5, 83.5), (53.5, 83.5)), ((69.5, 86.5), (70.5, 86.5)), ((69.5, 89.5), (70.5, 89.5)), ((73.5, 84.5), (74.5, 84.5)), ((71.5, 89.5), (71.5, 90.5)), ((78.5, 81.5), (79.5, 81.5)), ((63.5, 85.5), (64.5, 85.5)), ((66.5, 86.5), (67.5, 86.5)), ((48.5, 77.5), (49.5, 77.5)), ((48.5, 75.5), (49.5, 75.5)), ((52.5, 82.5), (52.5, 83.5)), ((61.5, 84.5), (62.5, 84.5)), ((52.5, 75.5), (53.5, 75.5)), ((75.5, 90.5), (76.5, 90.5)), ((71.5, 85.5), (72.5, 85.5)), ((79.5, 79.5), (80.5, 79.5)), ((58.5, 87.5), (58.5, 88.5)), ((80.5, 79.5), (81.5, 79.5)), ((61.5, 88.5), (62.5, 88.5)), ((49.5, 80.5), (50.5, 80.5)), ((78.5, 89.5), (78.5, 90.5)), ((50.5, 74.5), (51.5, 74.5)), ((55.5, 86.5), (56.5, 86.5)), ((49.5, 74.5), (49.5, 75.5)), ((55.5, 79.5), (56.5, 79.5)), ((73.5, 90.5), (74.5, 90.5)), ((80.5, 88.5), (80.5, 89.5)), ((77.5, 82.5), (78.5, 82.5)), ((58.5, 88.5), (59.5, 88.5)), ((51.5, 74.5), (52.5, 74.5)), ((70.5, 89.5), (71.5, 89.5)), ((59.5, 83.5), (60.5, 83.5)), ((60.5, 83.5), (61.5, 83.5)), ((82.5, 84.5), (82.5, 85.5)), ((82.5, 82.5), (82.5, 83.5)), ((81.5, 86.5), (81.5, 87.5)), ((57.5, 87.5), (58.5, 87.5)), ((74.5, 84.5), (75.5, 84.5)), ((54.5, 85.5), (55.5, 85.5)), ((51.5, 81.5), (51.5, 82.5)), ((53.5, 83.5), (53.5, 84.5)), ((64.5, 89.5), (65.5, 89.5)), ((73.5, 84.5), (73.5, 85.5)), ((65.5, 85.5), (65.5, 86.5)), ((82.5, 83.5), (82.5, 84.5)), ((68.5, 86.5), (69.5, 86.5)), ((57.5, 81.5), (58.5, 81.5)), ((56.5, 87.5), (57.5, 87.5)), ((53.5, 84.5), (54.5, 84.5)), ((76.5, 90.5), (77.5, 90.5)), ((51.5, 82.5), (52.5, 82.5)), ((50.5, 81.5), (51.5, 81.5)), ((65.5, 86.5), (66.5, 86.5)), ((53.5, 75.5), (53.5, 76.5)), ((49.5, 74.5), (50.5, 74.5)), ((70.5, 85.5), (71.5, 85.5))}","{((76.5, 84.5), (77.5, 84.5)), ((83.5, 80.5), (83.5, 81.5)), ((83.5, 83.5), (83.5, 84.5)), ((67.5, 85.5), (68.5, 85.5)), ((50.5, 76.5), (51.5, 76.5)), ((48.5, 79.5), (48.5, 80.5)), ((74.5, 85.5), (75.5, 85.5)), ((68.5, 85.5), (69.5, 85.5)), ((77.5, 83.5), (77.5, 84.5)), ((79.5, 81.5), (79.5, 82.5)), ((53.5, 76.5), (53.5, 77.5)), ((83.5, 78.5), (83.5, 79.5)), ((60.5, 81.5), (60.5, 82.5)), ((80.5, 78.5), (80.5, 79.5)), ((53.5, 85.5), (54.5, 85.5)), ((78.5, 82.5), (78.5, 83.5)), ((48.5, 76.5), (49.5, 76.5)), ((83.5, 82.5), (83.5, 83.5)), ((69.5, 90.5), (70.5, 90.5)), ((65.5, 85.5), (66.5, 85.5)), ((53.5, 77.5), (54.5, 77.5)), ((82.5, 87.5), (82.5, 88.5)), ((83.5, 81.5), (83.5, 82.5)), ((52.5, 76.5), (52.5, 77.5)), ((73.5, 85.5), (74.5, 85.5)), ((75.5, 85.5), (76.5, 85.5)), ((83.5, 79.5), (84.5, 79.5)), ((53.5, 84.5), (53.5, 85.5)), ((52.5, 83.5), (52.5, 84.5)), ((69.5, 85.5), (70.5, 85.5)), ((79.5, 90.5), (80.5, 90.5)), ((80.5, 89.5), (80.5, 90.5)), ((60.5, 82.5), (60.5, 83.5)), ((81.5, 89.5), (82.5, 89.5)), ((82.5, 78.5), (83.5, 78.5)), ((60.5, 89.5), (61.5, 89.5)), ((59.5, 81.5), (60.5, 81.5)), ((48.5, 78.5), (48.5, 79.5)), ((78.5, 90.5), (79.5, 90.5)), ((51.5, 83.5), (52.5, 83.5)), ((78.5, 82.5), (79.5, 82.5)), ((57.5, 79.5), (57.5, 80.5)), ((56.5, 78.5), (56.5, 79.5)), ((69.5, 89.5), (69.5, 90.5)), ((52.5, 76.5), (53.5, 76.5)), ((50.5, 81.5), (50.5, 82.5)), ((48.5, 77.5), (48.5, 78.5)), ((77.5, 83.5), (78.5, 83.5)), ((83.5, 84.5), (83.5, 85.5)), ((82.5, 85.5), (83.5, 85.5)), ((66.5, 85.5), (67.5, 85.5)), ((58.5, 87.5), (59.5, 87.5)), ((80.5, 89.5), (81.5, 89.5)), ((83.5, 80.5), (84.5, 80.5)), ((70.5, 90.5), (71.5, 90.5)), ((76.5, 84.5), (76.5, 85.5)), ((60.5, 88.5), (60.5, 89.5)), ((55.5, 78.5), (56.5, 78.5)), ((52.5, 84.5), (53.5, 84.5)), ((50.5, 83.5), (51.5, 83.5)), ((80.5, 78.5), (81.5, 78.5)), ((59.5, 87.5), (59.5, 88.5)), ((50.5, 82.5), (50.5, 83.5)), ((49.5, 76.5), (50.5, 76.5)), ((84.5, 79.5), (84.5, 80.5)), ((51.5, 77.5), (52.5, 77.5)), ((48.5, 80.5), (49.5, 80.5)), ((82.5, 86.5), (82.5, 87.5)), ((61.5, 89.5), (62.5, 89.5)), ((81.5, 78.5), (82.5, 78.5)), ((51.5, 76.5), (51.5, 77.5)), ((82.5, 88.5), (82.5, 89.5)), ((56.5, 79.5), (57.5, 79.5))}"
94,PHbmDBLzKFUqHWIbGMTmUFSmO,20200212,0.7639257294429709,3.605551275463989,0.3160908911725715,128.515625,0.746031746031746,0.21311475409836064,"{(79, 88), (81, 85), (53, 78), (54, 77), (64, 87), (55, 84), (56, 83), (59, 82), (58, 86), (60, 83), (51, 80), (52, 79), (66, 87), (57, 84), (79, 81), (81, 87), (71, 86), (53, 80), (54, 79), (56, 85), (77, 83), (69, 88), (60, 85), (80, 88), (52, 81), (79, 83), (81, 80), (82, 79), (72, 86), (71, 88), (62, 85), (53, 82), (55, 79), (54, 81), (73, 85), (77, 85), (58, 81), (80, 81), (51, 75), (60, 87), (61, 86), (75, 85), (79, 85), (81, 82), (82, 81), (62, 87), (73, 87), (63, 86), (54, 83), (56, 80), (77, 87), (67, 86), (58, 83), (80, 83), (51, 77), (50, 79), (52, 76), (78, 86), (61, 88), (75, 87), (76, 86), (65, 88), (79, 87), (81, 84), (76, 88), (82, 83), (53, 77), (73, 89), (64, 86), (63, 88), (56, 82), (77, 89), (67, 88), (58, 85), (80, 85), (51, 79), (59, 84), (52, 78), (78, 88), (75, 89), (79, 80), (79, 89), (81, 86), (57, 86), (82, 85), (68, 86), (53, 79), (54, 78), (56, 84), (58, 87), (60, 84), (51, 81), (59, 86), (52, 80), (70, 86), (69, 87), (80, 87), (74, 86), (79, 82), (81, 79), (68, 88), (71, 87), (54, 80), (72, 88), (77, 84), (55, 81), (80, 80), (78, 83), (50, 76), (69, 89), (60, 86), (70, 88), (61, 85), (52, 82), (74, 88), (76, 85), (79, 84), (57, 81), (82, 80), (49, 77), (71, 89), (63, 85), (54, 82), (77, 86), (55, 83), (58, 82), (80, 82), (78, 85), (50, 78), (61, 87), (65, 87), (76, 87), (66, 86), (57, 83), (82, 82), (63, 87), (64, 88), (55, 85), (58, 84), (80, 84), (59, 83), (50, 80), (52, 77), (67, 87), (78, 87), (76, 89), (66, 88), (57, 85), (82, 84), (53, 81), (78, 89), (69, 86), (56, 86), (59, 85), (80, 86), (74, 85), (75, 84), (68, 87), (81, 81), (72, 87), (62, 86), (53, 83), (55, 80), (80, 79), (73, 86), (50, 75), (59, 87), (61, 84), (70, 87), (51, 76), (60, 88), (74, 87), (76, 84), (75, 86), (49, 76), (79, 86), (81, 83), (53, 76), (72, 89), (62, 88), (73, 88), (55, 82), (54, 84), (56, 81), (78, 84), (50, 77), (70, 89), (77, 88), (51, 78), (74, 89), (65, 86), (75, 88), (57, 82), (49, 78)}","{(79, 88), (81, 85), (73, 90), (64, 87), (55, 84), (63, 89), (56, 83), (59, 82), (77, 90), (58, 86), (60, 83), (75, 90), (66, 87), (57, 84), (49, 80), (64, 89), (56, 85), (69, 88), (60, 85), (51, 82), (80, 88), (66, 89), (79, 83), (81, 80), (72, 86), (71, 88), (62, 85), (55, 79), (77, 85), (83, 80), (60, 87), (61, 86), (52, 83), (75, 85), (79, 85), (81, 82), (82, 81), (71, 90), (62, 87), (53, 84), (63, 86), (54, 83), (56, 80), (73, 87), (77, 87), (67, 86), (58, 83), (83, 82), (80, 83), (78, 86), (61, 88), (75, 87), (76, 86), (65, 88), (79, 87), (81, 84), (76, 88), (82, 83), (62, 89), (64, 86), (63, 88), (54, 85), (56, 82), (73, 89), (77, 89), (67, 88), (58, 85), (60, 82), (59, 84), (50, 81), (83, 84), (80, 85), (78, 88), (75, 89), (76, 90), (79, 89), (81, 86), (57, 86), (82, 85), (56, 84), (78, 90), (58, 87), (60, 84), (51, 81), (59, 86), (69, 87), (80, 87), (74, 86), (68, 88), (71, 87), (72, 88), (77, 84), (55, 81), (78, 83), (69, 89), (60, 86), (70, 88), (61, 85), (52, 82), (80, 89), (74, 88), (76, 85), (79, 84), (57, 81), (82, 80), (49, 77), (71, 89), (63, 85), (54, 82), (84, 83), (72, 90), (77, 86), (55, 83), (58, 82), (80, 82), (78, 85), (61, 87), (74, 90), (65, 87), (76, 87), (66, 86), (57, 83), (82, 82), (49, 79), (63, 87), (64, 88), (55, 85), (58, 84), (80, 84), (59, 83), (50, 80), (67, 87), (78, 87), (65, 89), (76, 89), (66, 88), (57, 85), (82, 84), (49, 81), (67, 89), (80, 86), (56, 86), (59, 85), (50, 82), (78, 89), (51, 83), (57, 87), (68, 87), (81, 81), (72, 87), (62, 86), (53, 83), (73, 86), (56, 79), (59, 87), (61, 84), (70, 87), (83, 81), (60, 88), (74, 87), (75, 86), (57, 80), (68, 89), (79, 86), (81, 83), (84, 82), (72, 89), (62, 88), (53, 85), (55, 82), (54, 84), (56, 81), (78, 84), (73, 88), (70, 89), (77, 88), (83, 83), (74, 89), (65, 86), (75, 88), (57, 82), (48, 79), (49, 78)}","{((78.5, 79.5), (79.5, 79.5)), ((55.5, 85.5), (55.5, 86.5)), ((49.5, 78.5), (49.5, 79.5)), ((58.5, 81.5), (59.5, 81.5)), ((82.5, 80.5), (82.5, 81.5)), ((74.5, 83.5), (75.5, 83.5)), ((65.5, 88.5), (66.5, 88.5)), ((67.5, 85.5), (68.5, 85.5)), ((58.5, 80.5), (58.5, 81.5)), ((68.5, 85.5), (69.5, 85.5)), ((79.5, 78.5), (80.5, 78.5)), ((59.5, 81.5), (59.5, 82.5)), ((77.5, 89.5), (78.5, 89.5)), ((64.5, 85.5), (65.5, 85.5)), ((50.5, 80.5), (50.5, 81.5)), ((49.5, 79.5), (49.5, 80.5)), ((80.5, 87.5), (81.5, 87.5)), ((76.5, 82.5), (77.5, 82.5)), ((56.5, 80.5), (57.5, 80.5)), ((60.5, 88.5), (61.5, 88.5)), ((65.5, 85.5), (66.5, 85.5)), ((55.5, 78.5), (55.5, 79.5)), ((59.5, 82.5), (60.5, 82.5)), ((56.5, 79.5), (56.5, 80.5)), ((78.5, 79.5), (78.5, 80.5)), ((79.5, 88.5), (80.5, 88.5)), ((71.5, 89.5), (72.5, 89.5)), ((76.5, 89.5), (77.5, 89.5)), ((54.5, 77.5), (54.5, 78.5)), ((66.5, 88.5), (67.5, 88.5)), ((54.5, 78.5), (55.5, 78.5)), ((54.5, 76.5), (54.5, 77.5)), ((81.5, 85.5), (81.5, 86.5)), ((75.5, 83.5), (76.5, 83.5)), ((67.5, 88.5), (68.5, 88.5)), ((57.5, 80.5), (58.5, 80.5)), ((80.5, 87.5), (80.5, 88.5)), ((68.5, 88.5), (68.5, 89.5)), ((78.5, 89.5), (79.5, 89.5)), ((57.5, 86.5), (57.5, 87.5)), ((76.5, 82.5), (76.5, 83.5)), ((53.5, 76.5), (54.5, 76.5)), ((48.5, 77.5), (48.5, 78.5)), ((62.5, 88.5), (63.5, 88.5)), ((48.5, 75.5), (48.5, 76.5)), ((48.5, 76.5), (48.5, 77.5)), ((82.5, 81.5), (82.5, 82.5)), ((51.5, 75.5), (52.5, 75.5)), ((78.5, 81.5), (78.5, 82.5)), ((64.5, 88.5), (65.5, 88.5)), ((68.5, 89.5), (69.5, 89.5)), ((59.5, 88.5), (60.5, 88.5)), ((80.5, 78.5), (81.5, 78.5)), ((54.5, 84.5), (54.5, 85.5)), ((63.5, 84.5), (63.5, 85.5)), ((73.5, 89.5), (74.5, 89.5)), ((74.5, 89.5), (75.5, 89.5)), ((72.5, 84.5), (72.5, 85.5)), ((82.5, 78.5), (82.5, 79.5)), ((51.5, 74.5), (51.5, 75.5)), ((75.5, 89.5), (76.5, 89.5)), ((78.5, 80.5), (78.5, 81.5)), ((61.5, 83.5), (61.5, 84.5)), ((81.5, 85.5), (82.5, 85.5)), ((48.5, 78.5), (49.5, 78.5)), ((52.5, 83.5), (53.5, 83.5)), ((69.5, 89.5), (70.5, 89.5)), ((73.5, 84.5), (74.5, 84.5)), ((72.5, 89.5), (73.5, 89.5)), ((63.5, 85.5), (64.5, 85.5)), ((48.5, 75.5), (49.5, 75.5)), ((52.5, 82.5), (52.5, 83.5)), ((63.5, 88.5), (64.5, 88.5)), ((61.5, 84.5), (62.5, 84.5)), ((52.5, 75.5), (53.5, 75.5)), ((71.5, 85.5), (72.5, 85.5)), ((62.5, 84.5), (63.5, 84.5)), ((72.5, 84.5), (73.5, 84.5)), ((49.5, 80.5), (50.5, 80.5)), ((61.5, 88.5), (62.5, 88.5)), ((50.5, 74.5), (51.5, 74.5)), ((55.5, 86.5), (56.5, 86.5)), ((49.5, 74.5), (49.5, 75.5)), ((69.5, 85.5), (70.5, 85.5)), ((55.5, 79.5), (56.5, 79.5)), ((77.5, 82.5), (78.5, 82.5)), ((60.5, 82.5), (60.5, 83.5)), ((70.5, 89.5), (71.5, 89.5)), ((82.5, 79.5), (82.5, 80.5)), ((60.5, 83.5), (61.5, 83.5)), ((82.5, 84.5), (82.5, 85.5)), ((82.5, 82.5), (82.5, 83.5)), ((74.5, 83.5), (74.5, 84.5)), ((81.5, 86.5), (81.5, 87.5)), ((79.5, 78.5), (79.5, 79.5)), ((57.5, 87.5), (58.5, 87.5)), ((54.5, 85.5), (55.5, 85.5)), ((51.5, 81.5), (51.5, 82.5)), ((53.5, 83.5), (53.5, 84.5)), ((66.5, 85.5), (67.5, 85.5)), ((58.5, 87.5), (59.5, 87.5)), ((82.5, 83.5), (82.5, 84.5)), ((53.5, 84.5), (54.5, 84.5)), ((56.5, 86.5), (57.5, 86.5)), ((59.5, 87.5), (59.5, 88.5)), ((51.5, 82.5), (52.5, 82.5)), ((79.5, 88.5), (79.5, 89.5)), ((50.5, 81.5), (51.5, 81.5)), ((81.5, 78.5), (82.5, 78.5)), ((53.5, 75.5), (53.5, 76.5)), ((49.5, 74.5), (50.5, 74.5)), ((70.5, 85.5), (71.5, 85.5))}","{((79.5, 81.5), (80.5, 81.5)), ((76.5, 83.5), (76.5, 84.5)), ((51.5, 80.5), (51.5, 81.5)), ((49.5, 81.5), (49.5, 82.5)), ((52.5, 85.5), (53.5, 85.5)), ((70.5, 86.5), (71.5, 86.5)), ((52.5, 81.5), (52.5, 82.5)), ((53.5, 81.5), (53.5, 82.5)), ((83.5, 80.5), (83.5, 81.5)), ((83.5, 83.5), (83.5, 84.5)), ((62.5, 89.5), (63.5, 89.5)), ((71.5, 90.5), (72.5, 90.5)), ((75.5, 84.5), (76.5, 84.5)), ((52.5, 84.5), (52.5, 85.5)), ((74.5, 84.5), (74.5, 85.5)), ((48.5, 79.5), (48.5, 80.5)), ((47.5, 78.5), (47.5, 79.5)), ((54.5, 79.5), (55.5, 79.5)), ((60.5, 81.5), (60.5, 82.5)), ((84.5, 82.5), (84.5, 83.5)), ((54.5, 78.5), (54.5, 79.5)), ((79.5, 89.5), (80.5, 89.5)), ((66.5, 89.5), (67.5, 89.5)), ((80.5, 86.5), (80.5, 87.5)), ((80.5, 80.5), (80.5, 81.5)), ((52.5, 82.5), (53.5, 82.5)), ((56.5, 86.5), (56.5, 87.5)), ((74.5, 90.5), (75.5, 90.5)), ((50.5, 79.5), (50.5, 80.5)), ((67.5, 86.5), (68.5, 86.5)), ((53.5, 81.5), (54.5, 81.5)), ((76.5, 83.5), (77.5, 83.5)), ((48.5, 81.5), (49.5, 81.5)), ((49.5, 77.5), (49.5, 78.5)), ((67.5, 89.5), (68.5, 89.5)), ((83.5, 79.5), (83.5, 80.5)), ((63.5, 89.5), (64.5, 89.5)), ((77.5, 90.5), (78.5, 90.5)), ((65.5, 89.5), (66.5, 89.5)), ((54.5, 80.5), (55.5, 80.5)), ((50.5, 80.5), (51.5, 80.5)), ((49.5, 79.5), (50.5, 79.5)), ((82.5, 84.5), (83.5, 84.5)), ((61.5, 89.5), (62.5, 89.5)), ((55.5, 79.5), (55.5, 80.5)), ((72.5, 90.5), (73.5, 90.5)), ((57.5, 80.5), (57.5, 81.5)), ((77.5, 82.5), (77.5, 83.5)), ((72.5, 85.5), (73.5, 85.5)), ((69.5, 86.5), (70.5, 86.5)), ((82.5, 79.5), (83.5, 79.5)), ((49.5, 82.5), (50.5, 82.5)), ((51.5, 81.5), (52.5, 81.5)), ((54.5, 80.5), (54.5, 81.5)), ((79.5, 81.5), (79.5, 82.5)), ((53.5, 85.5), (54.5, 85.5)), ((48.5, 76.5), (49.5, 76.5)), ((75.5, 90.5), (76.5, 90.5)), ((80.5, 79.5), (81.5, 79.5)), ((78.5, 89.5), (78.5, 90.5)), ((73.5, 85.5), (74.5, 85.5)), ((52.5, 83.5), (52.5, 84.5)), ((73.5, 90.5), (74.5, 90.5)), ((48.5, 80.5), (48.5, 81.5)), ((80.5, 88.5), (80.5, 89.5)), ((47.5, 79.5), (48.5, 79.5)), ((59.5, 81.5), (60.5, 81.5)), ((81.5, 79.5), (82.5, 79.5)), ((49.5, 76.5), (49.5, 77.5)), ((84.5, 81.5), (84.5, 82.5)), ((67.5, 85.5), (67.5, 86.5)), ((51.5, 83.5), (52.5, 83.5)), ((78.5, 82.5), (79.5, 82.5)), ((57.5, 79.5), (57.5, 80.5)), ((56.5, 78.5), (56.5, 79.5)), ((71.5, 85.5), (71.5, 86.5)), ((61.5, 88.5), (61.5, 89.5)), ((74.5, 84.5), (75.5, 84.5)), ((64.5, 89.5), (65.5, 89.5)), ((80.5, 79.5), (80.5, 80.5)), ((70.5, 90.5), (71.5, 90.5)), ((83.5, 83.5), (84.5, 83.5)), ((55.5, 78.5), (56.5, 78.5)), ((50.5, 83.5), (51.5, 83.5)), ((68.5, 86.5), (69.5, 86.5)), ((57.5, 81.5), (58.5, 81.5)), ((56.5, 87.5), (57.5, 87.5)), ((47.5, 78.5), (48.5, 78.5)), ((50.5, 82.5), (50.5, 83.5)), ((76.5, 90.5), (77.5, 90.5)), ((70.5, 89.5), (70.5, 90.5)), ((83.5, 81.5), (84.5, 81.5)), ((80.5, 86.5), (81.5, 86.5)), ((56.5, 79.5), (57.5, 79.5))}"
95,PHbmDBLzKFUqHWIbGMTmUFSmO,20200212,0.7692307692307693,3.605551275463989,0.31085578821685544,109.375,0.6153846153846154,0.16666666666666666,"{(79, 88), (81, 85), (53, 78), (54, 77), (64, 87), (55, 84), (56, 83), (59, 82), (58, 86), (60, 83), (51, 80), (52, 79), (66, 87), (57, 84), (79, 81), (81, 78), (81, 87), (71, 86), (53, 80), (54, 79), (56, 85), (77, 83), (69, 88), (60, 85), (51, 82), (80, 88), (52, 81), (79, 83), (81, 80), (82, 79), (72, 86), (71, 88), (62, 85), (53, 82), (55, 79), (54, 81), (73, 85), (77, 85), (58, 81), (83, 80), (80, 81), (60, 87), (61, 86), (52, 83), (75, 85), (79, 85), (81, 82), (82, 81), (62, 87), (73, 87), (63, 86), (54, 83), (56, 80), (77, 87), (67, 86), (58, 83), (83, 82), (51, 77), (50, 79), (52, 76), (80, 83), (78, 86), (61, 88), (75, 87), (76, 86), (65, 88), (79, 87), (81, 84), (76, 88), (82, 83), (53, 77), (73, 89), (64, 86), (63, 88), (56, 82), (77, 89), (67, 88), (58, 85), (80, 85), (51, 79), (50, 81), (52, 78), (59, 84), (78, 88), (75, 89), (79, 80), (81, 77), (81, 86), (57, 86), (82, 85), (68, 86), (53, 79), (54, 78), (56, 84), (80, 78), (58, 87), (60, 84), (51, 81), (59, 86), (52, 80), (70, 86), (69, 87), (80, 87), (74, 86), (79, 82), (81, 79), (82, 78), (68, 88), (71, 87), (54, 80), (72, 88), (77, 84), (55, 81), (80, 80), (78, 83), (50, 76), (60, 86), (70, 88), (61, 85), (52, 82), (74, 88), (76, 85), (79, 84), (57, 81), (82, 80), (49, 77), (71, 89), (63, 85), (54, 82), (77, 86), (55, 83), (58, 82), (80, 82), (78, 85), (50, 78), (61, 87), (65, 87), (76, 87), (66, 86), (57, 83), (82, 82), (49, 79), (63, 87), (64, 88), (55, 85), (58, 84), (80, 84), (59, 83), (50, 80), (52, 77), (67, 87), (78, 87), (79, 79), (76, 89), (66, 88), (57, 85), (82, 84), (53, 81), (78, 89), (69, 86), (56, 86), (59, 85), (80, 86), (83, 79), (74, 85), (75, 84), (68, 87), (81, 81), (72, 87), (62, 86), (53, 83), (55, 80), (80, 79), (78, 82), (73, 86), (59, 87), (61, 84), (70, 87), (83, 81), (51, 76), (74, 87), (76, 84), (75, 86), (49, 76), (79, 86), (81, 83), (53, 76), (72, 89), (62, 88), (73, 88), (55, 82), (54, 84), (56, 81), (78, 84), (50, 77), (77, 88), (83, 83), (51, 78), (74, 89), (65, 86), (75, 88), (57, 82), (49, 78)}","{(79, 88), (81, 85), (73, 90), (64, 87), (55, 84), (63, 89), (58, 86), (60, 83), (75, 90), (66, 87), (57, 84), (49, 80), (79, 81), (71, 86), (64, 89), (56, 85), (69, 88), (60, 85), (51, 82), (80, 88), (66, 89), (79, 83), (81, 80), (72, 86), (71, 88), (62, 85), (73, 85), (55, 79), (77, 85), (80, 81), (83, 80), (69, 90), (60, 87), (61, 86), (75, 85), (79, 85), (81, 82), (82, 81), (71, 90), (62, 87), (53, 84), (63, 86), (73, 87), (77, 87), (67, 86), (58, 83), (83, 82), (80, 83), (78, 86), (75, 87), (76, 86), (65, 88), (79, 87), (81, 84), (76, 88), (82, 83), (73, 89), (64, 86), (63, 88), (77, 89), (67, 88), (58, 85), (80, 85), (59, 84), (50, 81), (78, 88), (75, 89), (79, 80), (81, 86), (57, 86), (71, 85), (82, 85), (68, 86), (54, 78), (56, 84), (67, 90), (58, 87), (60, 84), (51, 81), (59, 86), (70, 86), (69, 87), (80, 87), (74, 86), (79, 82), (81, 79), (68, 88), (71, 87), (72, 88), (77, 84), (78, 83), (80, 80), (69, 89), (60, 86), (70, 88), (61, 85), (74, 88), (76, 85), (79, 84), (57, 81), (82, 80), (68, 90), (71, 89), (63, 85), (72, 90), (77, 86), (78, 85), (58, 82), (80, 82), (70, 90), (61, 87), (74, 90), (65, 87), (76, 87), (66, 86), (82, 82), (49, 79), (63, 87), (64, 88), (55, 85), (58, 84), (80, 84), (59, 83), (50, 80), (67, 87), (78, 87), (65, 89), (76, 89), (66, 88), (57, 85), (82, 84), (49, 81), (72, 85), (67, 89), (69, 86), (80, 86), (59, 85), (50, 82), (78, 89), (51, 83), (74, 85), (75, 84), (57, 87), (68, 87), (81, 81), (72, 87), (62, 86), (73, 86), (56, 79), (59, 87), (61, 84), (70, 87), (83, 81), (60, 88), (74, 87), (76, 84), (75, 86), (57, 80), (68, 89), (79, 86), (81, 83), (72, 89), (62, 88), (73, 88), (78, 84), (54, 84), (70, 89), (77, 88), (83, 83), (74, 89), (65, 86), (75, 88), (57, 82), (48, 79)}","{((49.5, 80.5), (49.5, 81.5)), ((55.5, 85.5), (55.5, 86.5)), ((58.5, 81.5), (59.5, 81.5)), ((74.5, 83.5), (75.5, 83.5)), ((59.5, 87.5), (60.5, 87.5)), ((78.5, 78.5), (79.5, 78.5)), ((83.5, 80.5), (83.5, 81.5)), ((65.5, 88.5), (66.5, 88.5)), ((67.5, 85.5), (68.5, 85.5)), ((58.5, 80.5), (58.5, 81.5)), ((68.5, 85.5), (69.5, 85.5)), ((77.5, 89.5), (78.5, 89.5)), ((59.5, 81.5), (59.5, 82.5)), ((64.5, 85.5), (65.5, 85.5)), ((77.5, 81.5), (77.5, 82.5)), ((80.5, 87.5), (81.5, 87.5)), ((49.5, 79.5), (49.5, 80.5)), ((76.5, 82.5), (77.5, 82.5)), ((56.5, 80.5), (57.5, 80.5)), ((83.5, 82.5), (83.5, 83.5)), ((60.5, 88.5), (61.5, 88.5)), ((65.5, 85.5), (66.5, 85.5)), ((55.5, 78.5), (55.5, 79.5)), ((83.5, 81.5), (83.5, 82.5)), ((59.5, 82.5), (60.5, 82.5)), ((49.5, 81.5), (50.5, 81.5)), ((82.5, 83.5), (83.5, 83.5)), ((56.5, 79.5), (56.5, 80.5)), ((78.5, 79.5), (78.5, 80.5)), ((79.5, 88.5), (80.5, 88.5)), ((71.5, 89.5), (72.5, 89.5)), ((78.5, 88.5), (78.5, 89.5)), ((76.5, 89.5), (77.5, 89.5)), ((54.5, 77.5), (54.5, 78.5)), ((66.5, 88.5), (67.5, 88.5)), ((54.5, 78.5), (55.5, 78.5)), ((54.5, 76.5), (54.5, 77.5)), ((81.5, 85.5), (81.5, 86.5)), ((48.5, 78.5), (48.5, 79.5)), ((75.5, 83.5), (76.5, 83.5)), ((67.5, 88.5), (68.5, 88.5)), ((57.5, 80.5), (58.5, 80.5)), ((80.5, 87.5), (80.5, 88.5)), ((57.5, 86.5), (57.5, 87.5)), ((76.5, 82.5), (76.5, 83.5)), ((53.5, 76.5), (54.5, 76.5)), ((82.5, 77.5), (82.5, 78.5)), ((48.5, 77.5), (48.5, 78.5)), ((83.5, 79.5), (83.5, 80.5)), ((48.5, 75.5), (48.5, 76.5)), ((48.5, 79.5), (49.5, 79.5)), ((62.5, 88.5), (63.5, 88.5)), ((48.5, 76.5), (48.5, 77.5)), ((77.5, 81.5), (78.5, 81.5)), ((81.5, 76.5), (81.5, 77.5)), ((51.5, 75.5), (52.5, 75.5)), ((64.5, 88.5), (65.5, 88.5)), ((79.5, 77.5), (80.5, 77.5)), ((73.5, 89.5), (74.5, 89.5)), ((50.5, 75.5), (51.5, 75.5)), ((54.5, 84.5), (54.5, 85.5)), ((63.5, 84.5), (63.5, 85.5)), ((74.5, 89.5), (75.5, 89.5)), ((72.5, 84.5), (72.5, 85.5)), ((68.5, 88.5), (69.5, 88.5)), ((79.5, 77.5), (79.5, 78.5)), ((75.5, 89.5), (76.5, 89.5)), ((78.5, 80.5), (78.5, 81.5)), ((61.5, 83.5), (61.5, 84.5)), ((81.5, 85.5), (82.5, 85.5)), ((78.5, 88.5), (79.5, 88.5)), ((52.5, 83.5), (53.5, 83.5)), ((73.5, 84.5), (74.5, 84.5)), ((72.5, 89.5), (73.5, 89.5)), ((63.5, 85.5), (64.5, 85.5)), ((48.5, 75.5), (49.5, 75.5)), ((63.5, 88.5), (64.5, 88.5)), ((61.5, 84.5), (62.5, 84.5)), ((81.5, 77.5), (82.5, 77.5)), ((50.5, 82.5), (51.5, 82.5)), ((52.5, 75.5), (53.5, 75.5)), ((83.5, 78.5), (83.5, 79.5)), ((80.5, 76.5), (81.5, 76.5)), ((71.5, 85.5), (72.5, 85.5)), ((70.5, 88.5), (70.5, 89.5)), ((62.5, 84.5), (63.5, 84.5)), ((72.5, 84.5), (73.5, 84.5)), ((61.5, 88.5), (62.5, 88.5)), ((55.5, 86.5), (56.5, 86.5)), ((69.5, 85.5), (70.5, 85.5)), ((55.5, 79.5), (56.5, 79.5)), ((51.5, 82.5), (51.5, 83.5)), ((60.5, 82.5), (60.5, 83.5)), ((70.5, 89.5), (71.5, 89.5)), ((82.5, 78.5), (83.5, 78.5)), ((60.5, 83.5), (61.5, 83.5)), ((82.5, 84.5), (82.5, 85.5)), ((51.5, 83.5), (52.5, 83.5)), ((74.5, 83.5), (74.5, 84.5)), ((81.5, 86.5), (81.5, 87.5)), ((49.5, 75.5), (50.5, 75.5)), ((50.5, 81.5), (50.5, 82.5)), ((60.5, 87.5), (60.5, 88.5)), ((57.5, 87.5), (58.5, 87.5)), ((54.5, 85.5), (55.5, 85.5)), ((53.5, 83.5), (53.5, 84.5)), ((66.5, 85.5), (67.5, 85.5)), ((58.5, 87.5), (59.5, 87.5)), ((82.5, 83.5), (82.5, 84.5)), ((78.5, 78.5), (78.5, 79.5)), ((69.5, 88.5), (70.5, 88.5)), ((53.5, 84.5), (54.5, 84.5)), ((56.5, 86.5), (57.5, 86.5)), ((80.5, 76.5), (80.5, 77.5)), ((53.5, 75.5), (53.5, 76.5)), ((70.5, 85.5), (71.5, 85.5))}","{((78.5, 79.5), (79.5, 79.5)), ((58.5, 82.5), (59.5, 82.5)), ((51.5, 80.5), (51.5, 81.5)), ((49.5, 81.5), (49.5, 82.5)), ((49.5, 78.5), (49.5, 79.5)), ((62.5, 89.5), (63.5, 89.5)), ((71.5, 90.5), (72.5, 90.5)), ((56.5, 83.5), (57.5, 83.5)), ((60.5, 87.5), (61.5, 87.5)), ((48.5, 79.5), (48.5, 80.5)), ((47.5, 78.5), (47.5, 79.5)), ((62.5, 88.5), (62.5, 89.5)), ((71.5, 84.5), (72.5, 84.5)), ((54.5, 79.5), (55.5, 79.5)), ((53.5, 83.5), (54.5, 83.5)), ((80.5, 78.5), (80.5, 79.5)), ((69.5, 90.5), (70.5, 90.5)), ((53.5, 77.5), (54.5, 77.5)), ((70.5, 84.5), (71.5, 84.5)), ((56.5, 85.5), (56.5, 86.5)), ((54.5, 78.5), (54.5, 79.5)), ((80.5, 86.5), (80.5, 87.5)), ((56.5, 86.5), (56.5, 87.5)), ((74.5, 90.5), (75.5, 90.5)), ((50.5, 79.5), (50.5, 80.5)), ((48.5, 81.5), (49.5, 81.5)), ((76.5, 83.5), (77.5, 83.5)), ((66.5, 89.5), (66.5, 90.5)), ((63.5, 89.5), (64.5, 89.5)), ((59.5, 88.5), (60.5, 88.5)), ((78.5, 81.5), (78.5, 82.5)), ((65.5, 89.5), (66.5, 89.5)), ((80.5, 78.5), (81.5, 78.5)), ((55.5, 85.5), (56.5, 85.5)), ((50.5, 80.5), (51.5, 80.5)), ((49.5, 79.5), (50.5, 79.5)), ((54.5, 83.5), (55.5, 83.5)), ((72.5, 90.5), (73.5, 90.5)), ((56.5, 80.5), (56.5, 81.5)), ((70.5, 84.5), (70.5, 85.5)), ((57.5, 80.5), (57.5, 81.5)), ((77.5, 82.5), (77.5, 83.5)), ((48.5, 78.5), (49.5, 78.5)), ((68.5, 90.5), (69.5, 90.5)), ((82.5, 79.5), (83.5, 79.5)), ((49.5, 82.5), (50.5, 82.5)), ((57.5, 82.5), (57.5, 83.5)), ((79.5, 79.5), (80.5, 79.5)), ((75.5, 89.5), (75.5, 90.5)), ((52.5, 83.5), (52.5, 84.5)), ((73.5, 90.5), (74.5, 90.5)), ((48.5, 80.5), (48.5, 81.5)), ((81.5, 78.5), (81.5, 79.5)), ((77.5, 82.5), (78.5, 82.5)), ((47.5, 79.5), (48.5, 79.5)), ((53.5, 78.5), (54.5, 78.5)), ((58.5, 81.5), (58.5, 82.5)), ((81.5, 79.5), (82.5, 79.5)), ((56.5, 82.5), (57.5, 82.5)), ((57.5, 79.5), (57.5, 80.5)), ((56.5, 78.5), (56.5, 79.5)), ((61.5, 87.5), (61.5, 88.5)), ((56.5, 81.5), (56.5, 82.5)), ((64.5, 89.5), (65.5, 89.5)), ((51.5, 81.5), (51.5, 82.5)), ((55.5, 83.5), (56.5, 83.5)), ((70.5, 90.5), (71.5, 90.5)), ((66.5, 90.5), (67.5, 90.5)), ((55.5, 78.5), (56.5, 78.5)), ((52.5, 84.5), (53.5, 84.5)), ((50.5, 83.5), (51.5, 83.5)), ((56.5, 87.5), (57.5, 87.5)), ((57.5, 81.5), (58.5, 81.5)), ((53.5, 77.5), (53.5, 78.5)), ((47.5, 78.5), (48.5, 78.5)), ((59.5, 87.5), (59.5, 88.5)), ((50.5, 82.5), (50.5, 83.5)), ((67.5, 90.5), (68.5, 90.5)), ((80.5, 86.5), (81.5, 86.5)), ((56.5, 79.5), (57.5, 79.5))}"
96,PHbmDBLzKFUqHWIbGMTmUFSmO,20200212,0.7342465753424657,4.47213595499958,0.46137881383286067,82.03125,0.6382978723404256,0.1625,"{(79, 88), (81, 85), (53, 78), (64, 87), (55, 84), (56, 83), (59, 82), (58, 86), (60, 83), (51, 80), (52, 79), (66, 87), (57, 84), (79, 81), (81, 78), (81, 87), (71, 86), (53, 80), (54, 79), (56, 85), (77, 83), (69, 88), (60, 85), (51, 82), (74, 84), (52, 81), (80, 88), (79, 83), (81, 80), (82, 79), (72, 86), (71, 88), (62, 85), (53, 82), (55, 79), (54, 81), (73, 85), (77, 85), (58, 81), (83, 80), (80, 81), (60, 87), (61, 86), (52, 83), (75, 85), (79, 85), (81, 82), (82, 81), (62, 87), (73, 87), (63, 86), (54, 83), (56, 80), (77, 87), (67, 86), (58, 83), (83, 82), (51, 77), (50, 79), (52, 76), (80, 83), (78, 86), (61, 88), (75, 87), (79, 78), (76, 86), (65, 88), (79, 87), (81, 84), (76, 88), (82, 83), (53, 77), (73, 89), (64, 86), (63, 88), (56, 82), (77, 89), (78, 88), (58, 85), (80, 85), (51, 79), (59, 84), (52, 78), (75, 89), (79, 80), (81, 77), (81, 86), (57, 86), (82, 85), (68, 86), (53, 79), (54, 78), (56, 84), (78, 81), (80, 78), (58, 87), (60, 84), (51, 81), (59, 86), (52, 80), (70, 86), (69, 87), (80, 87), (74, 86), (76, 83), (79, 82), (81, 79), (82, 78), (68, 88), (71, 87), (54, 80), (72, 88), (77, 84), (55, 81), (80, 80), (78, 83), (50, 76), (60, 86), (70, 88), (61, 85), (52, 82), (74, 88), (76, 85), (79, 84), (57, 81), (82, 80), (49, 77), (71, 89), (63, 85), (54, 82), (77, 86), (55, 83), (58, 82), (80, 82), (78, 85), (50, 78), (61, 87), (65, 87), (76, 87), (66, 86), (57, 83), (82, 82), (49, 79), (63, 87), (64, 88), (55, 85), (58, 84), (80, 84), (59, 83), (50, 80), (52, 77), (67, 87), (78, 87), (79, 79), (76, 89), (57, 85), (82, 84), (72, 85), (53, 81), (80, 77), (78, 89), (69, 86), (56, 86), (59, 85), (80, 86), (83, 79), (74, 85), (75, 84), (68, 87), (81, 81), (72, 87), (62, 86), (53, 83), (55, 80), (80, 79), (78, 82), (73, 86), (59, 87), (61, 84), (70, 87), (83, 81), (51, 76), (74, 87), (76, 84), (75, 86), (57, 80), (79, 86), (81, 83), (72, 89), (62, 88), (64, 85), (55, 82), (54, 84), (56, 81), (78, 84), (50, 77), (73, 88), (77, 88), (83, 83), (51, 78), (74, 89), (65, 86), (75, 88), (57, 82), (49, 78)}","{(79, 88), (81, 85), (73, 90), (64, 87), (63, 89), (58, 86), (60, 83), (83, 85), (75, 90), (66, 87), (79, 81), (81, 87), (71, 86), (82, 86), (64, 89), (77, 83), (69, 88), (60, 85), (74, 84), (80, 88), (66, 89), (79, 83), (81, 80), (72, 86), (71, 88), (62, 85), (73, 85), (77, 85), (80, 81), (83, 80), (60, 87), (61, 86), (75, 85), (79, 85), (81, 82), (82, 81), (71, 90), (62, 87), (73, 87), (63, 86), (77, 87), (67, 86), (80, 83), (83, 82), (78, 86), (61, 88), (75, 87), (76, 86), (65, 88), (79, 87), (81, 84), (76, 88), (82, 83), (73, 89), (64, 86), (63, 88), (77, 89), (67, 88), (58, 85), (83, 84), (59, 84), (69, 85), (80, 85), (78, 88), (75, 89), (79, 80), (79, 89), (81, 86), (57, 86), (71, 85), (82, 85), (68, 86), (69, 87), (60, 84), (51, 81), (59, 86), (70, 86), (80, 87), (74, 86), (79, 82), (81, 79), (68, 88), (71, 87), (72, 88), (77, 84), (78, 83), (80, 80), (69, 89), (60, 86), (70, 88), (61, 85), (74, 88), (65, 85), (79, 84), (76, 85), (82, 80), (71, 89), (63, 85), (72, 90), (77, 86), (67, 85), (80, 82), (58, 82), (78, 85), (61, 87), (74, 90), (65, 87), (76, 87), (66, 86), (82, 82), (63, 87), (64, 88), (67, 87), (58, 84), (80, 84), (59, 83), (50, 80), (78, 87), (65, 89), (76, 89), (66, 88), (68, 85), (82, 84), (57, 85), (72, 85), (67, 89), (69, 86), (80, 86), (59, 85), (70, 85), (78, 89), (74, 85), (75, 84), (68, 87), (81, 81), (72, 87), (62, 86), (73, 86), (78, 82), (70, 87), (61, 84), (83, 81), (74, 87), (76, 84), (75, 86), (68, 89), (79, 86), (81, 83), (72, 89), (62, 88), (64, 85), (78, 84), (73, 88), (70, 89), (77, 88), (83, 83), (74, 89), (65, 86), (75, 88), (66, 85)}","{((55.5, 85.5), (55.5, 86.5)), ((58.5, 81.5), (59.5, 81.5)), ((74.5, 83.5), (75.5, 83.5)), ((59.5, 87.5), (60.5, 87.5)), ((83.5, 80.5), (83.5, 81.5)), ((67.5, 85.5), (68.5, 85.5)), ((65.5, 87.5), (66.5, 87.5)), ((58.5, 80.5), (58.5, 81.5)), ((71.5, 84.5), (72.5, 84.5)), ((68.5, 85.5), (69.5, 85.5)), ((59.5, 81.5), (59.5, 82.5)), ((77.5, 89.5), (78.5, 89.5)), ((64.5, 85.5), (65.5, 85.5)), ((77.5, 81.5), (77.5, 82.5)), ((50.5, 80.5), (50.5, 81.5)), ((49.5, 79.5), (49.5, 80.5)), ((80.5, 87.5), (81.5, 87.5)), ((76.5, 82.5), (77.5, 82.5)), ((77.5, 80.5), (77.5, 81.5)), ((83.5, 82.5), (83.5, 83.5)), ((65.5, 85.5), (66.5, 85.5)), ((53.5, 77.5), (54.5, 77.5)), ((60.5, 88.5), (61.5, 88.5)), ((55.5, 78.5), (55.5, 79.5)), ((83.5, 81.5), (83.5, 82.5)), ((79.5, 76.5), (79.5, 77.5)), ((75.5, 82.5), (76.5, 82.5)), ((59.5, 82.5), (60.5, 82.5)), ((82.5, 83.5), (83.5, 83.5)), ((79.5, 88.5), (80.5, 88.5)), ((78.5, 79.5), (78.5, 80.5)), ((71.5, 89.5), (72.5, 89.5)), ((78.5, 88.5), (78.5, 89.5)), ((76.5, 89.5), (77.5, 89.5)), ((54.5, 77.5), (54.5, 78.5)), ((54.5, 78.5), (55.5, 78.5)), ((81.5, 85.5), (81.5, 86.5)), ((63.5, 84.5), (64.5, 84.5)), ((78.5, 77.5), (78.5, 78.5)), ((48.5, 78.5), (48.5, 79.5)), ((67.5, 88.5), (68.5, 88.5)), ((57.5, 80.5), (58.5, 80.5)), ((80.5, 87.5), (80.5, 88.5)), ((52.5, 76.5), (53.5, 76.5)), ((75.5, 82.5), (75.5, 83.5)), ((57.5, 86.5), (57.5, 87.5)), ((73.5, 83.5), (73.5, 84.5)), ((82.5, 77.5), (82.5, 78.5)), ((48.5, 77.5), (48.5, 78.5)), ((83.5, 79.5), (83.5, 80.5)), ((48.5, 79.5), (49.5, 79.5)), ((62.5, 88.5), (63.5, 88.5)), ((48.5, 76.5), (48.5, 77.5)), ((66.5, 87.5), (67.5, 87.5)), ((81.5, 76.5), (81.5, 77.5)), ((77.5, 80.5), (78.5, 80.5)), ((51.5, 75.5), (52.5, 75.5)), ((64.5, 88.5), (65.5, 88.5)), ((73.5, 89.5), (74.5, 89.5)), ((50.5, 75.5), (51.5, 75.5)), ((54.5, 84.5), (54.5, 85.5)), ((71.5, 84.5), (71.5, 85.5)), ((74.5, 89.5), (75.5, 89.5)), ((68.5, 88.5), (69.5, 88.5)), ((75.5, 89.5), (76.5, 89.5)), ((61.5, 83.5), (61.5, 84.5)), ((73.5, 83.5), (74.5, 83.5)), ((81.5, 85.5), (82.5, 85.5)), ((78.5, 88.5), (79.5, 88.5)), ((52.5, 83.5), (53.5, 83.5)), ((72.5, 89.5), (73.5, 89.5)), ((63.5, 88.5), (64.5, 88.5)), ((61.5, 84.5), (62.5, 84.5)), ((81.5, 77.5), (82.5, 77.5)), ((50.5, 82.5), (51.5, 82.5)), ((53.5, 76.5), (53.5, 77.5)), ((83.5, 78.5), (83.5, 79.5)), ((64.5, 84.5), (64.5, 85.5)), ((80.5, 76.5), (81.5, 76.5)), ((48.5, 76.5), (49.5, 76.5)), ((70.5, 88.5), (70.5, 89.5)), ((62.5, 84.5), (63.5, 84.5)), ((67.5, 87.5), (67.5, 88.5)), ((72.5, 84.5), (73.5, 84.5)), ((49.5, 80.5), (50.5, 80.5)), ((61.5, 88.5), (62.5, 88.5)), ((55.5, 86.5), (56.5, 86.5)), ((69.5, 85.5), (70.5, 85.5)), ((55.5, 79.5), (56.5, 79.5)), ((51.5, 82.5), (51.5, 83.5)), ((60.5, 82.5), (60.5, 83.5)), ((70.5, 89.5), (71.5, 89.5)), ((82.5, 78.5), (83.5, 78.5)), ((60.5, 83.5), (61.5, 83.5)), ((82.5, 84.5), (82.5, 85.5)), ((51.5, 83.5), (52.5, 83.5)), ((49.5, 75.5), (50.5, 75.5)), ((81.5, 86.5), (81.5, 87.5)), ((57.5, 79.5), (57.5, 80.5)), ((52.5, 75.5), (52.5, 76.5)), ((50.5, 81.5), (50.5, 82.5)), ((60.5, 87.5), (60.5, 88.5)), ((65.5, 87.5), (65.5, 88.5)), ((57.5, 87.5), (58.5, 87.5)), ((54.5, 85.5), (55.5, 85.5)), ((53.5, 83.5), (53.5, 84.5)), ((66.5, 85.5), (67.5, 85.5)), ((58.5, 87.5), (59.5, 87.5)), ((82.5, 83.5), (82.5, 84.5)), ((78.5, 78.5), (78.5, 79.5)), ((78.5, 77.5), (79.5, 77.5)), ((69.5, 88.5), (70.5, 88.5)), ((79.5, 76.5), (80.5, 76.5)), ((56.5, 86.5), (57.5, 86.5)), ((53.5, 84.5), (54.5, 84.5)), ((70.5, 85.5), (71.5, 85.5)), ((49.5, 75.5), (49.5, 76.5)), ((56.5, 79.5), (57.5, 79.5))}","{((78.5, 79.5), (79.5, 79.5)), ((58.5, 82.5), (59.5, 82.5)), ((81.5, 86.5), (82.5, 86.5)), ((51.5, 80.5), (51.5, 81.5)), ((69.5, 89.5), (70.5, 89.5)), ((82.5, 79.5), (83.5, 79.5)), ((62.5, 89.5), (63.5, 89.5)), ((83.5, 83.5), (83.5, 84.5)), ((71.5, 90.5), (72.5, 90.5)), ((58.5, 82.5), (58.5, 83.5)), ((57.5, 83.5), (58.5, 83.5)), ((62.5, 88.5), (62.5, 89.5)), ((57.5, 81.5), (57.5, 82.5)), ((79.5, 79.5), (80.5, 79.5)), ((80.5, 78.5), (80.5, 79.5)), ((70.5, 84.5), (71.5, 84.5)), ((67.5, 84.5), (68.5, 84.5)), ((75.5, 89.5), (75.5, 90.5)), ((66.5, 84.5), (67.5, 84.5)), ((56.5, 85.5), (56.5, 86.5)), ((66.5, 89.5), (67.5, 89.5)), ((73.5, 90.5), (74.5, 90.5)), ((57.5, 82.5), (58.5, 82.5)), ((81.5, 78.5), (81.5, 79.5)), ((82.5, 85.5), (82.5, 86.5)), ((56.5, 84.5), (56.5, 85.5)), ((58.5, 86.5), (59.5, 86.5)), ((64.5, 84.5), (65.5, 84.5)), ((58.5, 81.5), (58.5, 82.5)), ((81.5, 79.5), (82.5, 79.5)), ((69.5, 84.5), (70.5, 84.5)), ((74.5, 90.5), (75.5, 90.5)), ((59.5, 86.5), (59.5, 87.5)), ((75.5, 83.5), (76.5, 83.5)), ((50.5, 79.5), (50.5, 80.5)), ((65.5, 84.5), (66.5, 84.5)), ((68.5, 84.5), (69.5, 84.5)), ((78.5, 89.5), (79.5, 89.5)), ((67.5, 89.5), (68.5, 89.5)), ((76.5, 82.5), (76.5, 83.5)), ((64.5, 89.5), (65.5, 89.5)), ((83.5, 84.5), (83.5, 85.5)), ((70.5, 90.5), (71.5, 90.5)), ((82.5, 85.5), (83.5, 85.5)), ((56.5, 84.5), (57.5, 84.5)), ((77.5, 81.5), (78.5, 81.5)), ((63.5, 89.5), (64.5, 89.5)), ((65.5, 89.5), (66.5, 89.5)), ((68.5, 89.5), (69.5, 89.5)), ((57.5, 83.5), (57.5, 84.5)), ((57.5, 81.5), (58.5, 81.5)), ((80.5, 78.5), (81.5, 78.5)), ((50.5, 80.5), (51.5, 80.5)), ((49.5, 79.5), (50.5, 79.5)), ((70.5, 89.5), (70.5, 90.5)), ((79.5, 88.5), (79.5, 89.5)), ((50.5, 81.5), (51.5, 81.5)), ((57.5, 86.5), (58.5, 86.5)), ((72.5, 90.5), (73.5, 90.5)), ((78.5, 80.5), (78.5, 81.5))}"
97,PHbmDBLzKFUqHWIbGMTmUFSmO,20200212,0.7197640117994101,4.47213595499958,0.42557505022829367,99.8046875,0.7019230769230769,0.2229299363057325,"{(79, 88), (81, 85), (64, 87), (55, 84), (56, 83), (59, 82), (58, 86), (60, 83), (51, 80), (52, 79), (66, 87), (57, 84), (79, 81), (81, 78), (71, 86), (53, 80), (56, 85), (77, 83), (69, 88), (60, 85), (74, 84), (52, 81), (79, 83), (81, 80), (82, 79), (72, 86), (71, 88), (62, 85), (53, 82), (73, 85), (54, 81), (77, 85), (58, 81), (80, 81), (60, 87), (61, 86), (75, 85), (79, 85), (81, 82), (82, 81), (62, 87), (73, 87), (63, 86), (54, 83), (77, 87), (67, 86), (58, 83), (83, 82), (51, 77), (50, 79), (52, 76), (80, 83), (78, 86), (61, 88), (75, 87), (79, 78), (76, 86), (65, 88), (79, 87), (81, 84), (76, 88), (82, 83), (73, 89), (64, 86), (63, 88), (56, 82), (77, 89), (78, 88), (58, 85), (80, 85), (51, 79), (59, 84), (52, 78), (75, 89), (79, 80), (81, 77), (81, 86), (57, 86), (82, 85), (68, 86), (56, 84), (77, 82), (78, 81), (80, 78), (58, 87), (60, 84), (51, 81), (59, 86), (52, 80), (70, 86), (69, 87), (80, 87), (74, 86), (76, 83), (79, 82), (81, 79), (82, 78), (71, 87), (62, 84), (72, 88), (77, 84), (78, 83), (80, 80), (60, 86), (70, 88), (61, 85), (52, 82), (74, 88), (76, 85), (79, 84), (57, 81), (82, 80), (63, 85), (54, 82), (77, 86), (55, 83), (58, 82), (80, 82), (78, 85), (50, 78), (61, 87), (65, 87), (76, 87), (66, 86), (57, 83), (82, 82), (63, 87), (64, 88), (55, 85), (58, 84), (80, 84), (59, 83), (50, 80), (67, 87), (78, 87), (79, 79), (76, 89), (57, 85), (82, 84), (72, 85), (53, 81), (78, 80), (80, 77), (69, 86), (80, 86), (59, 85), (74, 85), (75, 84), (68, 87), (81, 81), (72, 87), (62, 86), (53, 83), (78, 82), (80, 79), (56, 79), (73, 86), (59, 87), (61, 84), (70, 87), (83, 81), (51, 76), (74, 87), (76, 84), (75, 86), (57, 80), (79, 86), (81, 83), (72, 89), (62, 88), (64, 85), (55, 82), (54, 84), (78, 84), (73, 88), (50, 77), (77, 88), (51, 78), (74, 89), (65, 86), (75, 88), (57, 82)}","{(79, 88), (81, 85), (73, 90), (64, 87), (63, 89), (59, 82), (58, 86), (60, 83), (83, 85), (66, 87), (79, 81), (71, 86), (64, 89), (77, 83), (69, 88), (74, 84), (66, 89), (79, 83), (72, 86), (71, 88), (62, 85), (73, 85), (77, 85), (80, 81), (83, 80), (60, 87), (61, 86), (52, 83), (75, 85), (79, 85), (81, 82), (82, 81), (71, 90), (62, 87), (73, 87), (63, 86), (77, 87), (67, 86), (80, 83), (83, 82), (78, 86), (61, 88), (75, 87), (76, 86), (65, 88), (79, 87), (81, 84), (76, 88), (82, 83), (62, 89), (64, 86), (63, 88), (73, 89), (77, 89), (67, 88), (69, 85), (60, 82), (83, 84), (80, 85), (78, 88), (75, 89), (79, 80), (81, 86), (57, 86), (71, 85), (82, 85), (68, 86), (58, 87), (69, 87), (51, 81), (61, 83), (59, 86), (70, 86), (80, 87), (74, 86), (79, 82), (68, 88), (71, 87), (62, 84), (72, 88), (77, 84), (78, 83), (80, 80), (69, 89), (60, 86), (70, 88), (61, 85), (52, 82), (74, 88), (65, 85), (79, 84), (76, 85), (82, 80), (71, 89), (63, 85), (72, 90), (77, 86), (67, 85), (80, 82), (78, 85), (61, 87), (74, 90), (65, 87), (76, 87), (66, 86), (82, 82), (63, 87), (64, 88), (67, 87), (80, 84), (78, 87), (50, 80), (61, 89), (65, 89), (76, 89), (66, 88), (68, 85), (82, 84), (72, 85), (67, 89), (69, 86), (80, 86), (70, 85), (78, 89), (74, 85), (75, 84), (57, 87), (68, 87), (81, 81), (72, 87), (62, 86), (73, 86), (78, 82), (80, 79), (59, 87), (61, 84), (70, 87), (83, 81), (60, 88), (74, 87), (76, 84), (75, 86), (68, 89), (79, 86), (81, 83), (72, 89), (62, 88), (64, 85), (78, 84), (73, 88), (70, 89), (77, 88), (83, 83), (74, 89), (65, 86), (75, 88), (66, 85)}","{((49.5, 78.5), (49.5, 79.5)), ((58.5, 81.5), (59.5, 81.5)), ((74.5, 83.5), (75.5, 83.5)), ((59.5, 87.5), (60.5, 87.5)), ((83.5, 80.5), (83.5, 81.5)), ((67.5, 85.5), (68.5, 85.5)), ((65.5, 87.5), (66.5, 87.5)), ((58.5, 80.5), (58.5, 81.5)), ((71.5, 84.5), (72.5, 84.5)), ((68.5, 85.5), (69.5, 85.5)), ((59.5, 81.5), (59.5, 82.5)), ((64.5, 85.5), (65.5, 85.5)), ((50.5, 80.5), (50.5, 81.5)), ((49.5, 79.5), (49.5, 80.5)), ((65.5, 85.5), (66.5, 85.5)), ((75.5, 82.5), (76.5, 82.5)), ((77.5, 80.5), (77.5, 81.5)), ((60.5, 88.5), (61.5, 88.5)), ((83.5, 81.5), (83.5, 82.5)), ((56.5, 85.5), (56.5, 86.5)), ((79.5, 76.5), (79.5, 77.5)), ((55.5, 78.5), (55.5, 79.5)), ((77.5, 88.5), (77.5, 89.5)), ((59.5, 82.5), (60.5, 82.5)), ((53.5, 80.5), (54.5, 80.5)), ((80.5, 86.5), (80.5, 87.5)), ((76.5, 81.5), (76.5, 82.5)), ((56.5, 79.5), (56.5, 80.5)), ((71.5, 89.5), (72.5, 89.5)), ((76.5, 89.5), (77.5, 89.5)), ((51.5, 76.5), (52.5, 76.5)), ((81.5, 85.5), (81.5, 86.5)), ((63.5, 84.5), (64.5, 84.5)), ((78.5, 77.5), (78.5, 78.5)), ((79.5, 87.5), (79.5, 88.5)), ((57.5, 80.5), (58.5, 80.5)), ((75.5, 82.5), (75.5, 83.5)), ((49.5, 77.5), (49.5, 78.5)), ((57.5, 86.5), (57.5, 87.5)), ((73.5, 83.5), (73.5, 84.5)), ((82.5, 77.5), (82.5, 78.5)), ((62.5, 88.5), (63.5, 88.5)), ((66.5, 87.5), (67.5, 87.5)), ((81.5, 76.5), (81.5, 77.5)), ((51.5, 75.5), (52.5, 75.5)), ((64.5, 88.5), (65.5, 88.5)), ((73.5, 89.5), (74.5, 89.5)), ((62.5, 83.5), (62.5, 84.5)), ((55.5, 85.5), (56.5, 85.5)), ((54.5, 84.5), (54.5, 85.5)), ((71.5, 84.5), (71.5, 85.5)), ((77.5, 88.5), (78.5, 88.5)), ((82.5, 82.5), (83.5, 82.5)), ((74.5, 89.5), (75.5, 89.5)), ((50.5, 75.5), (51.5, 75.5)), ((52.5, 79.5), (53.5, 79.5)), ((82.5, 78.5), (82.5, 79.5)), ((68.5, 88.5), (69.5, 88.5)), ((77.5, 79.5), (77.5, 80.5)), ((75.5, 89.5), (76.5, 89.5)), ((56.5, 80.5), (56.5, 81.5)), ((51.5, 77.5), (52.5, 77.5)), ((73.5, 83.5), (74.5, 83.5)), ((81.5, 85.5), (82.5, 85.5)), ((78.5, 88.5), (79.5, 88.5)), ((52.5, 83.5), (53.5, 83.5)), ((79.5, 87.5), (80.5, 87.5)), ((72.5, 89.5), (73.5, 89.5)), ((52.5, 82.5), (52.5, 83.5)), ((54.5, 80.5), (54.5, 81.5)), ((50.5, 75.5), (50.5, 76.5)), ((67.5, 87.5), (68.5, 87.5)), ((63.5, 88.5), (64.5, 88.5)), ((81.5, 77.5), (82.5, 77.5)), ((64.5, 84.5), (64.5, 85.5)), ((54.5, 81.5), (55.5, 81.5)), ((80.5, 76.5), (81.5, 76.5)), ((68.5, 87.5), (68.5, 88.5)), ((61.5, 83.5), (62.5, 83.5)), ((62.5, 84.5), (63.5, 84.5)), ((72.5, 84.5), (73.5, 84.5)), ((49.5, 80.5), (50.5, 80.5)), ((61.5, 88.5), (62.5, 88.5)), ((69.5, 85.5), (70.5, 85.5)), ((77.5, 79.5), (78.5, 79.5)), ((55.5, 79.5), (56.5, 79.5)), ((82.5, 80.5), (83.5, 80.5)), ((52.5, 77.5), (52.5, 78.5)), ((60.5, 82.5), (60.5, 83.5)), ((82.5, 79.5), (82.5, 80.5)), ((60.5, 83.5), (61.5, 83.5)), ((82.5, 84.5), (82.5, 85.5)), ((49.5, 76.5), (49.5, 77.5)), ((82.5, 82.5), (82.5, 83.5)), ((70.5, 88.5), (71.5, 88.5)), ((57.5, 79.5), (57.5, 80.5)), ((56.5, 78.5), (56.5, 79.5)), ((55.5, 81.5), (56.5, 81.5)), ((53.5, 79.5), (53.5, 80.5)), ((52.5, 78.5), (52.5, 79.5)), ((52.5, 75.5), (52.5, 76.5)), ((60.5, 87.5), (60.5, 88.5)), ((65.5, 87.5), (65.5, 88.5)), ((57.5, 87.5), (58.5, 87.5)), ((76.5, 81.5), (77.5, 81.5)), ((54.5, 85.5), (55.5, 85.5)), ((51.5, 81.5), (51.5, 82.5)), ((53.5, 83.5), (53.5, 84.5)), ((66.5, 85.5), (67.5, 85.5)), ((58.5, 87.5), (59.5, 87.5)), ((55.5, 78.5), (56.5, 78.5)), ((82.5, 83.5), (82.5, 84.5)), ((78.5, 78.5), (78.5, 79.5)), ((80.5, 86.5), (81.5, 86.5)), ((53.5, 84.5), (54.5, 84.5)), ((78.5, 77.5), (79.5, 77.5)), ((69.5, 88.5), (70.5, 88.5)), ((56.5, 86.5), (57.5, 86.5)), ((79.5, 76.5), (80.5, 76.5)), ((51.5, 82.5), (52.5, 82.5)), ((49.5, 76.5), (50.5, 76.5)), ((70.5, 85.5), (71.5, 85.5)), ((50.5, 81.5), (51.5, 81.5)), ((51.5, 76.5), (51.5, 77.5)), ((71.5, 88.5), (71.5, 89.5)), ((56.5, 79.5), (57.5, 79.5))}","{((78.5, 79.5), (79.5, 79.5)), ((58.5, 82.5), (59.5, 82.5)), ((51.5, 80.5), (51.5, 81.5)), ((81.5, 79.5), (81.5, 80.5)), ((52.5, 81.5), (52.5, 82.5)), ((59.5, 82.5), (59.5, 83.5)), ((62.5, 89.5), (63.5, 89.5)), ((83.5, 83.5), (83.5, 84.5)), ((71.5, 90.5), (72.5, 90.5)), ((79.5, 78.5), (80.5, 78.5)), ((77.5, 89.5), (78.5, 89.5)), ((80.5, 78.5), (80.5, 79.5)), ((60.5, 81.5), (60.5, 82.5)), ((77.5, 81.5), (77.5, 82.5)), ((76.5, 82.5), (77.5, 82.5)), ((83.5, 82.5), (83.5, 83.5)), ((70.5, 84.5), (71.5, 84.5)), ((66.5, 84.5), (67.5, 84.5)), ((57.5, 85.5), (58.5, 85.5)), ((66.5, 89.5), (67.5, 89.5)), ((78.5, 79.5), (78.5, 80.5)), ((74.5, 89.5), (74.5, 90.5)), ((78.5, 88.5), (78.5, 89.5)), ((60.5, 89.5), (61.5, 89.5)), ((64.5, 84.5), (65.5, 84.5)), ((56.5, 86.5), (56.5, 87.5)), ((75.5, 83.5), (76.5, 83.5)), ((69.5, 84.5), (70.5, 84.5)), ((61.5, 82.5), (61.5, 83.5)), ((65.5, 84.5), (66.5, 84.5)), ((50.5, 79.5), (50.5, 80.5)), ((67.5, 89.5), (68.5, 89.5)), ((76.5, 82.5), (76.5, 83.5)), ((83.5, 79.5), (83.5, 80.5)), ((80.5, 80.5), (81.5, 80.5)), ((83.5, 84.5), (83.5, 85.5)), ((82.5, 85.5), (83.5, 85.5)), ((77.5, 81.5), (78.5, 81.5)), ((63.5, 89.5), (64.5, 89.5)), ((59.5, 85.5), (60.5, 85.5)), ((59.5, 88.5), (60.5, 88.5)), ((65.5, 89.5), (66.5, 89.5)), ((68.5, 89.5), (69.5, 89.5)), ((50.5, 80.5), (51.5, 80.5)), ((49.5, 79.5), (50.5, 79.5)), ((61.5, 89.5), (62.5, 89.5)), ((72.5, 90.5), (73.5, 90.5)), ((78.5, 80.5), (78.5, 81.5)), ((60.5, 83.5), (60.5, 84.5)), ((69.5, 89.5), (70.5, 89.5)), ((82.5, 79.5), (83.5, 79.5)), ((51.5, 81.5), (52.5, 81.5)), ((60.5, 84.5), (60.5, 85.5)), ((60.5, 82.5), (61.5, 82.5)), ((67.5, 84.5), (68.5, 84.5)), ((73.5, 90.5), (74.5, 90.5)), ((51.5, 82.5), (51.5, 83.5)), ((59.5, 83.5), (60.5, 83.5)), ((59.5, 81.5), (60.5, 81.5)), ((58.5, 81.5), (58.5, 82.5)), ((81.5, 79.5), (82.5, 79.5)), ((51.5, 83.5), (52.5, 83.5)), ((58.5, 85.5), (59.5, 85.5)), ((68.5, 84.5), (69.5, 84.5)), ((56.5, 85.5), (57.5, 85.5)), ((79.5, 78.5), (79.5, 79.5)), ((64.5, 89.5), (65.5, 89.5)), ((80.5, 79.5), (80.5, 80.5)), ((70.5, 90.5), (71.5, 90.5)), ((60.5, 88.5), (60.5, 89.5)), ((56.5, 87.5), (57.5, 87.5)), ((59.5, 87.5), (59.5, 88.5)), ((70.5, 89.5), (70.5, 90.5))}"
98,PHbmDBLzKFUqHWIbGMTmUFSmO,20200212,0.6898954703832751,4.242640687119285,0.49889287980839325,103.90625,0.6909090909090909,0.2826086956521739,"{(79, 88), (81, 85), (64, 87), (55, 84), (56, 83), (59, 82), (58, 86), (60, 83), (51, 80), (52, 79), (66, 87), (57, 84), (79, 81), (81, 78), (71, 86), (53, 80), (56, 85), (77, 83), (60, 85), (74, 84), (52, 81), (75, 83), (79, 83), (81, 80), (72, 86), (71, 88), (62, 85), (53, 82), (73, 85), (77, 85), (58, 81), (80, 81), (60, 87), (61, 86), (75, 85), (79, 85), (81, 82), (62, 87), (73, 87), (63, 86), (54, 83), (77, 87), (67, 86), (80, 83), (78, 86), (51, 77), (61, 88), (75, 87), (76, 86), (65, 88), (79, 87), (81, 84), (76, 88), (73, 89), (64, 86), (63, 88), (77, 89), (78, 88), (58, 85), (80, 85), (51, 79), (59, 84), (52, 78), (75, 89), (79, 80), (81, 86), (57, 86), (68, 86), (56, 84), (77, 82), (78, 81), (80, 78), (69, 87), (60, 84), (59, 86), (70, 86), (52, 80), (80, 87), (74, 86), (76, 83), (79, 82), (81, 79), (71, 87), (62, 84), (72, 88), (77, 84), (78, 83), (80, 80), (60, 86), (70, 88), (61, 85), (74, 88), (76, 85), (79, 84), (63, 85), (54, 82), (77, 86), (55, 83), (80, 82), (78, 85), (61, 87), (65, 87), (76, 87), (66, 86), (63, 87), (64, 88), (67, 87), (58, 84), (80, 84), (59, 83), (78, 87), (79, 79), (76, 89), (57, 85), (72, 85), (53, 81), (78, 80), (69, 86), (80, 86), (59, 85), (74, 85), (75, 84), (68, 87), (81, 81), (72, 87), (62, 86), (73, 86), (78, 82), (80, 79), (56, 79), (59, 87), (61, 84), (70, 87), (74, 87), (76, 84), (75, 86), (57, 80), (79, 86), (81, 83), (72, 89), (62, 88), (64, 85), (78, 84), (73, 88), (77, 88), (51, 78), (74, 89), (65, 86), (75, 88)}","{(79, 88), (81, 85), (73, 90), (64, 87), (59, 82), (75, 90), (66, 87), (79, 81), (71, 86), (64, 89), (77, 83), (69, 88), (80, 88), (74, 84), (75, 83), (66, 89), (72, 86), (71, 88), (62, 85), (73, 85), (63, 84), (65, 86), (77, 85), (58, 81), (60, 87), (61, 86), (75, 85), (79, 85), (71, 90), (62, 87), (73, 87), (63, 86), (77, 87), (67, 86), (78, 86), (83, 82), (61, 88), (75, 87), (65, 88), (79, 87), (81, 84), (76, 88), (73, 89), (64, 86), (63, 88), (77, 89), (67, 88), (69, 85), (60, 82), (80, 85), (78, 88), (75, 89), (79, 80), (81, 86), (68, 86), (71, 85), (82, 85), (78, 81), (69, 87), (80, 87), (51, 81), (61, 83), (70, 86), (74, 86), (76, 83), (79, 82), (68, 88), (71, 87), (62, 84), (72, 88), (77, 84), (78, 83), (58, 80), (69, 89), (70, 88), (74, 88), (65, 85), (79, 84), (76, 85), (71, 89), (63, 85), (72, 90), (77, 86), (67, 85), (78, 85), (59, 81), (61, 87), (74, 90), (65, 87), (76, 87), (66, 86), (63, 87), (64, 88), (67, 87), (80, 84), (78, 87), (50, 80), (79, 79), (65, 89), (76, 89), (66, 88), (68, 85), (82, 84), (72, 85), (78, 80), (67, 89), (69, 86), (80, 86), (70, 85), (78, 89), (74, 85), (75, 84), (68, 87), (72, 87), (62, 86), (73, 86), (78, 82), (70, 87), (61, 84), (83, 81), (74, 87), (76, 84), (75, 86), (68, 89), (79, 86), (72, 89), (62, 88), (64, 85), (78, 84), (73, 88), (70, 89), (77, 88), (83, 83), (74, 89), (76, 86), (75, 88), (66, 85), (49, 78)}","{((51.5, 80.5), (51.5, 81.5)), ((81.5, 79.5), (81.5, 80.5)), ((58.5, 81.5), (59.5, 81.5)), ((52.5, 81.5), (52.5, 82.5)), ((59.5, 87.5), (60.5, 87.5)), ((78.5, 78.5), (79.5, 78.5)), ((67.5, 85.5), (68.5, 85.5)), ((56.5, 83.5), (57.5, 83.5)), ((65.5, 87.5), (66.5, 87.5)), ((58.5, 82.5), (58.5, 83.5)), ((57.5, 83.5), (58.5, 83.5)), ((50.5, 76.5), (51.5, 76.5)), ((58.5, 80.5), (58.5, 81.5)), ((71.5, 84.5), (72.5, 84.5)), ((68.5, 85.5), (69.5, 85.5)), ((59.5, 81.5), (59.5, 82.5)), ((81.5, 81.5), (81.5, 82.5)), ((53.5, 83.5), (54.5, 83.5)), ((64.5, 85.5), (65.5, 85.5)), ((81.5, 80.5), (81.5, 81.5)), ((56.5, 80.5), (57.5, 80.5)), ((56.5, 82.5), (56.5, 83.5)), ((75.5, 82.5), (76.5, 82.5)), ((77.5, 80.5), (77.5, 81.5)), ((60.5, 88.5), (61.5, 88.5)), ((55.5, 82.5), (56.5, 82.5)), ((65.5, 85.5), (66.5, 85.5)), ((81.5, 83.5), (81.5, 84.5)), ((55.5, 78.5), (55.5, 79.5)), ((56.5, 85.5), (56.5, 86.5)), ((59.5, 82.5), (60.5, 82.5)), ((77.5, 88.5), (77.5, 89.5)), ((80.5, 86.5), (80.5, 87.5)), ((76.5, 81.5), (76.5, 82.5)), ((56.5, 79.5), (56.5, 80.5)), ((71.5, 89.5), (72.5, 89.5)), ((76.5, 89.5), (77.5, 89.5)), ((52.5, 82.5), (53.5, 82.5)), ((50.5, 77.5), (50.5, 78.5)), ((81.5, 85.5), (81.5, 86.5)), ((54.5, 84.5), (55.5, 84.5)), ((63.5, 84.5), (64.5, 84.5)), ((50.5, 76.5), (50.5, 77.5)), ((79.5, 87.5), (79.5, 88.5)), ((50.5, 79.5), (50.5, 80.5)), ((57.5, 80.5), (58.5, 80.5)), ((53.5, 81.5), (54.5, 81.5)), ((54.5, 82.5), (55.5, 82.5)), ((73.5, 83.5), (73.5, 84.5)), ((58.5, 86.5), (58.5, 87.5)), ((62.5, 88.5), (63.5, 88.5)), ((81.5, 77.5), (81.5, 78.5)), ((66.5, 87.5), (67.5, 87.5)), ((64.5, 88.5), (65.5, 88.5)), ((79.5, 77.5), (80.5, 77.5)), ((69.5, 87.5), (69.5, 88.5)), ((73.5, 89.5), (74.5, 89.5)), ((62.5, 83.5), (62.5, 84.5)), ((55.5, 85.5), (56.5, 85.5)), ((71.5, 84.5), (71.5, 85.5)), ((50.5, 80.5), (51.5, 80.5)), ((77.5, 88.5), (78.5, 88.5)), ((74.5, 89.5), (75.5, 89.5)), ((52.5, 79.5), (53.5, 79.5)), ((81.5, 84.5), (81.5, 85.5)), ((77.5, 79.5), (77.5, 80.5)), ((79.5, 77.5), (79.5, 78.5)), ((75.5, 89.5), (76.5, 89.5)), ((81.5, 82.5), (81.5, 83.5)), ((51.5, 77.5), (52.5, 77.5)), ((73.5, 83.5), (74.5, 83.5)), ((57.5, 80.5), (57.5, 81.5)), ((53.5, 82.5), (53.5, 83.5)), ((78.5, 88.5), (79.5, 88.5)), ((79.5, 87.5), (80.5, 87.5)), ((72.5, 89.5), (73.5, 89.5)), ((80.5, 77.5), (81.5, 77.5)), ((51.5, 81.5), (52.5, 81.5)), ((67.5, 87.5), (68.5, 87.5)), ((63.5, 88.5), (64.5, 88.5)), ((54.5, 83.5), (54.5, 84.5)), ((64.5, 84.5), (64.5, 85.5)), ((50.5, 78.5), (50.5, 79.5)), ((61.5, 83.5), (62.5, 83.5)), ((62.5, 84.5), (63.5, 84.5)), ((72.5, 84.5), (73.5, 84.5)), ((61.5, 88.5), (62.5, 88.5)), ((74.5, 82.5), (74.5, 83.5)), ((69.5, 85.5), (70.5, 85.5)), ((77.5, 79.5), (78.5, 79.5)), ((55.5, 79.5), (56.5, 79.5)), ((52.5, 77.5), (52.5, 78.5)), ((81.5, 78.5), (81.5, 79.5)), ((60.5, 82.5), (60.5, 83.5)), ((68.5, 87.5), (69.5, 87.5)), ((60.5, 83.5), (61.5, 83.5)), ((58.5, 81.5), (58.5, 82.5)), ((70.5, 88.5), (71.5, 88.5)), ((57.5, 79.5), (57.5, 80.5)), ((56.5, 78.5), (56.5, 79.5)), ((53.5, 79.5), (53.5, 80.5)), ((52.5, 78.5), (52.5, 79.5)), ((60.5, 87.5), (60.5, 88.5)), ((65.5, 87.5), (65.5, 88.5)), ((76.5, 81.5), (77.5, 81.5)), ((66.5, 85.5), (67.5, 85.5)), ((58.5, 87.5), (59.5, 87.5)), ((55.5, 78.5), (56.5, 78.5)), ((78.5, 78.5), (78.5, 79.5)), ((74.5, 82.5), (75.5, 82.5)), ((57.5, 81.5), (58.5, 81.5)), ((55.5, 84.5), (55.5, 85.5)), ((69.5, 88.5), (70.5, 88.5)), ((80.5, 86.5), (81.5, 86.5)), ((56.5, 86.5), (57.5, 86.5)), ((54.5, 81.5), (54.5, 82.5)), ((53.5, 80.5), (53.5, 81.5)), ((70.5, 85.5), (71.5, 85.5)), ((57.5, 86.5), (58.5, 86.5)), ((51.5, 76.5), (51.5, 77.5)), ((71.5, 88.5), (71.5, 89.5)), ((56.5, 79.5), (57.5, 79.5))}","{((81.5, 85.5), (82.5, 85.5)), ((79.5, 80.5), (79.5, 81.5)), ((58.5, 82.5), (59.5, 82.5)), ((48.5, 78.5), (49.5, 78.5)), ((60.5, 83.5), (60.5, 84.5)), ((69.5, 89.5), (70.5, 89.5)), ((82.5, 80.5), (82.5, 81.5)), ((83.5, 80.5), (83.5, 81.5)), ((71.5, 90.5), (72.5, 90.5)), ((48.5, 77.5), (49.5, 77.5)), ((77.5, 89.5), (78.5, 89.5)), ((79.5, 81.5), (79.5, 82.5)), ((60.5, 81.5), (60.5, 82.5)), ((50.5, 80.5), (50.5, 81.5)), ((59.5, 80.5), (59.5, 81.5)), ((78.5, 82.5), (78.5, 83.5)), ((49.5, 79.5), (49.5, 80.5)), ((77.5, 81.5), (77.5, 82.5)), ((83.5, 82.5), (83.5, 83.5)), ((76.5, 82.5), (77.5, 82.5)), ((75.5, 89.5), (75.5, 90.5)), ((60.5, 82.5), (61.5, 82.5)), ((83.5, 81.5), (83.5, 82.5)), ((60.5, 85.5), (60.5, 86.5)), ((78.5, 83.5), (79.5, 83.5)), ((70.5, 84.5), (71.5, 84.5)), ((67.5, 84.5), (68.5, 84.5)), ((66.5, 84.5), (67.5, 84.5)), ((62.5, 83.5), (63.5, 83.5)), ((49.5, 80.5), (50.5, 80.5)), ((66.5, 89.5), (67.5, 89.5)), ((79.5, 83.5), (80.5, 83.5)), ((73.5, 90.5), (74.5, 90.5)), ((82.5, 80.5), (83.5, 80.5)), ((79.5, 88.5), (80.5, 88.5)), ((78.5, 88.5), (78.5, 89.5)), ((82.5, 83.5), (83.5, 83.5)), ((58.5, 79.5), (58.5, 80.5)), ((59.5, 81.5), (60.5, 81.5)), ((63.5, 88.5), (63.5, 89.5)), ((64.5, 84.5), (65.5, 84.5)), ((69.5, 84.5), (70.5, 84.5)), ((82.5, 84.5), (82.5, 85.5)), ((74.5, 90.5), (75.5, 90.5)), ((61.5, 82.5), (61.5, 83.5)), ((59.5, 86.5), (59.5, 87.5)), ((61.5, 84.5), (61.5, 85.5)), ((82.5, 82.5), (82.5, 83.5)), ((78.5, 82.5), (79.5, 82.5)), ((80.5, 87.5), (80.5, 88.5)), ((65.5, 84.5), (66.5, 84.5)), ((80.5, 83.5), (81.5, 83.5)), ((68.5, 84.5), (69.5, 84.5)), ((49.5, 77.5), (49.5, 78.5)), ((79.5, 78.5), (79.5, 79.5)), ((67.5, 89.5), (68.5, 89.5)), ((48.5, 77.5), (48.5, 78.5)), ((58.5, 80.5), (59.5, 80.5)), ((64.5, 89.5), (65.5, 89.5)), ((79.5, 79.5), (79.5, 80.5)), ((70.5, 90.5), (71.5, 90.5)), ((60.5, 84.5), (61.5, 84.5)), ((63.5, 83.5), (63.5, 84.5)), ((82.5, 81.5), (82.5, 82.5)), ((82.5, 83.5), (82.5, 84.5)), ((63.5, 89.5), (64.5, 89.5)), ((65.5, 89.5), (66.5, 89.5)), ((68.5, 89.5), (69.5, 89.5)), ((81.5, 83.5), (82.5, 83.5)), ((60.5, 85.5), (61.5, 85.5)), ((49.5, 79.5), (50.5, 79.5)), ((70.5, 89.5), (70.5, 90.5)), ((59.5, 86.5), (60.5, 86.5)), ((57.5, 79.5), (58.5, 79.5)), ((50.5, 81.5), (51.5, 81.5)), ((72.5, 90.5), (73.5, 90.5))}"
99,PHbmDBLzKFUqHWIbGMTmUFSmO,20200212,0.6009852216748768,5.0,0.5776540279911135,110.7421875,0.7641509433962265,0.35106382978723405,"{(64, 87), (59, 82), (58, 86), (60, 83), (66, 87), (79, 81), (71, 86), (53, 80), (77, 83), (60, 85), (74, 84), (79, 83), (72, 86), (71, 88), (62, 85), (73, 85), (65, 86), (77, 85), (80, 81), (60, 87), (61, 86), (75, 85), (79, 85), (62, 87), (73, 87), (63, 86), (77, 87), (67, 86), (80, 83), (78, 86), (75, 87), (65, 88), (79, 87), (76, 88), (73, 89), (64, 86), (63, 88), (78, 88), (58, 85), (80, 85), (75, 89), (79, 80), (68, 86), (56, 84), (77, 82), (78, 81), (69, 87), (60, 84), (59, 86), (61, 83), (70, 86), (74, 86), (76, 83), (79, 82), (71, 87), (62, 84), (72, 88), (77, 84), (78, 83), (60, 86), (70, 88), (61, 85), (74, 88), (65, 85), (79, 84), (76, 85), (63, 85), (54, 82), (77, 86), (55, 83), (80, 82), (78, 85), (61, 87), (65, 87), (76, 87), (66, 86), (63, 87), (64, 88), (67, 87), (80, 84), (78, 87), (76, 89), (57, 85), (53, 81), (69, 86), (80, 86), (59, 85), (74, 85), (75, 84), (68, 87), (72, 87), (62, 86), (73, 86), (78, 82), (59, 87), (61, 84), (70, 87), (74, 87), (76, 84), (75, 86), (79, 86), (62, 88), (64, 85), (78, 84), (73, 88), (77, 88), (74, 89), (76, 86), (75, 88)}","{(79, 88), (64, 87), (59, 82), (51, 80), (66, 87), (71, 86), (69, 88), (52, 81), (75, 83), (72, 86), (71, 88), (73, 85), (63, 84), (65, 86), (60, 87), (62, 87), (64, 84), (73, 87), (77, 87), (67, 86), (78, 86), (61, 88), (75, 87), (66, 84), (65, 88), (79, 87), (76, 88), (73, 89), (64, 86), (63, 88), (77, 89), (67, 88), (69, 85), (60, 82), (78, 88), (75, 89), (68, 86), (71, 85), (78, 81), (69, 87), (80, 87), (70, 86), (61, 83), (74, 86), (76, 83), (68, 88), (71, 87), (62, 84), (72, 88), (70, 88), (74, 88), (65, 85), (49, 77), (71, 89), (77, 86), (67, 85), (59, 81), (65, 87), (76, 87), (66, 86), (49, 79), (63, 87), (64, 88), (67, 87), (78, 87), (76, 89), (66, 88), (68, 85), (72, 85), (78, 80), (78, 89), (69, 86), (80, 86), (70, 85), (74, 85), (68, 87), (72, 87), (73, 86), (53, 83), (70, 87), (74, 87), (65, 84), (79, 86), (72, 89), (62, 88), (64, 85), (67, 84), (73, 88), (77, 88), (74, 89), (76, 86), (75, 88), (66, 85), (49, 78)}","{((78.5, 79.5), (79.5, 79.5)), ((58.5, 82.5), (59.5, 82.5)), ((58.5, 81.5), (59.5, 81.5)), ((72.5, 88.5), (72.5, 89.5)), ((57.5, 84.5), (58.5, 84.5)), ((74.5, 83.5), (75.5, 83.5)), ((59.5, 87.5), (60.5, 87.5)), ((59.5, 82.5), (59.5, 83.5)), ((53.5, 81.5), (53.5, 82.5)), ((67.5, 85.5), (68.5, 85.5)), ((65.5, 87.5), (66.5, 87.5)), ((60.5, 87.5), (61.5, 87.5)), ((68.5, 85.5), (69.5, 85.5)), ((59.5, 81.5), (59.5, 82.5)), ((65.5, 85.5), (66.5, 85.5)), ((75.5, 82.5), (76.5, 82.5)), ((77.5, 80.5), (77.5, 81.5)), ((71.5, 88.5), (72.5, 88.5)), ((59.5, 82.5), (60.5, 82.5)), ((52.5, 81.5), (53.5, 81.5)), ((76.5, 81.5), (76.5, 82.5)), ((78.5, 79.5), (78.5, 80.5)), ((80.5, 80.5), (80.5, 81.5)), ((56.5, 84.5), (56.5, 85.5)), ((56.5, 83.5), (56.5, 84.5)), ((63.5, 84.5), (64.5, 84.5)), ((53.5, 82.5), (54.5, 82.5)), ((64.5, 84.5), (65.5, 84.5)), ((61.5, 82.5), (61.5, 83.5)), ((53.5, 81.5), (54.5, 81.5)), ((54.5, 82.5), (55.5, 82.5)), ((75.5, 82.5), (75.5, 83.5)), ((73.5, 83.5), (73.5, 84.5)), ((58.5, 86.5), (58.5, 87.5)), ((57.5, 85.5), (57.5, 86.5)), ((62.5, 88.5), (63.5, 88.5)), ((79.5, 79.5), (79.5, 80.5)), ((76.5, 88.5), (77.5, 88.5)), ((66.5, 87.5), (67.5, 87.5)), ((77.5, 80.5), (78.5, 80.5)), ((64.5, 88.5), (65.5, 88.5)), ((55.5, 82.5), (55.5, 83.5)), ((69.5, 87.5), (69.5, 88.5)), ((73.5, 89.5), (74.5, 89.5)), ((62.5, 83.5), (62.5, 84.5)), ((77.5, 88.5), (78.5, 88.5)), ((74.5, 89.5), (75.5, 89.5)), ((72.5, 84.5), (72.5, 85.5)), ((54.5, 83.5), (55.5, 83.5)), ((52.5, 79.5), (53.5, 79.5)), ((78.5, 87.5), (79.5, 87.5)), ((54.5, 82.5), (54.5, 83.5)), ((75.5, 89.5), (76.5, 89.5)), ((73.5, 83.5), (74.5, 83.5)), ((72.5, 89.5), (73.5, 89.5)), ((65.5, 84.5), (65.5, 85.5)), ((67.5, 87.5), (68.5, 87.5)), ((63.5, 88.5), (64.5, 88.5)), ((59.5, 83.5), (59.5, 84.5)), ((55.5, 83.5), (55.5, 84.5)), ((71.5, 85.5), (72.5, 85.5)), ((60.5, 82.5), (61.5, 82.5)), ((61.5, 83.5), (62.5, 83.5)), ((62.5, 84.5), (63.5, 84.5)), ((52.5, 79.5), (52.5, 80.5)), ((58.5, 84.5), (59.5, 84.5)), ((72.5, 84.5), (73.5, 84.5)), ((55.5, 84.5), (56.5, 84.5)), ((61.5, 88.5), (62.5, 88.5)), ((78.5, 87.5), (78.5, 88.5)), ((79.5, 86.5), (80.5, 86.5)), ((69.5, 85.5), (70.5, 85.5)), ((76.5, 88.5), (76.5, 89.5)), ((68.5, 87.5), (69.5, 87.5)), ((80.5, 81.5), (80.5, 82.5)), ((79.5, 80.5), (80.5, 80.5)), ((58.5, 81.5), (58.5, 82.5)), ((52.5, 80.5), (52.5, 81.5)), ((70.5, 88.5), (71.5, 88.5)), ((53.5, 79.5), (53.5, 80.5)), ((56.5, 85.5), (57.5, 85.5)), ((65.5, 87.5), (65.5, 88.5)), ((61.5, 87.5), (61.5, 88.5)), ((76.5, 81.5), (77.5, 81.5)), ((55.5, 83.5), (56.5, 83.5)), ((56.5, 84.5), (57.5, 84.5)), ((66.5, 85.5), (67.5, 85.5)), ((58.5, 87.5), (59.5, 87.5)), ((57.5, 86.5), (58.5, 86.5)), ((80.5, 82.5), (80.5, 83.5)), ((80.5, 85.5), (80.5, 86.5)), ((79.5, 86.5), (79.5, 87.5)), ((69.5, 88.5), (70.5, 88.5)), ((54.5, 81.5), (54.5, 82.5)), ((53.5, 80.5), (53.5, 81.5)), ((70.5, 85.5), (71.5, 85.5)), ((80.5, 84.5), (80.5, 85.5)), ((80.5, 83.5), (80.5, 84.5))}","{((60.5, 86.5), (60.5, 87.5)), ((51.5, 80.5), (51.5, 81.5)), ((49.5, 78.5), (49.5, 79.5)), ((65.5, 88.5), (66.5, 88.5)), ((74.5, 84.5), (74.5, 85.5)), ((58.5, 80.5), (58.5, 81.5)), ((71.5, 84.5), (72.5, 84.5)), ((77.5, 89.5), (78.5, 89.5)), ((50.5, 79.5), (51.5, 79.5)), ((60.5, 81.5), (60.5, 82.5)), ((59.5, 80.5), (59.5, 81.5)), ((60.5, 88.5), (61.5, 88.5)), ((70.5, 84.5), (71.5, 84.5)), ((62.5, 86.5), (63.5, 86.5)), ((75.5, 85.5), (76.5, 85.5)), ((61.5, 86.5), (61.5, 87.5)), ((80.5, 86.5), (80.5, 87.5)), ((71.5, 89.5), (72.5, 89.5)), ((78.5, 88.5), (78.5, 89.5)), ((76.5, 89.5), (77.5, 89.5)), ((66.5, 88.5), (67.5, 88.5)), ((52.5, 82.5), (53.5, 82.5)), ((74.5, 86.5), (75.5, 86.5)), ((63.5, 85.5), (63.5, 86.5)), ((48.5, 78.5), (48.5, 79.5)), ((79.5, 87.5), (79.5, 88.5)), ((51.5, 80.5), (52.5, 80.5)), ((75.5, 83.5), (76.5, 83.5)), ((69.5, 84.5), (70.5, 84.5)), ((67.5, 88.5), (68.5, 88.5)), ((50.5, 79.5), (50.5, 80.5)), ((49.5, 77.5), (49.5, 78.5)), ((76.5, 82.5), (76.5, 83.5)), ((65.5, 83.5), (66.5, 83.5)), ((48.5, 79.5), (49.5, 79.5)), ((75.5, 85.5), (75.5, 86.5)), ((48.5, 77.5), (48.5, 78.5)), ((58.5, 80.5), (59.5, 80.5)), ((48.5, 76.5), (48.5, 77.5)), ((77.5, 81.5), (78.5, 81.5)), ((63.5, 84.5), (63.5, 85.5)), ((50.5, 80.5), (51.5, 80.5)), ((59.5, 86.5), (60.5, 86.5)), ((68.5, 88.5), (69.5, 88.5)), ((64.5, 83.5), (65.5, 83.5)), ((77.5, 79.5), (77.5, 80.5)), ((78.5, 80.5), (78.5, 81.5)), ((61.5, 83.5), (61.5, 84.5)), ((76.5, 85.5), (77.5, 85.5)), ((53.5, 82.5), (53.5, 83.5)), ((78.5, 88.5), (79.5, 88.5)), ((52.5, 83.5), (53.5, 83.5)), ((79.5, 87.5), (80.5, 87.5)), ((73.5, 84.5), (74.5, 84.5)), ((66.5, 83.5), (67.5, 83.5)), ((51.5, 81.5), (52.5, 81.5)), ((52.5, 82.5), (52.5, 83.5)), ((61.5, 84.5), (62.5, 84.5)), ((48.5, 76.5), (49.5, 76.5)), ((70.5, 88.5), (70.5, 89.5)), ((67.5, 84.5), (68.5, 84.5)), ((62.5, 83.5), (63.5, 83.5)), ((74.5, 82.5), (74.5, 83.5)), ((77.5, 79.5), (78.5, 79.5)), ((63.5, 83.5), (64.5, 83.5)), ((60.5, 82.5), (60.5, 83.5)), ((70.5, 89.5), (71.5, 89.5)), ((59.5, 81.5), (60.5, 81.5)), ((60.5, 83.5), (61.5, 83.5)), ((49.5, 76.5), (49.5, 77.5)), ((59.5, 86.5), (59.5, 87.5)), ((68.5, 84.5), (69.5, 84.5)), ((78.5, 85.5), (79.5, 85.5)), ((60.5, 87.5), (60.5, 88.5)), ((61.5, 86.5), (62.5, 86.5)), ((79.5, 85.5), (80.5, 85.5)), ((74.5, 85.5), (74.5, 86.5)), ((67.5, 83.5), (67.5, 84.5)), ((74.5, 82.5), (75.5, 82.5)), ((51.5, 79.5), (51.5, 80.5)), ((77.5, 85.5), (78.5, 85.5))}"
100,PHbmDBLzKFUqHWIbGMTmUFSmO,20200212,0.23157894736842108,9.219544457292887,1.6153492621861574,69.7265625,0.75,0.65625,"{(71, 87), (62, 84), (62, 87), (73, 87), (63, 86), (64, 87), (72, 88), (69, 86), (77, 87), (67, 86), (78, 86), (60, 86), (58, 86), (75, 87), (74, 85), (75, 84), (66, 87), (65, 85), (79, 84), (76, 85), (76, 86), (68, 87), (74, 88), (76, 88), (63, 85), (71, 86), (73, 89), (64, 86), (72, 87), (62, 86), (73, 86), (77, 86), (78, 85), (70, 87), (58, 85), (61, 87), (75, 89), (74, 87), (75, 86), (65, 87), (76, 87), (66, 86), (68, 86), (72, 86), (63, 87), (71, 88), (73, 88), (64, 85), (67, 87), (77, 85), (78, 87), (69, 87), (77, 88), (59, 86), (70, 86), (60, 87), (61, 86), (75, 85), (74, 89), (65, 86), (75, 88), (74, 86), (57, 85)}","{(68, 88), (62, 84), (72, 88), (58, 80), (50, 79), (70, 88), (74, 88), (65, 88), (76, 88), (73, 89), (63, 88), (53, 83), (78, 79), (77, 89), (59, 81), (67, 88), (78, 88), (69, 88), (75, 89), (71, 88), (63, 84), (72, 89), (73, 88), (64, 88), (58, 81), (77, 88), (61, 83), (60, 81), (74, 89), (75, 88), (76, 89), (66, 88)}","{((72.5, 88.5), (72.5, 89.5)), ((74.5, 83.5), (75.5, 83.5)), ((57.5, 84.5), (58.5, 84.5)), ((59.5, 87.5), (60.5, 87.5)), ((67.5, 85.5), (68.5, 85.5)), ((65.5, 87.5), (66.5, 87.5)), ((60.5, 87.5), (61.5, 87.5)), ((75.5, 84.5), (76.5, 84.5)), ((68.5, 85.5), (69.5, 85.5)), ((65.5, 85.5), (66.5, 85.5)), ((78.5, 85.5), (78.5, 86.5)), ((71.5, 88.5), (72.5, 88.5)), ((75.5, 88.5), (76.5, 88.5)), ((56.5, 84.5), (56.5, 85.5)), ((63.5, 84.5), (64.5, 84.5)), ((64.5, 84.5), (65.5, 84.5)), ((78.5, 84.5), (78.5, 85.5)), ((78.5, 83.5), (78.5, 84.5)), ((77.5, 87.5), (77.5, 88.5)), ((57.5, 85.5), (57.5, 86.5)), ((76.5, 88.5), (77.5, 88.5)), ((66.5, 87.5), (67.5, 87.5)), ((62.5, 84.5), (62.5, 85.5)), ((59.5, 85.5), (60.5, 85.5)), ((62.5, 87.5), (63.5, 87.5)), ((58.5, 84.5), (58.5, 85.5)), ((73.5, 89.5), (74.5, 89.5)), ((62.5, 83.5), (62.5, 84.5)), ((60.5, 85.5), (61.5, 85.5)), ((75.5, 83.5), (75.5, 84.5)), ((74.5, 89.5), (75.5, 89.5)), ((78.5, 84.5), (79.5, 84.5)), ((61.5, 83.5), (61.5, 84.5)), ((72.5, 85.5), (73.5, 85.5)), ((73.5, 84.5), (74.5, 84.5)), ((72.5, 89.5), (73.5, 89.5)), ((65.5, 84.5), (65.5, 85.5)), ((75.5, 88.5), (75.5, 89.5)), ((76.5, 84.5), (77.5, 84.5)), ((67.5, 87.5), (68.5, 87.5)), ((61.5, 84.5), (62.5, 84.5)), ((77.5, 87.5), (78.5, 87.5)), ((71.5, 85.5), (72.5, 85.5)), ((69.5, 87.5), (70.5, 87.5)), ((61.5, 83.5), (62.5, 83.5)), ((78.5, 83.5), (79.5, 83.5)), ((62.5, 84.5), (63.5, 84.5)), ((77.5, 84.5), (78.5, 84.5)), ((69.5, 85.5), (70.5, 85.5)), ((70.5, 87.5), (70.5, 88.5)), ((61.5, 85.5), (62.5, 85.5)), ((63.5, 87.5), (64.5, 87.5)), ((58.5, 86.5), (59.5, 86.5)), ((68.5, 87.5), (69.5, 87.5)), ((70.5, 88.5), (71.5, 88.5)), ((74.5, 83.5), (74.5, 84.5)), ((59.5, 86.5), (59.5, 87.5)), ((58.5, 85.5), (59.5, 85.5)), ((56.5, 85.5), (57.5, 85.5)), ((56.5, 84.5), (57.5, 84.5)), ((66.5, 85.5), (67.5, 85.5)), ((73.5, 84.5), (73.5, 85.5)), ((79.5, 83.5), (79.5, 84.5)), ((61.5, 87.5), (62.5, 87.5)), ((64.5, 87.5), (65.5, 87.5)), ((78.5, 86.5), (78.5, 87.5)), ((57.5, 86.5), (58.5, 86.5)), ((70.5, 85.5), (71.5, 85.5))}","{((57.5, 80.5), (57.5, 81.5)), ((53.5, 82.5), (53.5, 83.5)), ((52.5, 83.5), (53.5, 83.5)), ((49.5, 78.5), (49.5, 79.5)), ((58.5, 81.5), (59.5, 81.5)), ((71.5, 87.5), (72.5, 87.5)), ((65.5, 88.5), (66.5, 88.5)), ((76.5, 87.5), (77.5, 87.5)), ((52.5, 82.5), (52.5, 83.5)), ((75.5, 87.5), (76.5, 87.5)), ((63.5, 88.5), (64.5, 88.5)), ((50.5, 78.5), (50.5, 79.5)), ((60.5, 82.5), (61.5, 82.5)), ((62.5, 83.5), (63.5, 83.5)), ((78.5, 87.5), (78.5, 88.5)), ((62.5, 87.5), (62.5, 88.5)), ((77.5, 88.5), (77.5, 89.5)), ((77.5, 79.5), (78.5, 79.5)), ((71.5, 89.5), (72.5, 89.5)), ((58.5, 79.5), (58.5, 80.5)), ((76.5, 89.5), (77.5, 89.5)), ((66.5, 88.5), (67.5, 88.5)), ((60.5, 82.5), (60.5, 83.5)), ((77.5, 78.5), (77.5, 79.5)), ((52.5, 82.5), (53.5, 82.5)), ((73.5, 87.5), (74.5, 87.5)), ((59.5, 81.5), (60.5, 81.5)), ((60.5, 83.5), (61.5, 83.5)), ((74.5, 87.5), (75.5, 87.5)), ((61.5, 82.5), (61.5, 83.5)), ((67.5, 88.5), (68.5, 88.5)), ((60.5, 80.5), (60.5, 81.5)), ((57.5, 79.5), (57.5, 80.5)), ((49.5, 78.5), (50.5, 78.5)), ((70.5, 87.5), (71.5, 87.5)), ((62.5, 88.5), (63.5, 88.5)), ((58.5, 80.5), (59.5, 80.5)), ((63.5, 83.5), (63.5, 84.5)), ((78.5, 78.5), (78.5, 79.5)), ((64.5, 88.5), (65.5, 88.5)), ((57.5, 81.5), (58.5, 81.5)), ((69.5, 88.5), (70.5, 88.5)), ((49.5, 79.5), (50.5, 79.5)), ((77.5, 88.5), (78.5, 88.5)), ((57.5, 79.5), (58.5, 79.5)), ((72.5, 87.5), (73.5, 87.5)), ((68.5, 88.5), (69.5, 88.5)), ((59.5, 80.5), (60.5, 80.5)), ((75.5, 89.5), (76.5, 89.5)), ((77.5, 78.5), (78.5, 78.5)), ((71.5, 88.5), (71.5, 89.5))}"
101,PHbmDBLzKFUqHWIbGMTmUFSmO,20200212,0.04878048780487806,8.94427190999916,1.6330714557306596,61.5234375,0.7758620689655172,0.9565217391304348,"{(75, 87), (70, 87), (73, 88), (71, 87), (66, 87), (74, 88), (67, 87), (62, 87), (68, 87), (73, 87), (74, 87), (69, 87), (64, 87), (72, 88), (65, 87), (72, 87), (75, 88), (63, 87)}","{(68, 88), (62, 87), (64, 84), (54, 83), (69, 89), (66, 84), (65, 88), (71, 89), (73, 89), (63, 88), (67, 88), (61, 87), (69, 88), (74, 84), (75, 89), (65, 84), (72, 89), (56, 84), (64, 88), (70, 89), (74, 89), (76, 89), (66, 88)}","{((69.5, 86.5), (70.5, 86.5)), ((70.5, 86.5), (71.5, 86.5)), ((66.5, 86.5), (67.5, 86.5)), ((73.5, 86.5), (74.5, 86.5)), ((65.5, 87.5), (66.5, 87.5)), ((67.5, 87.5), (68.5, 87.5)), ((73.5, 88.5), (74.5, 88.5)), ((69.5, 87.5), (70.5, 87.5)), ((71.5, 88.5), (72.5, 88.5)), ((62.5, 86.5), (63.5, 86.5)), ((61.5, 86.5), (61.5, 87.5)), ((71.5, 87.5), (71.5, 88.5)), ((63.5, 87.5), (64.5, 87.5)), ((74.5, 86.5), (75.5, 86.5)), ((68.5, 87.5), (69.5, 87.5)), ((63.5, 86.5), (64.5, 86.5)), ((75.5, 87.5), (75.5, 88.5)), ((67.5, 86.5), (68.5, 86.5)), ((71.5, 86.5), (72.5, 86.5)), ((72.5, 86.5), (73.5, 86.5)), ((61.5, 86.5), (62.5, 86.5)), ((70.5, 87.5), (71.5, 87.5)), ((64.5, 86.5), (65.5, 86.5)), ((66.5, 87.5), (67.5, 87.5)), ((68.5, 86.5), (69.5, 86.5)), ((62.5, 87.5), (63.5, 87.5)), ((72.5, 88.5), (73.5, 88.5)), ((61.5, 87.5), (62.5, 87.5)), ((75.5, 86.5), (75.5, 87.5)), ((64.5, 87.5), (65.5, 87.5)), ((65.5, 86.5), (66.5, 86.5)), ((74.5, 88.5), (75.5, 88.5))}","{((60.5, 86.5), (60.5, 87.5)), ((53.5, 82.5), (53.5, 83.5)), ((69.5, 89.5), (70.5, 89.5)), ((73.5, 84.5), (74.5, 84.5)), ((72.5, 89.5), (73.5, 89.5)), ((65.5, 88.5), (66.5, 88.5)), ((60.5, 87.5), (61.5, 87.5)), ((63.5, 88.5), (64.5, 88.5)), ((55.5, 83.5), (55.5, 84.5)), ((53.5, 83.5), (54.5, 83.5)), ((55.5, 84.5), (56.5, 84.5)), ((62.5, 87.5), (62.5, 88.5)), ((63.5, 83.5), (64.5, 83.5)), ((71.5, 89.5), (72.5, 89.5)), ((75.5, 88.5), (76.5, 88.5)), ((76.5, 88.5), (76.5, 89.5)), ((66.5, 88.5), (67.5, 88.5)), ((70.5, 89.5), (71.5, 89.5)), ((56.5, 83.5), (56.5, 84.5)), ((60.5, 86.5), (61.5, 86.5)), ((63.5, 84.5), (64.5, 84.5)), ((53.5, 82.5), (54.5, 82.5)), ((64.5, 84.5), (65.5, 84.5)), ((70.5, 88.5), (71.5, 88.5)), ((67.5, 88.5), (68.5, 88.5)), ((74.5, 83.5), (74.5, 84.5)), ((65.5, 84.5), (66.5, 84.5)), ((68.5, 88.5), (68.5, 89.5)), ((75.5, 89.5), (76.5, 89.5)), ((65.5, 83.5), (66.5, 83.5)), ((73.5, 83.5), (73.5, 84.5)), ((62.5, 88.5), (63.5, 88.5)), ((55.5, 83.5), (56.5, 83.5)), ((63.5, 83.5), (63.5, 84.5)), ((62.5, 86.5), (62.5, 87.5)), ((66.5, 83.5), (66.5, 84.5)), ((69.5, 87.5), (69.5, 88.5)), ((64.5, 88.5), (65.5, 88.5)), ((68.5, 89.5), (69.5, 89.5)), ((69.5, 88.5), (70.5, 88.5)), ((73.5, 89.5), (74.5, 89.5)), ((74.5, 89.5), (75.5, 89.5)), ((64.5, 83.5), (65.5, 83.5)), ((54.5, 82.5), (54.5, 83.5)), ((73.5, 83.5), (74.5, 83.5))}"
102,PHbmDBLzKFUqHWIbGMTmUFSmO,20200212,0.0,,,32.8125,1.0,1.0,set(),"{(72, 89), (67, 88), (68, 88), (70, 84), (68, 84), (69, 88), (69, 84), (70, 89), (71, 89), (69, 89)}",set(),"{((68.5, 87.5), (69.5, 87.5)), ((68.5, 83.5), (69.5, 83.5)), ((69.5, 84.5), (70.5, 84.5)), ((69.5, 89.5), (70.5, 89.5)), ((72.5, 88.5), (72.5, 89.5)), ((70.5, 88.5), (71.5, 88.5)), ((67.5, 88.5), (68.5, 88.5)), ((70.5, 89.5), (71.5, 89.5)), ((68.5, 88.5), (68.5, 89.5)), ((68.5, 84.5), (69.5, 84.5)), ((67.5, 87.5), (68.5, 87.5)), ((67.5, 83.5), (68.5, 83.5)), ((66.5, 87.5), (67.5, 87.5)), ((67.5, 83.5), (67.5, 84.5)), ((71.5, 88.5), (72.5, 88.5)), ((67.5, 84.5), (68.5, 84.5)), ((69.5, 87.5), (69.5, 88.5)), ((68.5, 89.5), (69.5, 89.5)), ((69.5, 88.5), (70.5, 88.5)), ((70.5, 83.5), (70.5, 84.5)), ((71.5, 89.5), (72.5, 89.5)), ((69.5, 83.5), (70.5, 83.5)), ((66.5, 88.5), (67.5, 88.5)), ((66.5, 87.5), (66.5, 88.5))}"
103,PHbmDBLzKFUqHWIbGMTmUFSmO,20200212,inf,,,0.0,0.0,0.0,set(),set(),set(),set()
104,PHbmDBLzKFUqHWIbGMTmUFSmO,20200212,inf,,,0.0,0.0,0.0,set(),set(),set(),set()
105,PHbmDBLzKFUqHWIbGMTmUFSmO,20200212,inf,,,0.0,0.0,0.0,set(),set(),set(),set()
106,PHbmDBLzKFUqHWIbGMTmUFSmO,20200212,inf,,,0.0,0.0,0.0,set(),set(),set(),set()
107,PHbmDBLzKFUqHWIbGMTmUFSmO,20200212,inf,,,0.0,0.0,0.0,set(),set(),set(),set()
108,PHbmDBLzKFUqHWIbGMTmUFSmO,20200212,inf,,,0.0,0.0,0.0,set(),set(),set(),set()
109,PHbmDBLzKFUqHWIbGMTmUFSmO,20200212,inf,,,0.0,0.0,0.0,set(),set(),set(),set()
110,PHbmDBLzKFUqHWIbGMTmUFSmO,20200212,inf,,,0.0,0.0,0.0,set(),set(),set(),set()
111,PHbmDBLzKFUqHWIbGMTmUFSmO,20200212,inf,,,0.0,0.0,0.0,set(),set(),set(),set()
112,PHbmDBLzKFUqHWIbGMTmUFSmO,20200212,inf,,,0.0,0.0,0.0,set(),set(),set(),set()
113,PHbmDBLzKFUqHWIbGMTmUFSmO,20200212,inf,,,0.0,0.0,0.0,set(),set(),set(),set()
114,PHbmDBLzKFUqHWIbGMTmUFSmO,20200212,inf,,,0.0,0.0,0.0,set(),set(),set(),set()
115,PHbmDBLzKFUqHWIbGMTmUFSmO,20200212,inf,,,0.0,0.0,0.0,set(),set(),set(),set()
116,PHbmDBLzKFUqHWIbGMTmUFSmO,20200212,inf,,,0.0,0.0,0.0,set(),set(),set(),set()
117,PHbmDBLzKFUqHWIbGMTmUFSmO,20200212,inf,,,0.0,0.0,0.0,set(),set(),set(),set()
118,PHbmDBLzKFUqHWIbGMTmUFSmO,20200212,inf,,,0.0,0.0,0.0,set(),set(),set(),set()
119,PHbmDBLzKFUqHWIbGMTmUFSmO,20200212,inf,,,0.0,0.0,0.0,set(),set(),set(),set()
120,PHbmDBLzKFUqHWIbGMTmUFSmO,20200212,inf,,,0.0,0.0,0.0,set(),set(),set(),set()
121,PHbmDBLzKFUqHWIbGMTmUFSmO,20200212,inf,,,0.0,0.0,0.0,set(),set(),set(),set()
122,PHbmDBLzKFUqHWIbGMTmUFSmO,20200212,inf,,,0.0,0.0,0.0,set(),set(),set(),set()
123,PHbmDBLzKFUqHWIbGMTmUFSmO,20200212,inf,,,0.0,0.0,0.0,set(),set(),set(),set()
124,PHbmDBLzKFUqHWIbGMTmUFSmO,20200212,inf,,,0.0,0.0,0.0,set(),set(),set(),set()
125,PHbmDBLzKFUqHWIbGMTmUFSmO,20200212,inf,,,0.0,0.0,0.0,set(),set(),set(),set()
126,PHbmDBLzKFUqHWIbGMTmUFSmO,20200212,inf,,,0.0,0.0,0.0,set(),set(),set(),set()
127,PHbmDBLzKFUqHWIbGMTmUFSmO,20200212,inf,,,0.0,0.0,0.0,set(),set(),set(),set()
128,PHbmDBLzKFUqHWIbGMTmUFSmO,20200212,inf,,,0.0,0.0,0.0,set(),set(),set(),set()
129,PHbmDBLzKFUqHWIbGMTmUFSmO,20200212,inf,,,0.0,0.0,0.0,set(),set(),set(),set()
130,PHbmDBLzKFUqHWIbGMTmUFSmO,20200212,inf,,,0.0,0.0,0.0,set(),set(),set(),set()
131,PHbmDBLzKFUqHWIbGMTmUFSmO,20200212,inf,,,0.0,0.0,0.0,set(),set(),set(),set()
132,PHbmDBLzKFUqHWIbGMTmUFSmO,20200212,inf,,,0.0,0.0,0.0,set(),set(),set(),set()
133,PHbmDBLzKFUqHWIbGMTmUFSmO,20200212,inf,,,0.0,0.0,0.0,set(),set(),set(),set()
134,PHbmDBLzKFUqHWIbGMTmUFSmO,20200212,inf,,,0.0,0.0,0.0,set(),set(),set(),set()
135,PHbmDBLzKFUqHWIbGMTmUFSmO,20200212,inf,,,0.0,0.0,0.0,set(),set(),set(),set()
136,PHbmDBLzKFUqHWIbGMTmUFSmO,20200212,inf,,,0.0,0.0,0.0,set(),set(),set(),set()
137,PHbmDBLzKFUqHWIbGMTmUFSmO,20200212,inf,,,0.0,0.0,0.0,set(),set(),set(),set()
138,PHbmDBLzKFUqHWIbGMTmUFSmO,20200212,inf,,,0.0,0.0,0.0,set(),set(),set(),set()
139,PHbmDBLzKFUqHWIbGMTmUFSmO,20200212,inf,,,0.0,0.0,0.0,set(),set(),set(),set()
140,PHbmDBLzKFUqHWIbGMTmUFSmO,20200212,inf,,,0.0,0.0,0.0,set(),set(),set(),set()
141,PHbmDBLzKFUqHWIbGMTmUFSmO,20200212,inf,,,0.0,0.0,0.0,set(),set(),set(),set()
142,PHbmDBLzKFUqHWIbGMTmUFSmO,20200212,inf,,,0.0,0.0,0.0,set(),set(),set(),set()
143,PHbmDBLzKFUqHWIbGMTmUFSmO,20200212,inf,,,0.0,0.0,0.0,set(),set(),set(),set()
144,PHbmDBLzKFUqHWIbGMTmUFSmO,20200212,inf,,,0.0,0.0,0.0,set(),set(),set(),set()
145,PHbmDBLzKFUqHWIbGMTmUFSmO,20200212,inf,,,0.0,0.0,0.0,set(),set(),set(),set()
146,PHbmDBLzKFUqHWIbGMTmUFSmO,20200212,inf,,,0.0,0.0,0.0,set(),set(),set(),set()
147,PHbmDBLzKFUqHWIbGMTmUFSmO,20200212,inf,,,0.0,0.0,0.0,set(),set(),set(),set()
148,PHbmDBLzKFUqHWIbGMTmUFSmO,20200212,inf,,,0.0,0.0,0.0,set(),set(),set(),set()
149,PHbmDBLzKFUqHWIbGMTmUFSmO,20200212,inf,,,0.0,0.0,0.0,set(),set(),set(),set()
150,PHbmDBLzKFUqHWIbGMTmUFSmO,20200212,inf,,,0.0,0.0,0.0,set(),set(),set(),set()
151,PHbmDBLzKFUqHWIbGMTmUFSmO,20200212,inf,,,0.0,0.0,0.0,set(),set(),set(),set()
152,PHbmDBLzKFUqHWIbGMTmUFSmO,20200212,inf,,,0.0,0.0,0.0,set(),set(),set(),set()
153,PHbmDBLzKFUqHWIbGMTmUFSmO,20200212,inf,,,0.0,0.0,0.0,set(),set(),set(),set()
154,PHbmDBLzKFUqHWIbGMTmUFSmO,20200212,inf,,,0.0,0.0,0.0,set(),set(),set(),set()
155,PHbmDBLzKFUqHWIbGMTmUFSmO,20200212,inf,,,0.0,0.0,0.0,set(),set(),set(),set()
156,PHbmDBLzKFUqHWIbGMTmUFSmO,20200212,inf,,,0.0,0.0,0.0,set(),set(),set(),set()
157,PHbmDBLzKFUqHWIbGMTmUFSmO,20200212,inf,,,0.0,0.0,0.0,set(),set(),set(),set()
158,PHbmDBLzKFUqHWIbGMTmUFSmO,20200212,inf,,,0.0,0.0,0.0,set(),set(),set(),set()
159,PHbmDBLzKFUqHWIbGMTmUFSmO,20200212,inf,,,0.0,0.0,0.0,set(),set(),set(),set()
160,PHbmDBLzKFUqHWIbGMTmUFSmO,20200212,inf,,,0.0,0.0,0.0,set(),set(),set(),set()
161,PHbmDBLzKFUqHWIbGMTmUFSmO,20200212,inf,,,0.0,0.0,0.0,set(),set(),set(),set()
162,PHbmDBLzKFUqHWIbGMTmUFSmO,20200212,inf,,,0.0,0.0,0.0,set(),set(),set(),set()
163,PHbmDBLzKFUqHWIbGMTmUFSmO,20200212,inf,,,0.0,0.0,0.0,set(),set(),set(),set()
164,PHbmDBLzKFUqHWIbGMTmUFSmO,20200212,inf,,,0.0,0.0,0.0,set(),set(),set(),set()
165,PHbmDBLzKFUqHWIbGMTmUFSmO,20200212,inf,,,0.0,0.0,0.0,set(),set(),set(),set()
166,PHbmDBLzKFUqHWIbGMTmUFSmO,20200212,inf,,,0.0,0.0,0.0,set(),set(),set(),set()
167,PHbmDBLzKFUqHWIbGMTmUFSmO,20200212,inf,,,0.0,0.0,0.0,set(),set(),set(),set()
168,PHbmDBLzKFUqHWIbGMTmUFSmO,20200212,inf,,,0.0,0.0,0.0,set(),set(),set(),set()
169,PHbmDBLzKFUqHWIbGMTmUFSmO,20200212,inf,,,0.0,0.0,0.0,set(),set(),set(),set()
170,PHbmDBLzKFUqHWIbGMTmUFSmO,20200212,inf,,,0.0,0.0,0.0,set(),set(),set(),set()
171,PHbmDBLzKFUqHWIbGMTmUFSmO,20200212,inf,,,0.0,0.0,0.0,set(),set(),set(),set()
172,PHbmDBLzKFUqHWIbGMTmUFSmO,20200212,inf,,,0.0,0.0,0.0,set(),set(),set(),set()
173,PHbmDBLzKFUqHWIbGMTmUFSmO,20200212,inf,,,0.0,0.0,0.0,set(),set(),set(),set()
174,PHbmDBLzKFUqHWIbGMTmUFSmO,20200212,inf,,,0.0,0.0,0.0,set(),set(),set(),set()
175,PHbmDBLzKFUqHWIbGMTmUFSmO,20200212,inf,,,0.0,0.0,0.0,set(),set(),set(),set()
176,PHbmDBLzKFUqHWIbGMTmUFSmO,20200212,inf,,,0.0,0.0,0.0,set(),set(),set(),set()
177,PHbmDBLzKFUqHWIbGMTmUFSmO,20200212,inf,,,0.0,0.0,0.0,set(),set(),set(),set()
178,PHbmDBLzKFUqHWIbGMTmUFSmO,20200212,inf,,,0.0,0.0,0.0,set(),set(),set(),set()
179,PHbmDBLzKFUqHWIbGMTmUFSmO,20200212,inf,,,0.0,0.0,0.0,set(),set(),set(),set()
180,PHbmDBLzKFUqHWIbGMTmUFSmO,20200212,inf,,,0.0,0.0,0.0,set(),set(),set(),set()
181,PHbmDBLzKFUqHWIbGMTmUFSmO,20200212,inf,,,0.0,0.0,0.0,set(),set(),set(),set()
182,PHbmDBLzKFUqHWIbGMTmUFSmO,20200212,inf,,,0.0,0.0,0.0,set(),set(),set(),set()
183,PHbmDBLzKFUqHWIbGMTmUFSmO,20200212,inf,,,0.0,0.0,0.0,set(),set(),set(),set()
184,PHbmDBLzKFUqHWIbGMTmUFSmO,20200212,inf,,,0.0,0.0,0.0,set(),set(),set(),set()
185,PHbmDBLzKFUqHWIbGMTmUFSmO,20200212,inf,,,0.0,0.0,0.0,set(),set(),set(),set()
186,PHbmDBLzKFUqHWIbGMTmUFSmO,20200212,inf,,,0.0,0.0,0.0,set(),set(),set(),set()
187,PHbmDBLzKFUqHWIbGMTmUFSmO,20200212,inf,,,0.0,0.0,0.0,set(),set(),set(),set()
188,PHbmDBLzKFUqHWIbGMTmUFSmO,20200212,inf,,,0.0,0.0,0.0,set(),set(),set(),set()
189,PHbmDBLzKFUqHWIbGMTmUFSmO,20200212,inf,,,0.0,0.0,0.0,set(),set(),set(),set()
190,PHbmDBLzKFUqHWIbGMTmUFSmO,20200212,inf,,,0.0,0.0,0.0,set(),set(),set(),set()
191,PHbmDBLzKFUqHWIbGMTmUFSmO,20200212,inf,,,0.0,0.0,0.0,set(),set(),set(),set()
192,PHbmDBLzKFUqHWIbGMTmUFSmO,20200212,inf,,,0.0,0.0,0.0,set(),set(),set(),set()
193,PHbmDBLzKFUqHWIbGMTmUFSmO,20200212,inf,,,0.0,0.0,0.0,set(),set(),set(),set()
194,PHbmDBLzKFUqHWIbGMTmUFSmO,20200212,inf,,,0.0,0.0,0.0,set(),set(),set(),set()
195,PHbmDBLzKFUqHWIbGMTmUFSmO,20200212,inf,,,0.0,0.0,0.0,set(),set(),set(),set()
196,PHbmDBLzKFUqHWIbGMTmUFSmO,20200212,inf,,,0.0,0.0,0.0,set(),set(),set(),set()
197,PHbmDBLzKFUqHWIbGMTmUFSmO,20200212,inf,,,0.0,0.0,0.0,set(),set(),set(),set()
198,PHbmDBLzKFUqHWIbGMTmUFSmO,20200212,inf,,,0.0,0.0,0.0,set(),set(),set(),set()
199,PHbmDBLzKFUqHWIbGMTmUFSmO,20200212,inf,,,0.0,0.0,0.0,set(),set(),set(),set()
200,PHbmDBLzKFUqHWIbGMTmUFSmO,20200212,inf,,,0.0,0.0,0.0,set(),set(),set(),set()
201,PHbmDBLzKFUqHWIbGMTmUFSmO,20200212,inf,,,0.0,0.0,0.0,set(),set(),set(),set()
202,PHbmDBLzKFUqHWIbGMTmUFSmO,20200212,inf,,,0.0,0.0,0.0,set(),set(),set(),set()
203,PHbmDBLzKFUqHWIbGMTmUFSmO,20200212,inf,,,0.0,0.0,0.0,set(),set(),set(),set()
0,HNCDL_141,20160926,inf,,,0.0,0.0,0.0,set(),set(),set(),set()
1,HNCDL_141,20160926,inf,,,0.0,0.0,0.0,set(),set(),set(),set()
2,HNCDL_141,20160926,inf,,,0.0,0.0,0.0,set(),set(),set(),set()
3,HNCDL_141,20160926,inf,,,0.0,0.0,0.0,set(),set(),set(),set()
4,HNCDL_141,20160926,inf,,,0.0,0.0,0.0,set(),set(),set(),set()
5,HNCDL_141,20160926,inf,,,0.0,0.0,0.0,set(),set(),set(),set()
6,HNCDL_141,20160926,inf,,,0.0,0.0,0.0,set(),set(),set(),set()
7,HNCDL_141,20160926,inf,,,0.0,0.0,0.0,set(),set(),set(),set()
8,HNCDL_141,20160926,inf,,,0.0,0.0,0.0,set(),set(),set(),set()
9,HNCDL_141,20160926,inf,,,0.0,0.0,0.0,set(),set(),set(),set()
10,HNCDL_141,20160926,inf,,,0.0,0.0,0.0,set(),set(),set(),set()
11,HNCDL_141,20160926,inf,,,0.0,0.0,0.0,set(),set(),set(),set()
12,HNCDL_141,20160926,inf,,,0.0,0.0,0.0,set(),set(),set(),set()
13,HNCDL_141,20160926,inf,,,0.0,0.0,0.0,set(),set(),set(),set()
14,HNCDL_141,20160926,inf,,,0.0,0.0,0.0,set(),set(),set(),set()
15,HNCDL_141,20160926,inf,,,0.0,0.0,0.0,set(),set(),set(),set()
16,HNCDL_141,20160926,inf,,,0.0,0.0,0.0,set(),set(),set(),set()
17,HNCDL_141,20160926,inf,,,0.0,0.0,0.0,set(),set(),set(),set()
18,HNCDL_141,20160926,inf,,,0.0,0.0,0.0,set(),set(),set(),set()
19,HNCDL_141,20160926,inf,,,0.0,0.0,0.0,set(),set(),set(),set()
20,HNCDL_141,20160926,inf,,,0.0,0.0,0.0,set(),set(),set(),set()
21,HNCDL_141,20160926,inf,,,0.0,0.0,0.0,set(),set(),set(),set()
22,HNCDL_141,20160926,inf,,,0.0,0.0,0.0,set(),set(),set(),set()
23,HNCDL_141,20160926,inf,,,0.0,0.0,0.0,set(),set(),set(),set()
24,HNCDL_141,20160926,inf,,,0.0,0.0,0.0,set(),set(),set(),set()
25,HNCDL_141,20160926,inf,,,0.0,0.0,0.0,set(),set(),set(),set()
26,HNCDL_141,20160926,inf,,,0.0,0.0,0.0,set(),set(),set(),set()
27,HNCDL_141,20160926,inf,,,0.0,0.0,0.0,set(),set(),set(),set()
28,HNCDL_141,20160926,inf,,,0.0,0.0,0.0,set(),set(),set(),set()
29,HNCDL_141,20160926,inf,,,0.0,0.0,0.0,set(),set(),set(),set()
30,HNCDL_141,20160926,inf,,,0.0,0.0,0.0,set(),set(),set(),set()
31,HNCDL_141,20160926,inf,,,0.0,0.0,0.0,set(),set(),set(),set()
32,HNCDL_141,20160926,inf,,,0.0,0.0,0.0,set(),set(),set(),set()
33,HNCDL_141,20160926,inf,,,0.0,0.0,0.0,set(),set(),set(),set()
34,HNCDL_141,20160926,inf,,,0.0,0.0,0.0,set(),set(),set(),set()
35,HNCDL_141,20160926,inf,,,0.0,0.0,0.0,set(),set(),set(),set()
36,HNCDL_141,20160926,inf,,,0.0,0.0,0.0,set(),set(),set(),set()
37,HNCDL_141,20160926,inf,,,0.0,0.0,0.0,set(),set(),set(),set()
38,HNCDL_141,20160926,inf,,,0.0,0.0,0.0,set(),set(),set(),set()
39,HNCDL_141,20160926,inf,,,0.0,0.0,0.0,set(),set(),set(),set()
40,HNCDL_141,20160926,inf,,,0.0,0.0,0.0,set(),set(),set(),set()
41,HNCDL_141,20160926,inf,,,0.0,0.0,0.0,set(),set(),set(),set()
42,HNCDL_141,20160926,inf,,,0.0,0.0,0.0,set(),set(),set(),set()
43,HNCDL_141,20160926,inf,,,0.0,0.0,0.0,set(),set(),set(),set()
44,HNCDL_141,20160926,inf,,,0.0,0.0,0.0,set(),set(),set(),set()
45,HNCDL_141,20160926,inf,,,0.0,0.0,0.0,set(),set(),set(),set()
46,HNCDL_141,20160926,inf,,,0.0,0.0,0.0,set(),set(),set(),set()
47,HNCDL_141,20160926,inf,,,0.0,0.0,0.0,set(),set(),set(),set()
48,HNCDL_141,20160926,inf,,,0.0,0.0,0.0,set(),set(),set(),set()
49,HNCDL_141,20160926,inf,,,0.0,0.0,0.0,set(),set(),set(),set()
50,HNCDL_141,20160926,inf,,,0.0,0.0,0.0,set(),set(),set(),set()
51,HNCDL_141,20160926,inf,,,0.0,0.0,0.0,set(),set(),set(),set()
52,HNCDL_141,20160926,0.0,,,0.0,0.0,0.0,"{(79, 88), (64, 87), (83, 85), (66, 87), (81, 87), (71, 86), (82, 86), (69, 88), (83, 87), (80, 88), (71, 88), (62, 85), (82, 88), (85, 86), (62, 87), (73, 87), (63, 86), (77, 87), (67, 86), (78, 86), (75, 87), (65, 88), (79, 87), (76, 88), (64, 86), (63, 88), (84, 86), (67, 88), (78, 88), (81, 86), (68, 86), (82, 85), (84, 88), (86, 85), (69, 87), (80, 87), (70, 86), (68, 88), (71, 87), (82, 87), (72, 88), (86, 87), (70, 88), (74, 88), (65, 85), (63, 85), (77, 86), (67, 85), (65, 87), (76, 87), (66, 86), (63, 87), (84, 85), (64, 88), (67, 87), (78, 87), (83, 86), (66, 88), (81, 88), (84, 87), (69, 86), (80, 86), (83, 88), (85, 85), (68, 87), (72, 87), (86, 86), (62, 86), (70, 87), (74, 87), (85, 87), (79, 86), (73, 88), (64, 85), (77, 88), (65, 86), (75, 88), (66, 85)}",set(),"{((78.5, 88.5), (79.5, 88.5)), ((84.5, 84.5), (85.5, 84.5)), ((80.5, 85.5), (81.5, 85.5)), ((84.5, 87.5), (85.5, 87.5)), ((81.5, 88.5), (82.5, 88.5)), ((86.5, 86.5), (86.5, 87.5)), ((65.5, 88.5), (66.5, 88.5)), ((73.5, 86.5), (74.5, 86.5)), ((67.5, 85.5), (68.5, 85.5)), ((63.5, 88.5), (64.5, 88.5)), ((61.5, 84.5), (62.5, 84.5)), ((68.5, 85.5), (69.5, 85.5)), ((73.5, 88.5), (74.5, 88.5)), ((85.5, 87.5), (86.5, 87.5)), ((71.5, 88.5), (72.5, 88.5)), ((62.5, 84.5), (63.5, 84.5)), ((66.5, 84.5), (67.5, 84.5)), ((82.5, 88.5), (83.5, 88.5)), ((62.5, 87.5), (62.5, 88.5)), ((61.5, 86.5), (61.5, 87.5)), ((69.5, 85.5), (70.5, 85.5)), ((83.5, 84.5), (84.5, 84.5)), ((79.5, 88.5), (80.5, 88.5)), ((86.5, 84.5), (86.5, 85.5)), ((81.5, 84.5), (82.5, 84.5)), ((75.5, 88.5), (76.5, 88.5)), ((86.5, 85.5), (86.5, 86.5)), ((66.5, 88.5), (67.5, 88.5)), ((74.5, 86.5), (75.5, 86.5)), ((85.5, 84.5), (86.5, 84.5)), ((63.5, 84.5), (64.5, 84.5)), ((83.5, 88.5), (84.5, 88.5)), ((64.5, 84.5), (65.5, 84.5)), ((70.5, 88.5), (71.5, 88.5)), ((67.5, 88.5), (68.5, 88.5)), ((75.5, 86.5), (76.5, 86.5)), ((61.5, 84.5), (61.5, 85.5)), ((71.5, 85.5), (71.5, 86.5)), ((65.5, 84.5), (66.5, 84.5)), ((71.5, 86.5), (72.5, 86.5)), ((72.5, 86.5), (73.5, 86.5)), ((84.5, 87.5), (84.5, 88.5)), ((78.5, 85.5), (79.5, 85.5)), ((76.5, 85.5), (76.5, 86.5)), ((62.5, 88.5), (63.5, 88.5)), ((80.5, 88.5), (81.5, 88.5)), ((67.5, 84.5), (67.5, 85.5)), ((79.5, 85.5), (80.5, 85.5)), ((76.5, 88.5), (77.5, 88.5)), ((64.5, 88.5), (65.5, 88.5)), ((69.5, 88.5), (70.5, 88.5)), ((82.5, 84.5), (83.5, 84.5)), ((61.5, 85.5), (61.5, 86.5)), ((77.5, 88.5), (78.5, 88.5)), ((72.5, 88.5), (73.5, 88.5)), ((61.5, 87.5), (62.5, 87.5)), ((77.5, 85.5), (78.5, 85.5)), ((68.5, 88.5), (69.5, 88.5)), ((81.5, 84.5), (81.5, 85.5)), ((74.5, 88.5), (75.5, 88.5)), ((76.5, 85.5), (77.5, 85.5)), ((70.5, 85.5), (71.5, 85.5))}",set()
53,HNCDL_141,20160926,0.0,,,0.0,0.0,0.0,"{(79, 88), (64, 87), (83, 85), (66, 87), (81, 87), (71, 86), (82, 86), (64, 89), (69, 88), (83, 87), (80, 88), (66, 89), (88, 86), (81, 89), (72, 86), (71, 88), (62, 85), (82, 88), (65, 86), (86, 88), (83, 89), (85, 86), (61, 86), (62, 87), (73, 87), (63, 86), (77, 87), (67, 86), (78, 86), (75, 87), (65, 88), (79, 87), (76, 88), (73, 89), (64, 86), (63, 88), (84, 86), (77, 89), (67, 88), (78, 88), (75, 89), (79, 89), (81, 86), (68, 86), (82, 85), (84, 88), (86, 85), (69, 87), (80, 87), (70, 86), (68, 88), (71, 87), (82, 87), (72, 88), (86, 87), (87, 86), (69, 89), (80, 89), (70, 88), (74, 88), (65, 85), (88, 87), (85, 88), (71, 89), (82, 89), (63, 85), (77, 86), (67, 85), (61, 87), (65, 87), (76, 87), (66, 86), (63, 87), (84, 85), (64, 88), (67, 87), (78, 87), (83, 86), (65, 89), (76, 89), (66, 88), (81, 88), (84, 87), (67, 89), (69, 86), (80, 86), (78, 89), (83, 88), (85, 85), (68, 87), (72, 87), (86, 86), (62, 86), (87, 85), (84, 89), (70, 87), (74, 87), (85, 87), (68, 89), (79, 86), (72, 89), (62, 88), (64, 85), (87, 87), (73, 88), (70, 89), (77, 88), (74, 89), (76, 86), (75, 88), (66, 85)}",set(),"{((60.5, 86.5), (60.5, 87.5)), ((87.5, 87.5), (88.5, 87.5)), ((84.5, 84.5), (85.5, 84.5)), ((80.5, 85.5), (81.5, 85.5)), ((73.5, 86.5), (74.5, 86.5)), ((67.5, 85.5), (68.5, 85.5)), ((83.5, 89.5), (84.5, 89.5)), ((60.5, 87.5), (61.5, 87.5)), ((68.5, 85.5), (69.5, 85.5)), ((77.5, 89.5), (78.5, 89.5)), ((82.5, 89.5), (83.5, 89.5)), ((84.5, 88.5), (84.5, 89.5)), ((66.5, 84.5), (67.5, 84.5)), ((60.5, 85.5), (60.5, 86.5)), ((75.5, 85.5), (76.5, 85.5)), ((79.5, 89.5), (80.5, 89.5)), ((66.5, 89.5), (67.5, 89.5)), ((83.5, 84.5), (84.5, 84.5)), ((71.5, 89.5), (72.5, 89.5)), ((81.5, 84.5), (82.5, 84.5)), ((76.5, 89.5), (77.5, 89.5)), ((74.5, 86.5), (75.5, 86.5)), ((81.5, 89.5), (82.5, 89.5)), ((85.5, 84.5), (86.5, 84.5)), ((63.5, 84.5), (64.5, 84.5)), ((63.5, 88.5), (63.5, 89.5)), ((64.5, 84.5), (65.5, 84.5)), ((65.5, 84.5), (66.5, 84.5)), ((72.5, 86.5), (73.5, 86.5)), ((78.5, 89.5), (79.5, 89.5)), ((67.5, 89.5), (68.5, 89.5)), ((75.5, 85.5), (75.5, 86.5)), ((87.5, 84.5), (87.5, 85.5)), ((62.5, 88.5), (63.5, 88.5)), ((84.5, 88.5), (85.5, 88.5)), ((86.5, 87.5), (86.5, 88.5)), ((63.5, 89.5), (64.5, 89.5)), ((65.5, 89.5), (66.5, 89.5)), ((68.5, 89.5), (69.5, 89.5)), ((73.5, 89.5), (74.5, 89.5)), ((60.5, 85.5), (61.5, 85.5)), ((82.5, 84.5), (83.5, 84.5)), ((74.5, 89.5), (75.5, 89.5)), ((88.5, 86.5), (88.5, 87.5)), ((81.5, 84.5), (81.5, 85.5)), ((75.5, 89.5), (76.5, 89.5)), ((76.5, 85.5), (77.5, 85.5)), ((69.5, 89.5), (70.5, 89.5)), ((72.5, 89.5), (73.5, 89.5)), ((61.5, 84.5), (62.5, 84.5)), ((88.5, 85.5), (88.5, 86.5)), ((71.5, 85.5), (72.5, 85.5)), ((86.5, 87.5), (87.5, 87.5)), ((62.5, 84.5), (63.5, 84.5)), ((61.5, 88.5), (62.5, 88.5)), ((69.5, 85.5), (70.5, 85.5)), ((70.5, 89.5), (71.5, 89.5)), ((72.5, 85.5), (72.5, 86.5)), ((61.5, 84.5), (61.5, 85.5)), ((78.5, 85.5), (79.5, 85.5)), ((61.5, 87.5), (61.5, 88.5)), ((87.5, 85.5), (88.5, 85.5)), ((64.5, 89.5), (65.5, 89.5)), ((67.5, 84.5), (67.5, 85.5)), ((79.5, 85.5), (80.5, 85.5)), ((80.5, 89.5), (81.5, 89.5)), ((86.5, 84.5), (87.5, 84.5)), ((77.5, 85.5), (78.5, 85.5)), ((85.5, 88.5), (86.5, 88.5)), ((70.5, 85.5), (71.5, 85.5))}",set()
54,HNCDL_141,20160926,0.8630705394190871,1.4142135623730951,0.1399253961940213,44.36328125,0.5540540540540541,0.15447154471544716,"{(79, 88), (64, 87), (63, 89), (77, 90), (83, 85), (66, 87), (79, 90), (81, 87), (82, 86), (64, 89), (69, 88), (83, 87), (80, 88), (66, 89), (85, 89), (88, 86), (81, 89), (71, 88), (82, 88), (86, 88), (80, 90), (60, 87), (85, 86), (61, 86), (83, 89), (88, 88), (62, 87), (73, 87), (63, 86), (77, 87), (67, 86), (89, 86), (61, 88), (75, 87), (65, 88), (79, 87), (90, 87), (76, 88), (73, 89), (64, 86), (63, 88), (84, 86), (77, 89), (67, 88), (78, 88), (89, 88), (75, 89), (79, 89), (81, 86), (68, 86), (84, 88), (86, 85), (78, 90), (69, 87), (80, 87), (88, 85), (68, 88), (71, 87), (82, 87), (72, 88), (86, 87), (87, 86), (69, 89), (60, 86), (70, 88), (80, 89), (74, 88), (88, 87), (85, 88), (71, 89), (82, 89), (86, 89), (87, 88), (89, 85), (61, 87), (65, 87), (90, 86), (66, 86), (76, 87), (63, 87), (84, 85), (64, 88), (67, 87), (78, 87), (89, 87), (83, 86), (65, 89), (76, 89), (66, 88), (81, 88), (84, 87), (67, 89), (80, 86), (69, 86), (78, 89), (83, 88), (85, 85), (68, 87), (81, 90), (72, 87), (86, 86), (62, 86), (87, 85), (84, 89), (70, 87), (74, 87), (85, 87), (68, 89), (79, 86), (72, 89), (62, 88), (87, 87), (73, 88), (70, 89), (77, 88), (74, 89), (65, 86), (75, 88)}","{(79, 88), (90, 88), (64, 87), (63, 89), (87, 89), (66, 87), (81, 87), (71, 86), (82, 86), (64, 89), (69, 88), (83, 87), (80, 88), (66, 89), (85, 89), (88, 86), (81, 89), (72, 86), (71, 88), (82, 88), (86, 88), (60, 87), (85, 86), (61, 86), (83, 89), (88, 88), (62, 87), (73, 87), (63, 86), (77, 87), (67, 86), (78, 86), (89, 86), (61, 88), (75, 87), (76, 86), (65, 88), (79, 87), (90, 87), (76, 88), (62, 89), (64, 86), (63, 88), (73, 89), (84, 86), (77, 89), (67, 88), (78, 88), (89, 88), (75, 89), (79, 89), (81, 86), (68, 86), (84, 88), (69, 87), (80, 87), (70, 86), (74, 86), (68, 88), (71, 87), (82, 87), (72, 88), (86, 87), (87, 86), (69, 89), (80, 89), (59, 88), (70, 88), (74, 88), (88, 87), (85, 88), (71, 89), (82, 89), (86, 89), (77, 86), (87, 88), (61, 87), (91, 88), (65, 87), (76, 87), (66, 86), (88, 89), (63, 87), (64, 88), (67, 87), (78, 87), (89, 87), (61, 89), (83, 86), (65, 89), (76, 89), (66, 88), (81, 88), (84, 87), (67, 89), (69, 86), (80, 86), (78, 89), (89, 89), (83, 88), (68, 87), (72, 87), (86, 86), (73, 86), (62, 86), (84, 89), (70, 87), (60, 88), (74, 87), (85, 87), (75, 86), (68, 89), (79, 86), (72, 89), (62, 88), (87, 87), (73, 88), (70, 89), (77, 88), (91, 87), (74, 89), (65, 86), (75, 88)}","{((89.5, 87.5), (89.5, 88.5)), ((70.5, 86.5), (71.5, 86.5)), ((80.5, 85.5), (81.5, 85.5)), ((84.5, 84.5), (85.5, 84.5)), ((59.5, 87.5), (60.5, 87.5)), ((73.5, 86.5), (74.5, 86.5)), ((62.5, 89.5), (63.5, 89.5)), ((67.5, 85.5), (68.5, 85.5)), ((83.5, 89.5), (84.5, 89.5)), ((89.5, 84.5), (89.5, 85.5)), ((62.5, 88.5), (62.5, 89.5)), ((76.5, 89.5), (76.5, 90.5)), ((68.5, 85.5), (69.5, 85.5)), ((82.5, 89.5), (83.5, 89.5)), ((64.5, 85.5), (65.5, 85.5)), ((65.5, 85.5), (66.5, 85.5)), ((78.5, 85.5), (78.5, 86.5)), ((60.5, 88.5), (61.5, 88.5)), ((87.5, 84.5), (88.5, 84.5)), ((66.5, 89.5), (67.5, 89.5)), ((83.5, 84.5), (84.5, 84.5)), ((71.5, 89.5), (72.5, 89.5)), ((87.5, 88.5), (88.5, 88.5)), ((79.5, 90.5), (80.5, 90.5)), ((74.5, 86.5), (75.5, 86.5)), ((81.5, 89.5), (82.5, 89.5)), ((59.5, 85.5), (59.5, 86.5)), ((85.5, 84.5), (86.5, 84.5)), ((78.5, 90.5), (79.5, 90.5)), ((75.5, 86.5), (76.5, 86.5)), ((88.5, 84.5), (89.5, 84.5)), ((71.5, 86.5), (72.5, 86.5)), ((72.5, 86.5), (73.5, 86.5)), ((62.5, 85.5), (63.5, 85.5)), ((67.5, 89.5), (68.5, 89.5)), ((81.5, 89.5), (81.5, 90.5)), ((90.5, 85.5), (90.5, 86.5)), ((63.5, 89.5), (64.5, 89.5)), ((77.5, 90.5), (78.5, 90.5)), ((59.5, 85.5), (60.5, 85.5)), ((65.5, 89.5), (66.5, 89.5)), ((68.5, 89.5), (69.5, 89.5)), ((73.5, 89.5), (74.5, 89.5)), ((60.5, 85.5), (61.5, 85.5)), ((82.5, 84.5), (83.5, 84.5)), ((74.5, 89.5), (75.5, 89.5)), ((69.5, 85.5), (69.5, 86.5)), ((86.5, 88.5), (86.5, 89.5)), ((84.5, 89.5), (85.5, 89.5)), ((75.5, 89.5), (76.5, 89.5)), ((81.5, 85.5), (82.5, 85.5)), ((69.5, 86.5), (70.5, 86.5)), ((69.5, 89.5), (70.5, 89.5)), ((72.5, 89.5), (73.5, 89.5)), ((63.5, 85.5), (64.5, 85.5)), ((61.5, 88.5), (62.5, 88.5)), ((86.5, 88.5), (87.5, 88.5)), ((76.5, 86.5), (77.5, 86.5)), ((61.5, 85.5), (62.5, 85.5)), ((70.5, 89.5), (71.5, 89.5)), ((77.5, 86.5), (78.5, 86.5)), ((82.5, 84.5), (82.5, 85.5)), ((85.5, 89.5), (86.5, 89.5)), ((59.5, 86.5), (59.5, 87.5)), ((78.5, 85.5), (79.5, 85.5)), ((60.5, 87.5), (60.5, 88.5)), ((90.5, 86.5), (90.5, 87.5)), ((89.5, 87.5), (90.5, 87.5)), ((64.5, 89.5), (65.5, 89.5)), ((79.5, 85.5), (80.5, 85.5)), ((66.5, 85.5), (67.5, 85.5)), ((80.5, 90.5), (81.5, 90.5)), ((76.5, 90.5), (77.5, 90.5)), ((88.5, 88.5), (89.5, 88.5)), ((89.5, 85.5), (90.5, 85.5)), ((86.5, 84.5), (87.5, 84.5))}","{((72.5, 85.5), (73.5, 85.5)), ((87.5, 89.5), (88.5, 89.5)), ((89.5, 86.5), (90.5, 86.5)), ((86.5, 85.5), (87.5, 85.5)), ((74.5, 85.5), (75.5, 85.5)), ((77.5, 89.5), (78.5, 89.5)), ((71.5, 85.5), (72.5, 85.5)), ((58.5, 87.5), (58.5, 88.5)), ((89.5, 88.5), (89.5, 89.5)), ((60.5, 85.5), (60.5, 86.5)), ((73.5, 85.5), (74.5, 85.5)), ((75.5, 85.5), (76.5, 85.5)), ((79.5, 89.5), (80.5, 89.5)), ((69.5, 85.5), (70.5, 85.5)), ((58.5, 88.5), (59.5, 88.5)), ((76.5, 89.5), (77.5, 89.5)), ((88.5, 89.5), (89.5, 89.5)), ((84.5, 85.5), (85.5, 85.5)), ((83.5, 85.5), (84.5, 85.5)), ((60.5, 89.5), (61.5, 89.5)), ((91.5, 86.5), (91.5, 87.5)), ((89.5, 85.5), (89.5, 86.5)), ((86.5, 89.5), (87.5, 89.5)), ((78.5, 89.5), (79.5, 89.5)), ((87.5, 85.5), (88.5, 85.5)), ((82.5, 85.5), (83.5, 85.5)), ((80.5, 89.5), (81.5, 89.5)), ((91.5, 87.5), (91.5, 88.5)), ((58.5, 87.5), (59.5, 87.5)), ((60.5, 88.5), (60.5, 89.5)), ((88.5, 85.5), (89.5, 85.5)), ((59.5, 88.5), (60.5, 88.5)), ((89.5, 88.5), (90.5, 88.5)), ((59.5, 86.5), (60.5, 86.5)), ((77.5, 85.5), (78.5, 85.5)), ((85.5, 85.5), (86.5, 85.5)), ((90.5, 88.5), (91.5, 88.5)), ((61.5, 89.5), (62.5, 89.5)), ((90.5, 86.5), (91.5, 86.5)), ((76.5, 85.5), (77.5, 85.5)), ((70.5, 85.5), (71.5, 85.5))}"
55,HNCDL_141,20160926,0.7935222672064777,4.242640687119285,0.2845440708499617,50.85546875,0.6527777777777778,0.17647058823529413,"{(79, 88), (64, 87), (63, 89), (87, 89), (77, 90), (58, 86), (75, 90), (66, 87), (79, 90), (81, 87), (82, 86), (64, 89), (69, 88), (60, 85), (83, 87), (80, 88), (66, 89), (85, 89), (88, 86), (81, 89), (71, 88), (82, 88), (86, 88), (80, 90), (60, 87), (85, 86), (61, 86), (83, 89), (88, 88), (82, 90), (62, 87), (73, 87), (63, 86), (77, 87), (89, 86), (61, 88), (75, 87), (65, 88), (79, 87), (90, 87), (76, 88), (62, 89), (64, 86), (63, 88), (73, 89), (84, 86), (77, 89), (67, 88), (58, 85), (78, 88), (89, 88), (75, 89), (76, 90), (79, 89), (81, 86), (84, 88), (78, 90), (58, 87), (69, 87), (59, 86), (80, 87), (88, 85), (68, 88), (71, 87), (82, 87), (72, 88), (86, 87), (84, 90), (87, 86), (69, 89), (60, 86), (59, 88), (61, 85), (70, 88), (80, 89), (74, 88), (88, 87), (85, 88), (71, 89), (82, 89), (86, 89), (87, 88), (89, 85), (61, 87), (85, 90), (65, 87), (90, 86), (66, 86), (76, 87), (88, 89), (63, 87), (64, 88), (67, 87), (78, 87), (89, 87), (83, 86), (65, 89), (76, 89), (66, 88), (81, 88), (84, 87), (67, 89), (78, 89), (59, 85), (83, 88), (68, 87), (81, 90), (72, 87), (86, 86), (62, 86), (87, 85), (84, 89), (59, 87), (70, 87), (60, 88), (74, 87), (85, 87), (83, 90), (68, 89), (72, 89), (62, 88), (87, 87), (73, 88), (70, 89), (77, 88), (74, 89), (65, 86), (75, 88)}","{(79, 88), (90, 88), (62, 90), (64, 87), (63, 89), (87, 89), (66, 87), (81, 87), (71, 86), (82, 86), (64, 89), (69, 88), (83, 87), (80, 88), (66, 89), (85, 89), (88, 86), (81, 89), (72, 86), (71, 88), (82, 88), (86, 88), (83, 89), (85, 86), (88, 88), (62, 87), (73, 87), (63, 86), (77, 87), (67, 86), (78, 86), (89, 86), (61, 88), (75, 87), (76, 86), (65, 88), (79, 87), (90, 87), (76, 88), (62, 89), (64, 86), (63, 88), (73, 89), (84, 86), (77, 89), (67, 88), (78, 88), (89, 88), (75, 89), (79, 89), (81, 86), (68, 86), (63, 90), (84, 88), (69, 87), (80, 87), (70, 86), (74, 86), (68, 88), (71, 87), (82, 87), (72, 88), (86, 87), (87, 86), (69, 89), (80, 89), (70, 88), (74, 88), (88, 87), (85, 88), (71, 89), (82, 89), (86, 89), (77, 86), (87, 88), (91, 88), (65, 87), (76, 87), (66, 86), (88, 89), (63, 87), (64, 88), (67, 87), (78, 87), (89, 87), (83, 86), (65, 89), (76, 89), (66, 88), (81, 88), (84, 87), (64, 90), (67, 89), (69, 86), (80, 86), (78, 89), (89, 89), (83, 88), (68, 87), (72, 87), (86, 86), (73, 86), (84, 89), (70, 87), (74, 87), (85, 87), (75, 86), (68, 89), (79, 86), (72, 89), (62, 88), (87, 87), (73, 88), (70, 89), (77, 88), (91, 87), (74, 89), (65, 86), (75, 88)}","{((87.5, 89.5), (88.5, 89.5)), ((89.5, 87.5), (89.5, 88.5)), ((70.5, 86.5), (71.5, 86.5)), ((57.5, 84.5), (58.5, 84.5)), ((80.5, 85.5), (81.5, 85.5)), ((73.5, 86.5), (74.5, 86.5)), ((62.5, 89.5), (63.5, 89.5)), ((66.5, 85.5), (66.5, 86.5)), ((89.5, 84.5), (89.5, 85.5)), ((64.5, 85.5), (65.5, 85.5)), ((85.5, 89.5), (85.5, 90.5)), ((65.5, 85.5), (66.5, 85.5)), ((60.5, 88.5), (61.5, 88.5)), ((87.5, 84.5), (88.5, 84.5)), ((66.5, 89.5), (67.5, 89.5)), ((74.5, 89.5), (74.5, 90.5)), ((71.5, 89.5), (72.5, 89.5)), ((79.5, 90.5), (80.5, 90.5)), ((74.5, 86.5), (75.5, 86.5)), ((57.5, 84.5), (57.5, 85.5)), ((78.5, 90.5), (79.5, 90.5)), ((83.5, 90.5), (84.5, 90.5)), ((74.5, 90.5), (75.5, 90.5)), ((75.5, 86.5), (76.5, 86.5)), ((88.5, 84.5), (89.5, 84.5)), ((67.5, 86.5), (68.5, 86.5)), ((71.5, 86.5), (72.5, 86.5)), ((72.5, 86.5), (73.5, 86.5)), ((62.5, 85.5), (63.5, 85.5)), ((57.5, 86.5), (57.5, 87.5)), ((67.5, 89.5), (68.5, 89.5)), ((57.5, 85.5), (57.5, 86.5)), ((90.5, 85.5), (90.5, 86.5)), ((82.5, 85.5), (83.5, 85.5)), ((60.5, 84.5), (61.5, 84.5)), ((63.5, 89.5), (64.5, 89.5)), ((77.5, 90.5), (78.5, 90.5)), ((59.5, 88.5), (60.5, 88.5)), ((65.5, 89.5), (66.5, 89.5)), ((68.5, 89.5), (69.5, 89.5)), ((73.5, 89.5), (74.5, 89.5)), ((84.5, 90.5), (85.5, 90.5)), ((61.5, 89.5), (62.5, 89.5)), ((81.5, 85.5), (82.5, 85.5)), ((69.5, 86.5), (70.5, 86.5)), ((69.5, 89.5), (70.5, 89.5)), ((72.5, 89.5), (73.5, 89.5)), ((66.5, 86.5), (67.5, 86.5)), ((63.5, 85.5), (64.5, 85.5)), ((75.5, 90.5), (76.5, 90.5)), ((78.5, 86.5), (79.5, 86.5)), ((58.5, 87.5), (58.5, 88.5)), ((88.5, 88.5), (88.5, 89.5)), ((58.5, 84.5), (59.5, 84.5)), ((79.5, 86.5), (80.5, 86.5)), ((59.5, 84.5), (60.5, 84.5)), ((86.5, 84.5), (86.5, 85.5)), ((76.5, 86.5), (77.5, 86.5)), ((58.5, 88.5), (59.5, 88.5)), ((61.5, 85.5), (62.5, 85.5)), ((70.5, 89.5), (71.5, 89.5)), ((84.5, 85.5), (85.5, 85.5)), ((77.5, 86.5), (78.5, 86.5)), ((83.5, 85.5), (84.5, 85.5)), ((85.5, 89.5), (86.5, 89.5)), ((61.5, 84.5), (61.5, 85.5)), ((86.5, 89.5), (87.5, 89.5)), ((82.5, 90.5), (83.5, 90.5)), ((90.5, 86.5), (90.5, 87.5)), ((57.5, 87.5), (58.5, 87.5)), ((89.5, 87.5), (90.5, 87.5)), ((61.5, 88.5), (61.5, 89.5)), ((64.5, 89.5), (65.5, 89.5)), ((80.5, 85.5), (80.5, 86.5)), ((68.5, 86.5), (69.5, 86.5)), ((80.5, 90.5), (81.5, 90.5)), ((76.5, 90.5), (77.5, 90.5)), ((88.5, 88.5), (89.5, 88.5)), ((89.5, 85.5), (90.5, 85.5)), ((81.5, 90.5), (82.5, 90.5)), ((86.5, 84.5), (87.5, 84.5)), ((85.5, 85.5), (86.5, 85.5))}","{((72.5, 85.5), (73.5, 85.5)), ((89.5, 86.5), (90.5, 86.5)), ((64.5, 89.5), (64.5, 90.5)), ((67.5, 85.5), (68.5, 85.5)), ((62.5, 85.5), (62.5, 86.5)), ((83.5, 89.5), (84.5, 89.5)), ((60.5, 87.5), (61.5, 87.5)), ((86.5, 85.5), (87.5, 85.5)), ((63.5, 90.5), (64.5, 90.5)), ((74.5, 85.5), (75.5, 85.5)), ((68.5, 85.5), (69.5, 85.5)), ((77.5, 89.5), (78.5, 89.5)), ((82.5, 89.5), (83.5, 89.5)), ((71.5, 85.5), (72.5, 85.5)), ((89.5, 88.5), (89.5, 89.5)), ((61.5, 89.5), (61.5, 90.5)), ((61.5, 90.5), (62.5, 90.5)), ((75.5, 85.5), (76.5, 85.5)), ((73.5, 85.5), (74.5, 85.5)), ((61.5, 86.5), (61.5, 87.5)), ((79.5, 89.5), (80.5, 89.5)), ((69.5, 85.5), (70.5, 85.5)), ((62.5, 90.5), (63.5, 90.5)), ((76.5, 89.5), (77.5, 89.5)), ((88.5, 89.5), (89.5, 89.5)), ((81.5, 89.5), (82.5, 89.5)), ((91.5, 86.5), (91.5, 87.5)), ((89.5, 85.5), (89.5, 86.5)), ((78.5, 89.5), (79.5, 89.5)), ((78.5, 85.5), (79.5, 85.5)), ((60.5, 87.5), (60.5, 88.5)), ((61.5, 86.5), (62.5, 86.5)), ((87.5, 85.5), (88.5, 85.5)), ((79.5, 85.5), (80.5, 85.5)), ((80.5, 89.5), (81.5, 89.5)), ((91.5, 87.5), (91.5, 88.5)), ((66.5, 85.5), (67.5, 85.5)), ((88.5, 85.5), (89.5, 85.5)), ((74.5, 89.5), (75.5, 89.5)), ((89.5, 88.5), (90.5, 88.5)), ((77.5, 85.5), (78.5, 85.5)), ((90.5, 88.5), (91.5, 88.5)), ((90.5, 86.5), (91.5, 86.5)), ((84.5, 89.5), (85.5, 89.5)), ((75.5, 89.5), (76.5, 89.5)), ((76.5, 85.5), (77.5, 85.5)), ((70.5, 85.5), (71.5, 85.5))}"
56,HNCDL_141,20160926,0.7633587786259541,5.0,0.383937172188745,48.69140625,0.6428571428571429,0.16666666666666666,"{(79, 88), (90, 88), (73, 90), (64, 87), (63, 89), (87, 89), (77, 90), (58, 86), (75, 90), (66, 87), (79, 90), (81, 87), (64, 89), (58, 88), (60, 85), (83, 87), (69, 88), (80, 88), (66, 89), (85, 89), (88, 86), (81, 89), (71, 88), (82, 88), (86, 88), (69, 90), (60, 87), (85, 86), (61, 86), (83, 89), (80, 90), (88, 88), (81, 91), (71, 90), (62, 87), (82, 90), (63, 86), (86, 90), (89, 86), (60, 89), (61, 88), (65, 88), (79, 87), (90, 87), (76, 88), (62, 89), (64, 86), (63, 88), (73, 89), (84, 86), (77, 89), (67, 88), (58, 85), (78, 88), (89, 88), (75, 89), (65, 90), (79, 89), (76, 90), (57, 86), (84, 88), (77, 91), (67, 90), (58, 87), (69, 87), (59, 86), (80, 87), (78, 90), (88, 85), (79, 91), (68, 88), (82, 87), (72, 88), (86, 87), (84, 90), (87, 86), (69, 89), (60, 86), (59, 88), (61, 85), (70, 88), (80, 89), (74, 88), (88, 87), (85, 88), (68, 90), (71, 89), (82, 89), (72, 90), (86, 89), (87, 88), (80, 91), (70, 90), (61, 87), (74, 90), (65, 87), (90, 86), (88, 89), (85, 90), (82, 91), (63, 87), (64, 88), (67, 87), (58, 84), (89, 87), (61, 89), (65, 89), (76, 89), (66, 88), (57, 85), (75, 91), (81, 88), (84, 87), (64, 90), (67, 89), (78, 89), (59, 85), (83, 88), (76, 91), (66, 90), (57, 87), (68, 87), (81, 90), (84, 89), (86, 86), (62, 86), (78, 91), (59, 87), (70, 87), (60, 88), (85, 87), (83, 90), (68, 89), (72, 89), (62, 88), (87, 87), (73, 88), (70, 89), (77, 88), (74, 89), (65, 86), (75, 88)}","{(79, 88), (90, 88), (62, 90), (64, 87), (63, 89), (87, 89), (73, 90), (77, 90), (91, 89), (75, 90), (66, 87), (79, 90), (81, 87), (90, 90), (64, 89), (69, 88), (83, 87), (80, 88), (66, 89), (85, 89), (81, 89), (71, 88), (82, 88), (86, 88), (69, 90), (83, 89), (80, 90), (88, 88), (71, 90), (73, 87), (82, 90), (86, 90), (77, 87), (61, 88), (75, 87), (65, 88), (79, 87), (90, 87), (76, 88), (88, 90), (62, 89), (73, 89), (63, 88), (77, 89), (67, 88), (78, 88), (89, 88), (75, 89), (65, 90), (79, 89), (90, 89), (76, 90), (63, 90), (84, 88), (67, 90), (69, 87), (80, 87), (78, 90), (89, 90), (68, 88), (71, 87), (82, 87), (72, 88), (86, 87), (84, 90), (69, 89), (80, 89), (70, 88), (74, 88), (88, 87), (85, 88), (68, 90), (71, 89), (82, 89), (72, 90), (86, 89), (87, 88), (70, 90), (91, 88), (74, 90), (65, 87), (76, 87), (88, 89), (85, 90), (63, 87), (64, 88), (67, 87), (78, 87), (89, 87), (87, 90), (91, 90), (76, 89), (65, 89), (66, 88), (81, 88), (84, 87), (64, 90), (67, 89), (78, 89), (89, 89), (83, 88), (66, 90), (68, 87), (81, 90), (72, 87), (84, 89), (70, 87), (83, 90), (74, 87), (85, 87), (68, 89), (72, 89), (62, 88), (87, 87), (73, 88), (70, 89), (77, 88), (91, 87), (74, 89), (75, 88)}","{((81.5, 86.5), (82.5, 86.5)), ((87.5, 89.5), (88.5, 89.5)), ((71.5, 87.5), (72.5, 87.5)), ((62.5, 89.5), (63.5, 89.5)), ((71.5, 90.5), (72.5, 90.5)), ((57.5, 83.5), (58.5, 83.5)), ((74.5, 91.5), (75.5, 91.5)), ((63.5, 90.5), (64.5, 90.5)), ((64.5, 85.5), (65.5, 85.5)), ((69.5, 90.5), (70.5, 90.5)), ((87.5, 84.5), (88.5, 84.5)), ((56.5, 85.5), (56.5, 86.5)), ((57.5, 87.5), (57.5, 88.5)), ((90.5, 87.5), (90.5, 88.5)), ((56.5, 84.5), (56.5, 85.5)), ((60.5, 89.5), (61.5, 89.5)), ((83.5, 90.5), (84.5, 90.5)), ((56.5, 86.5), (56.5, 87.5)), ((67.5, 86.5), (68.5, 86.5)), ((62.5, 85.5), (63.5, 85.5)), ((87.5, 84.5), (87.5, 85.5)), ((79.5, 91.5), (80.5, 91.5)), ((90.5, 85.5), (90.5, 86.5)), ((60.5, 84.5), (61.5, 84.5)), ((57.5, 83.5), (57.5, 84.5)), ((77.5, 91.5), (78.5, 91.5)), ((89.5, 88.5), (90.5, 88.5)), ((72.5, 87.5), (73.5, 87.5)), ((84.5, 90.5), (85.5, 90.5)), ((61.5, 89.5), (62.5, 89.5)), ((72.5, 90.5), (73.5, 90.5)), ((88.5, 84.5), (88.5, 85.5)), ((69.5, 86.5), (70.5, 86.5)), ((68.5, 90.5), (69.5, 90.5)), ((66.5, 86.5), (67.5, 86.5)), ((63.5, 85.5), (64.5, 85.5)), ((74.5, 90.5), (74.5, 91.5)), ((63.5, 89.5), (63.5, 90.5)), ((76.5, 87.5), (77.5, 87.5)), ((65.5, 90.5), (66.5, 90.5)), ((86.5, 89.5), (86.5, 90.5)), ((75.5, 87.5), (76.5, 87.5)), ((77.5, 87.5), (78.5, 87.5)), ((59.5, 88.5), (59.5, 89.5)), ((82.5, 86.5), (83.5, 86.5)), ((78.5, 86.5), (79.5, 86.5)), ((85.5, 90.5), (86.5, 90.5)), ((78.5, 91.5), (79.5, 91.5)), ((88.5, 88.5), (88.5, 89.5)), ((58.5, 84.5), (59.5, 84.5)), ((82.5, 90.5), (82.5, 91.5)), ((57.5, 88.5), (58.5, 88.5)), ((79.5, 86.5), (80.5, 86.5)), ((59.5, 84.5), (60.5, 84.5)), ((73.5, 90.5), (74.5, 90.5)), ((59.5, 89.5), (60.5, 89.5)), ((58.5, 88.5), (59.5, 88.5)), ((61.5, 85.5), (62.5, 85.5)), ((70.5, 86.5), (70.5, 87.5)), ((84.5, 85.5), (85.5, 85.5)), ((83.5, 85.5), (84.5, 85.5)), ((73.5, 87.5), (74.5, 87.5)), ((58.5, 83.5), (58.5, 84.5)), ((74.5, 87.5), (75.5, 87.5)), ((61.5, 84.5), (61.5, 85.5)), ((86.5, 89.5), (87.5, 89.5)), ((82.5, 90.5), (83.5, 90.5)), ((64.5, 90.5), (65.5, 90.5)), ((90.5, 86.5), (90.5, 87.5)), ((70.5, 87.5), (71.5, 87.5)), ((75.5, 91.5), (76.5, 91.5)), ((80.5, 91.5), (81.5, 91.5)), ((70.5, 90.5), (71.5, 90.5)), ((56.5, 84.5), (57.5, 84.5)), ((76.5, 91.5), (77.5, 91.5)), ((65.5, 85.5), (65.5, 86.5)), ((66.5, 90.5), (67.5, 90.5)), ((88.5, 85.5), (89.5, 85.5)), ((83.5, 85.5), (83.5, 86.5)), ((68.5, 86.5), (69.5, 86.5)), ((56.5, 87.5), (57.5, 87.5)), ((88.5, 88.5), (89.5, 88.5)), ((89.5, 85.5), (90.5, 85.5)), ((67.5, 90.5), (68.5, 90.5)), ((85.5, 85.5), (86.5, 85.5)), ((65.5, 86.5), (66.5, 86.5)), ((78.5, 86.5), (78.5, 87.5)), ((81.5, 91.5), (82.5, 91.5)), ((86.5, 85.5), (87.5, 85.5)), ((80.5, 86.5), (81.5, 86.5))}","{((86.5, 90.5), (87.5, 90.5)), ((88.5, 90.5), (89.5, 90.5)), ((70.5, 86.5), (71.5, 86.5)), ((90.5, 90.5), (91.5, 90.5)), ((89.5, 86.5), (90.5, 86.5)), ((73.5, 86.5), (74.5, 86.5)), ((83.5, 86.5), (84.5, 86.5)), ((60.5, 87.5), (61.5, 87.5)), ((75.5, 90.5), (76.5, 90.5)), ((60.5, 88.5), (61.5, 88.5)), ((62.5, 86.5), (63.5, 86.5)), ((61.5, 89.5), (61.5, 90.5)), ((61.5, 90.5), (62.5, 90.5)), ((89.5, 90.5), (90.5, 90.5)), ((62.5, 90.5), (63.5, 90.5)), ((84.5, 86.5), (85.5, 86.5)), ((79.5, 90.5), (80.5, 90.5)), ((76.5, 86.5), (77.5, 86.5)), ((87.5, 90.5), (88.5, 90.5)), ((74.5, 86.5), (75.5, 86.5)), ((77.5, 86.5), (78.5, 86.5)), ((63.5, 86.5), (64.5, 86.5)), ((78.5, 90.5), (79.5, 90.5)), ((91.5, 86.5), (91.5, 87.5)), ((74.5, 90.5), (75.5, 90.5)), ((75.5, 86.5), (76.5, 86.5)), ((71.5, 86.5), (72.5, 86.5)), ((91.5, 89.5), (91.5, 90.5)), ((72.5, 86.5), (73.5, 86.5)), ((60.5, 87.5), (60.5, 88.5)), ((87.5, 86.5), (88.5, 86.5)), ((61.5, 88.5), (61.5, 89.5)), ((64.5, 86.5), (65.5, 86.5)), ((91.5, 88.5), (91.5, 89.5)), ((91.5, 87.5), (91.5, 88.5)), ((88.5, 86.5), (89.5, 86.5)), ((77.5, 90.5), (78.5, 90.5)), ((62.5, 86.5), (62.5, 87.5)), ((80.5, 90.5), (81.5, 90.5)), ((76.5, 90.5), (77.5, 90.5)), ((81.5, 90.5), (82.5, 90.5)), ((61.5, 87.5), (62.5, 87.5)), ((86.5, 86.5), (87.5, 86.5)), ((90.5, 86.5), (91.5, 86.5)), ((85.5, 86.5), (86.5, 86.5))}"
57,HNCDL_141,20160926,0.8297872340425533,3.605551275463989,0.2598343929640422,47.609375,0.5,0.15217391304347827,"{(79, 88), (72, 91), (62, 90), (64, 87), (63, 89), (87, 89), (73, 90), (77, 90), (58, 86), (74, 91), (75, 90), (66, 87), (57, 84), (79, 90), (64, 89), (56, 85), (58, 88), (60, 85), (83, 87), (69, 88), (80, 88), (66, 89), (85, 89), (88, 86), (81, 89), (71, 88), (82, 88), (86, 88), (69, 90), (60, 87), (83, 89), (61, 86), (80, 90), (88, 88), (81, 91), (71, 90), (62, 87), (82, 90), (63, 86), (86, 90), (89, 86), (60, 89), (70, 91), (61, 88), (83, 91), (65, 88), (90, 87), (62, 89), (73, 89), (63, 88), (77, 89), (67, 88), (58, 85), (78, 88), (59, 84), (89, 88), (61, 90), (75, 89), (65, 90), (79, 89), (76, 90), (57, 86), (73, 91), (63, 90), (84, 88), (77, 91), (67, 90), (58, 87), (78, 90), (59, 86), (88, 85), (79, 91), (57, 88), (68, 88), (72, 88), (86, 87), (84, 90), (87, 86), (58, 89), (60, 86), (59, 88), (61, 85), (70, 88), (69, 89), (80, 89), (85, 88), (88, 87), (68, 90), (71, 89), (82, 89), (72, 90), (86, 89), (87, 88), (69, 91), (80, 91), (70, 90), (61, 87), (74, 90), (65, 87), (88, 89), (85, 90), (82, 91), (63, 87), (64, 88), (67, 87), (58, 84), (89, 87), (61, 89), (65, 89), (76, 89), (66, 88), (57, 85), (75, 91), (81, 88), (84, 87), (64, 90), (67, 89), (78, 89), (56, 86), (59, 85), (83, 88), (76, 91), (66, 90), (57, 87), (81, 90), (84, 89), (86, 86), (62, 86), (78, 91), (59, 87), (60, 88), (85, 87), (83, 90), (68, 89), (72, 89), (71, 91), (62, 88), (87, 87), (73, 88), (84, 91), (59, 89), (77, 88), (70, 89), (74, 89)}","{(79, 88), (90, 88), (72, 91), (62, 90), (64, 87), (63, 89), (87, 89), (73, 90), (77, 90), (91, 89), (92, 88), (74, 91), (85, 91), (75, 90), (66, 87), (79, 90), (64, 89), (58, 88), (69, 88), (80, 88), (66, 89), (85, 89), (81, 89), (71, 88), (82, 88), (86, 88), (69, 90), (60, 87), (83, 89), (61, 86), (80, 90), (88, 88), (81, 91), (71, 90), (62, 87), (82, 90), (63, 86), (86, 90), (91, 86), (89, 86), (83, 91), (70, 91), (61, 88), (65, 88), (90, 87), (76, 88), (88, 90), (62, 89), (73, 89), (63, 88), (77, 89), (67, 88), (92, 87), (78, 88), (89, 88), (75, 89), (65, 90), (79, 89), (90, 89), (76, 90), (73, 91), (63, 90), (84, 88), (77, 91), (67, 90), (69, 87), (78, 90), (89, 90), (79, 91), (68, 88), (72, 88), (86, 87), (84, 90), (69, 89), (80, 89), (59, 88), (70, 88), (74, 88), (88, 87), (85, 88), (68, 90), (71, 89), (82, 89), (72, 90), (86, 89), (87, 88), (69, 91), (80, 91), (70, 90), (61, 87), (91, 88), (74, 90), (65, 87), (90, 86), (88, 89), (85, 90), (82, 91), (63, 87), (64, 88), (67, 87), (89, 87), (87, 90), (61, 89), (65, 89), (76, 89), (66, 88), (75, 91), (81, 88), (64, 90), (67, 89), (78, 89), (89, 89), (83, 88), (76, 91), (66, 90), (68, 87), (81, 90), (84, 89), (62, 86), (78, 91), (59, 87), (91, 85), (60, 88), (85, 87), (83, 90), (68, 89), (72, 89), (71, 91), (62, 88), (87, 87), (73, 88), (84, 91), (70, 89), (77, 88), (91, 87), (92, 86), (74, 89), (75, 88)}","{((55.5, 85.5), (55.5, 86.5)), ((87.5, 89.5), (88.5, 89.5)), ((89.5, 87.5), (89.5, 88.5)), ((71.5, 87.5), (72.5, 87.5)), ((58.5, 83.5), (59.5, 83.5)), ((67.5, 86.5), (67.5, 87.5)), ((73.5, 91.5), (74.5, 91.5)), ((56.5, 83.5), (57.5, 83.5)), ((57.5, 83.5), (58.5, 83.5)), ((74.5, 91.5), (75.5, 91.5)), ((63.5, 90.5), (64.5, 90.5)), ((73.5, 87.5), (73.5, 88.5)), ((80.5, 87.5), (81.5, 87.5)), ((87.5, 84.5), (88.5, 84.5)), ((61.5, 90.5), (62.5, 90.5)), ((72.5, 91.5), (73.5, 91.5)), ((62.5, 90.5), (63.5, 90.5)), ((84.5, 90.5), (84.5, 91.5)), ((75.5, 88.5), (76.5, 88.5)), ((56.5, 83.5), (56.5, 84.5)), ((63.5, 85.5), (63.5, 86.5)), ((56.5, 86.5), (56.5, 87.5)), ((62.5, 85.5), (63.5, 85.5)), ((87.5, 84.5), (87.5, 85.5)), ((64.5, 86.5), (65.5, 86.5)), ((79.5, 91.5), (80.5, 91.5)), ((69.5, 91.5), (70.5, 91.5)), ((57.5, 88.5), (57.5, 89.5)), ((60.5, 84.5), (61.5, 84.5)), ((68.5, 90.5), (68.5, 91.5)), ((83.5, 91.5), (84.5, 91.5)), ((60.5, 90.5), (61.5, 90.5)), ((77.5, 91.5), (78.5, 91.5)), ((72.5, 87.5), (73.5, 87.5)), ((84.5, 90.5), (85.5, 90.5)), ((78.5, 87.5), (79.5, 87.5)), ((57.5, 89.5), (58.5, 89.5)), ((74.5, 88.5), (75.5, 88.5)), ((60.5, 89.5), (60.5, 90.5)), ((88.5, 84.5), (88.5, 85.5)), ((56.5, 88.5), (57.5, 88.5)), ((79.5, 87.5), (80.5, 87.5)), ((58.5, 89.5), (59.5, 89.5)), ((89.5, 86.5), (90.5, 86.5)), ((66.5, 86.5), (67.5, 86.5)), ((83.5, 86.5), (84.5, 86.5)), ((76.5, 87.5), (77.5, 87.5)), ((56.5, 87.5), (56.5, 88.5)), ((65.5, 90.5), (66.5, 90.5)), ((86.5, 89.5), (86.5, 90.5)), ((59.5, 83.5), (59.5, 84.5)), ((67.5, 87.5), (68.5, 87.5)), ((68.5, 91.5), (69.5, 91.5)), ((77.5, 87.5), (78.5, 87.5)), ((82.5, 86.5), (83.5, 86.5)), ((73.5, 88.5), (74.5, 88.5)), ((69.5, 87.5), (70.5, 87.5)), ((85.5, 90.5), (86.5, 90.5)), ((78.5, 91.5), (79.5, 91.5)), ((88.5, 88.5), (88.5, 89.5)), ((55.5, 84.5), (56.5, 84.5)), ((70.5, 91.5), (71.5, 91.5)), ((55.5, 86.5), (56.5, 86.5)), ((59.5, 84.5), (60.5, 84.5)), ((84.5, 86.5), (85.5, 86.5)), ((59.5, 89.5), (60.5, 89.5)), ((81.5, 87.5), (82.5, 87.5)), ((61.5, 85.5), (62.5, 85.5)), ((76.5, 87.5), (76.5, 88.5)), ((68.5, 87.5), (69.5, 87.5)), ((63.5, 86.5), (64.5, 86.5)), ((82.5, 91.5), (83.5, 91.5)), ((89.5, 85.5), (89.5, 86.5)), ((61.5, 84.5), (61.5, 85.5)), ((85.5, 85.5), (85.5, 86.5)), ((86.5, 89.5), (87.5, 89.5)), ((90.5, 86.5), (90.5, 87.5)), ((89.5, 87.5), (90.5, 87.5)), ((70.5, 87.5), (71.5, 87.5)), ((75.5, 91.5), (76.5, 91.5)), ((80.5, 91.5), (81.5, 91.5)), ((71.5, 91.5), (72.5, 91.5)), ((76.5, 91.5), (77.5, 91.5)), ((66.5, 90.5), (67.5, 90.5)), ((88.5, 85.5), (89.5, 85.5)), ((55.5, 84.5), (55.5, 85.5)), ((88.5, 88.5), (89.5, 88.5)), ((67.5, 90.5), (68.5, 90.5)), ((85.5, 85.5), (86.5, 85.5)), ((82.5, 86.5), (82.5, 87.5)), ((65.5, 86.5), (66.5, 86.5)), ((86.5, 85.5), (87.5, 85.5)), ((81.5, 91.5), (82.5, 91.5)), ((64.5, 90.5), (65.5, 90.5))}","{((86.5, 90.5), (87.5, 90.5)), ((88.5, 90.5), (89.5, 90.5)), ((83.5, 87.5), (84.5, 87.5)), ((75.5, 87.5), (76.5, 87.5)), ((91.5, 88.5), (92.5, 88.5)), ((91.5, 84.5), (91.5, 85.5)), ((88.5, 85.5), (88.5, 86.5)), ((89.5, 89.5), (89.5, 90.5)), ((61.5, 89.5), (61.5, 90.5)), ((60.5, 85.5), (60.5, 86.5)), ((57.5, 87.5), (57.5, 88.5)), ((90.5, 84.5), (90.5, 85.5)), ((57.5, 88.5), (58.5, 88.5)), ((91.5, 85.5), (92.5, 85.5)), ((92.5, 85.5), (92.5, 86.5)), ((87.5, 90.5), (88.5, 90.5)), ((58.5, 88.5), (59.5, 88.5)), ((58.5, 86.5), (59.5, 86.5)), ((89.5, 89.5), (90.5, 89.5)), ((73.5, 87.5), (74.5, 87.5)), ((60.5, 89.5), (61.5, 89.5)), ((69.5, 86.5), (69.5, 87.5)), ((74.5, 87.5), (75.5, 87.5)), ((92.5, 87.5), (92.5, 88.5)), ((67.5, 86.5), (68.5, 86.5)), ((84.5, 91.5), (85.5, 91.5)), ((92.5, 86.5), (92.5, 87.5)), ((90.5, 84.5), (91.5, 84.5)), ((57.5, 87.5), (58.5, 87.5)), ((87.5, 86.5), (88.5, 86.5)), ((58.5, 86.5), (58.5, 87.5)), ((91.5, 88.5), (91.5, 89.5)), ((60.5, 88.5), (60.5, 89.5)), ((59.5, 88.5), (60.5, 88.5)), ((68.5, 86.5), (69.5, 86.5)), ((60.5, 85.5), (61.5, 85.5)), ((90.5, 89.5), (91.5, 89.5)), ((59.5, 86.5), (60.5, 86.5)), ((89.5, 85.5), (90.5, 85.5)), ((86.5, 86.5), (87.5, 86.5)), ((82.5, 87.5), (83.5, 87.5)), ((84.5, 86.5), (84.5, 87.5)), ((85.5, 90.5), (85.5, 91.5)), ((85.5, 86.5), (86.5, 86.5))}"
58,HNCDL_141,20160926,0.8954248366013072,2.23606797749979,0.1123995663824996,48.69140625,0.46875,0.06802721088435375,"{(68, 91), (72, 91), (62, 90), (64, 87), (63, 89), (87, 89), (73, 90), (77, 90), (58, 86), (74, 91), (85, 91), (75, 90), (66, 87), (57, 84), (79, 90), (73, 92), (64, 89), (63, 91), (56, 85), (77, 92), (58, 88), (60, 85), (69, 88), (75, 92), (66, 89), (85, 89), (88, 86), (79, 92), (81, 89), (82, 88), (64, 91), (86, 88), (69, 90), (60, 87), (83, 89), (61, 86), (80, 90), (88, 88), (81, 91), (71, 90), (62, 87), (82, 90), (63, 86), (86, 90), (89, 86), (58, 83), (80, 92), (60, 89), (70, 91), (61, 88), (83, 91), (65, 88), (82, 92), (62, 89), (73, 89), (63, 88), (77, 89), (67, 88), (58, 85), (89, 88), (59, 84), (61, 90), (75, 89), (65, 90), (79, 89), (76, 90), (57, 86), (62, 91), (73, 91), (63, 90), (84, 88), (77, 91), (67, 90), (58, 87), (60, 84), (59, 86), (78, 90), (88, 85), (76, 92), (79, 91), (66, 91), (57, 88), (68, 88), (84, 90), (86, 87), (87, 86), (78, 92), (58, 89), (60, 86), (59, 88), (61, 85), (69, 89), (80, 89), (85, 88), (88, 87), (68, 90), (71, 89), (82, 89), (72, 90), (86, 89), (87, 88), (69, 91), (80, 91), (70, 90), (61, 87), (74, 90), (65, 87), (88, 89), (85, 90), (57, 83), (82, 91), (63, 87), (72, 92), (64, 88), (89, 87), (58, 84), (87, 90), (59, 83), (61, 89), (74, 92), (65, 89), (76, 89), (66, 88), (57, 85), (75, 91), (81, 88), (84, 87), (64, 90), (67, 89), (78, 89), (56, 86), (59, 85), (83, 88), (65, 91), (76, 91), (66, 90), (57, 87), (81, 90), (84, 89), (86, 86), (62, 86), (87, 85), (67, 91), (78, 91), (59, 87), (60, 88), (85, 87), (83, 90), (68, 89), (81, 92), (72, 89), (71, 91), (62, 88), (87, 87), (84, 91), (59, 89), (70, 89), (60, 90), (74, 89)}","{(68, 91), (72, 91), (62, 90), (64, 87), (63, 89), (87, 89), (73, 90), (74, 89), (77, 90), (58, 86), (74, 91), (85, 91), (75, 90), (79, 90), (73, 92), (64, 89), (63, 91), (77, 92), (58, 88), (75, 92), (66, 89), (88, 86), (79, 92), (81, 89), (64, 91), (86, 88), (69, 90), (60, 87), (83, 89), (61, 86), (80, 90), (88, 88), (81, 91), (71, 90), (62, 87), (82, 90), (86, 90), (89, 86), (69, 92), (60, 89), (70, 91), (61, 88), (83, 91), (80, 92), (65, 88), (71, 92), (62, 89), (73, 89), (63, 88), (82, 92), (77, 89), (67, 88), (58, 85), (89, 88), (59, 84), (61, 90), (75, 89), (65, 90), (79, 89), (76, 90), (57, 86), (73, 91), (63, 90), (84, 88), (77, 91), (67, 90), (58, 87), (78, 90), (59, 86), (88, 85), (76, 92), (79, 91), (66, 91), (57, 88), (84, 90), (86, 87), (87, 86), (67, 92), (69, 89), (60, 86), (59, 88), (80, 89), (78, 92), (85, 88), (88, 87), (68, 90), (71, 89), (82, 89), (72, 90), (86, 89), (87, 88), (89, 85), (69, 91), (80, 91), (70, 90), (61, 87), (74, 90), (65, 87), (90, 86), (88, 89), (85, 90), (68, 92), (82, 91), (63, 87), (72, 92), (64, 88), (89, 87), (87, 90), (70, 92), (61, 89), (74, 92), (76, 89), (65, 89), (66, 88), (75, 91), (64, 90), (67, 89), (78, 89), (59, 85), (83, 88), (65, 91), (76, 91), (66, 90), (57, 87), (81, 90), (84, 89), (86, 86), (87, 85), (67, 91), (78, 91), (59, 87), (60, 88), (85, 87), (83, 90), (66, 92), (68, 89), (81, 92), (72, 89), (71, 91), (62, 88), (87, 87), (89, 84), (84, 91), (59, 89), (70, 89), (83, 92), (85, 89)}","{((71.5, 92.5), (72.5, 92.5)), ((58.5, 82.5), (59.5, 82.5)), ((61.5, 90.5), (61.5, 91.5)), ((55.5, 85.5), (55.5, 86.5)), ((87.5, 89.5), (88.5, 89.5)), ((89.5, 87.5), (89.5, 88.5)), ((71.5, 91.5), (71.5, 92.5)), ((59.5, 82.5), (59.5, 83.5)), ((59.5, 90.5), (60.5, 90.5)), ((66.5, 91.5), (67.5, 91.5)), ((80.5, 87.5), (81.5, 87.5)), ((56.5, 82.5), (56.5, 83.5)), ((71.5, 88.5), (72.5, 88.5)), ((87.5, 84.5), (88.5, 84.5)), ((62.5, 91.5), (63.5, 91.5)), ((79.5, 88.5), (80.5, 88.5)), ((61.5, 91.5), (62.5, 91.5)), ((75.5, 88.5), (76.5, 88.5)), ((87.5, 89.5), (87.5, 90.5)), ((56.5, 83.5), (56.5, 84.5)), ((63.5, 85.5), (63.5, 86.5)), ((56.5, 86.5), (56.5, 87.5)), ((80.5, 87.5), (80.5, 88.5)), ((62.5, 85.5), (63.5, 85.5)), ((78.5, 92.5), (79.5, 92.5)), ((64.5, 86.5), (65.5, 86.5)), ((69.5, 91.5), (70.5, 91.5)), ((57.5, 88.5), (57.5, 89.5)), ((76.5, 88.5), (77.5, 88.5)), ((66.5, 87.5), (67.5, 87.5)), ((65.5, 91.5), (66.5, 91.5)), ((60.5, 84.5), (61.5, 84.5)), ((79.5, 92.5), (80.5, 92.5)), ((83.5, 91.5), (84.5, 91.5)), ((69.5, 87.5), (69.5, 88.5)), ((72.5, 88.5), (73.5, 88.5)), ((60.5, 90.5), (61.5, 90.5)), ((77.5, 88.5), (78.5, 88.5)), ((63.5, 91.5), (64.5, 91.5)), ((76.5, 92.5), (77.5, 92.5)), ((82.5, 87.5), (83.5, 87.5)), ((57.5, 89.5), (58.5, 89.5)), ((85.5, 90.5), (85.5, 91.5)), ((74.5, 88.5), (75.5, 88.5)), ((88.5, 84.5), (88.5, 85.5)), ((60.5, 83.5), (60.5, 84.5)), ((78.5, 88.5), (79.5, 88.5)), ((56.5, 88.5), (57.5, 88.5)), ((86.5, 90.5), (87.5, 90.5)), ((58.5, 89.5), (59.5, 89.5)), ((75.5, 92.5), (76.5, 92.5)), ((83.5, 86.5), (84.5, 86.5)), ((80.5, 92.5), (81.5, 92.5)), ((56.5, 87.5), (56.5, 88.5)), ((59.5, 89.5), (59.5, 90.5)), ((67.5, 87.5), (68.5, 87.5)), ((68.5, 91.5), (69.5, 91.5)), ((81.5, 92.5), (82.5, 92.5)), ((73.5, 88.5), (74.5, 88.5)), ((77.5, 92.5), (78.5, 92.5)), ((73.5, 92.5), (74.5, 92.5)), ((85.5, 90.5), (86.5, 90.5)), ((88.5, 88.5), (88.5, 89.5)), ((55.5, 84.5), (56.5, 84.5)), ((70.5, 91.5), (71.5, 91.5)), ((55.5, 86.5), (56.5, 86.5)), ((84.5, 86.5), (85.5, 86.5)), ((86.5, 84.5), (86.5, 85.5)), ((57.5, 82.5), (58.5, 82.5)), ((81.5, 87.5), (82.5, 87.5)), ((61.5, 85.5), (62.5, 85.5)), ((59.5, 83.5), (60.5, 83.5)), ((68.5, 87.5), (69.5, 87.5)), ((66.5, 86.5), (66.5, 87.5)), ((63.5, 86.5), (64.5, 86.5)), ((65.5, 86.5), (66.5, 86.5)), ((82.5, 91.5), (83.5, 91.5)), ((70.5, 88.5), (71.5, 88.5)), ((89.5, 85.5), (89.5, 86.5)), ((56.5, 82.5), (57.5, 82.5)), ((61.5, 84.5), (61.5, 85.5)), ((74.5, 92.5), (75.5, 92.5)), ((85.5, 85.5), (85.5, 86.5)), ((64.5, 91.5), (65.5, 91.5)), ((84.5, 91.5), (85.5, 91.5)), ((83.5, 86.5), (83.5, 87.5)), ((72.5, 92.5), (73.5, 92.5)), ((67.5, 91.5), (68.5, 91.5)), ((89.5, 86.5), (89.5, 87.5)), ((88.5, 85.5), (89.5, 85.5)), ((55.5, 84.5), (55.5, 85.5)), ((69.5, 88.5), (70.5, 88.5)), ((88.5, 88.5), (89.5, 88.5)), ((86.5, 84.5), (87.5, 84.5)), ((85.5, 85.5), (86.5, 85.5)), ((82.5, 91.5), (82.5, 92.5))}","{((60.5, 89.5), (60.5, 90.5)), ((67.5, 92.5), (68.5, 92.5)), ((57.5, 84.5), (58.5, 84.5)), ((58.5, 83.5), (59.5, 83.5)), ((89.5, 86.5), (90.5, 86.5)), ((81.5, 88.5), (82.5, 88.5)), ((83.5, 91.5), (83.5, 92.5)), ((66.5, 92.5), (67.5, 92.5)), ((65.5, 87.5), (66.5, 87.5)), ((83.5, 87.5), (84.5, 87.5)), ((59.5, 83.5), (59.5, 84.5)), ((89.5, 84.5), (89.5, 85.5)), ((70.5, 92.5), (71.5, 92.5)), ((62.5, 86.5), (63.5, 86.5)), ((67.5, 87.5), (67.5, 88.5)), ((82.5, 87.5), (82.5, 88.5)), ((65.5, 91.5), (65.5, 92.5)), ((56.5, 85.5), (56.5, 86.5)), ((61.5, 90.5), (62.5, 90.5)), ((65.5, 92.5), (66.5, 92.5)), ((57.5, 88.5), (58.5, 88.5)), ((59.5, 89.5), (60.5, 89.5)), ((65.5, 86.5), (65.5, 87.5)), ((68.5, 92.5), (69.5, 92.5)), ((69.5, 92.5), (70.5, 92.5)), ((57.5, 84.5), (57.5, 85.5)), ((88.5, 83.5), (89.5, 83.5)), ((58.5, 83.5), (58.5, 84.5)), ((89.5, 83.5), (89.5, 84.5)), ((67.5, 88.5), (68.5, 88.5)), ((56.5, 85.5), (57.5, 85.5)), ((61.5, 86.5), (62.5, 86.5)), ((82.5, 92.5), (83.5, 92.5)), ((80.5, 88.5), (81.5, 88.5)), ((90.5, 85.5), (90.5, 86.5)), ((84.5, 86.5), (84.5, 87.5)), ((59.5, 84.5), (59.5, 85.5)), ((59.5, 85.5), (60.5, 85.5)), ((60.5, 85.5), (61.5, 85.5)), ((61.5, 85.5), (61.5, 86.5)), ((89.5, 85.5), (90.5, 85.5)), ((62.5, 90.5), (62.5, 91.5)), ((68.5, 88.5), (69.5, 88.5)), ((88.5, 83.5), (88.5, 84.5)), ((58.5, 88.5), (58.5, 89.5))}"
59,HNCDL_141,20160926,0.3884297520661157,4.47213595499958,0.9883093622422446,97.3828125,0.9,0.70625,"{(68, 91), (72, 91), (73, 90), (64, 87), (58, 86), (74, 91), (61, 91), (75, 90), (57, 84), (73, 92), (56, 85), (58, 88), (60, 85), (75, 92), (66, 89), (56, 87), (69, 90), (60, 87), (61, 86), (71, 90), (62, 87), (89, 86), (58, 83), (69, 92), (70, 91), (65, 88), (71, 92), (82, 92), (67, 88), (58, 85), (59, 84), (76, 90), (57, 86), (73, 91), (67, 90), (58, 87), (60, 84), (59, 86), (88, 85), (65, 92), (76, 92), (66, 91), (57, 88), (67, 92), (58, 89), (60, 86), (59, 88), (61, 85), (69, 89), (68, 90), (72, 90), (69, 91), (59, 90), (61, 87), (70, 90), (74, 90), (68, 92), (63, 87), (72, 92), (64, 88), (58, 84), (70, 92), (74, 92), (75, 91), (66, 88), (57, 85), (67, 89), (78, 89), (56, 86), (59, 85), (57, 87), (62, 86), (87, 85), (64, 92), (67, 91), (59, 87), (66, 92), (68, 89), (71, 91), (59, 89), (70, 89), (83, 92)}","{(68, 91), (79, 88), (72, 91), (62, 90), (64, 87), (63, 89), (87, 89), (73, 90), (59, 82), (77, 90), (60, 83), (74, 91), (85, 91), (75, 90), (79, 90), (62, 83), (64, 89), (69, 88), (60, 85), (80, 88), (66, 89), (85, 89), (88, 86), (90, 83), (81, 89), (71, 88), (62, 85), (87, 84), (82, 88), (86, 88), (91, 84), (69, 90), (60, 87), (83, 89), (61, 86), (80, 90), (88, 88), (90, 85), (81, 91), (71, 90), (62, 87), (82, 90), (63, 86), (86, 90), (91, 86), (89, 86), (83, 91), (70, 91), (61, 88), (65, 88), (90, 87), (76, 88), (62, 89), (73, 89), (63, 88), (77, 89), (67, 88), (78, 88), (60, 82), (59, 84), (61, 81), (89, 88), (75, 89), (88, 83), (65, 90), (79, 89), (76, 90), (62, 82), (73, 91), (63, 90), (84, 88), (77, 91), (67, 90), (78, 90), (60, 84), (59, 86), (61, 83), (88, 85), (79, 91), (66, 91), (68, 88), (62, 84), (72, 88), (86, 87), (84, 90), (87, 86), (89, 83), (69, 89), (60, 86), (70, 88), (61, 85), (80, 89), (74, 88), (88, 87), (90, 84), (85, 88), (68, 90), (71, 89), (82, 89), (63, 85), (72, 90), (86, 89), (87, 88), (89, 85), (69, 91), (80, 91), (70, 90), (61, 87), (74, 90), (65, 87), (90, 86), (88, 89), (85, 90), (82, 91), (63, 87), (64, 88), (89, 87), (87, 90), (59, 83), (65, 89), (76, 89), (66, 88), (75, 91), (81, 88), (64, 90), (67, 89), (78, 89), (59, 85), (61, 82), (91, 83), (83, 88), (88, 84), (65, 91), (76, 91), (66, 90), (81, 90), (84, 89), (86, 86), (62, 86), (87, 85), (89, 82), (67, 91), (78, 91), (61, 84), (91, 85), (60, 88), (85, 87), (83, 90), (68, 89), (72, 89), (71, 91), (62, 88), (87, 87), (89, 84), (73, 88), (84, 91), (70, 89), (77, 88), (74, 89), (75, 88)}","{((71.5, 92.5), (72.5, 92.5)), ((61.5, 90.5), (61.5, 91.5)), ((55.5, 85.5), (55.5, 86.5)), ((67.5, 92.5), (68.5, 92.5)), ((58.5, 83.5), (59.5, 83.5)), ((59.5, 87.5), (60.5, 87.5)), ((63.5, 87.5), (63.5, 88.5)), ((62.5, 85.5), (62.5, 86.5)), ((56.5, 83.5), (57.5, 83.5)), ((66.5, 92.5), (67.5, 92.5)), ((58.5, 82.5), (58.5, 83.5)), ((60.5, 87.5), (61.5, 87.5)), ((76.5, 91.5), (76.5, 92.5)), ((65.5, 87.5), (66.5, 87.5)), ((76.5, 89.5), (76.5, 90.5)), ((77.5, 89.5), (78.5, 89.5)), ((87.5, 84.5), (88.5, 84.5)), ((62.5, 86.5), (63.5, 86.5)), ((55.5, 87.5), (56.5, 87.5)), ((64.5, 92.5), (65.5, 92.5)), ((77.5, 88.5), (77.5, 89.5)), ((71.5, 89.5), (72.5, 89.5)), ((78.5, 88.5), (78.5, 89.5)), ((69.5, 92.5), (70.5, 92.5)), ((81.5, 91.5), (81.5, 92.5)), ((56.5, 83.5), (56.5, 84.5)), ((58.5, 89.5), (58.5, 90.5)), ((67.5, 88.5), (68.5, 88.5)), ((75.5, 90.5), (75.5, 91.5)), ((82.5, 92.5), (83.5, 92.5)), ((60.5, 91.5), (61.5, 91.5)), ((57.5, 88.5), (57.5, 89.5)), ((88.5, 86.5), (89.5, 86.5)), ((66.5, 89.5), (66.5, 90.5)), ((66.5, 87.5), (67.5, 87.5)), ((60.5, 84.5), (61.5, 84.5)), ((58.5, 90.5), (59.5, 90.5)), ((65.5, 89.5), (66.5, 89.5)), ((64.5, 88.5), (65.5, 88.5)), ((73.5, 89.5), (74.5, 89.5)), ((62.5, 87.5), (63.5, 87.5)), ((63.5, 92.5), (64.5, 92.5)), ((55.5, 86.5), (55.5, 87.5)), ((60.5, 90.5), (61.5, 90.5)), ((74.5, 89.5), (75.5, 89.5)), ((77.5, 88.5), (78.5, 88.5)), ((63.5, 91.5), (64.5, 91.5)), ((68.5, 88.5), (69.5, 88.5)), ((57.5, 89.5), (58.5, 89.5)), ((75.5, 89.5), (76.5, 89.5)), ((88.5, 84.5), (88.5, 85.5)), ((60.5, 83.5), (60.5, 84.5)), ((56.5, 88.5), (57.5, 88.5)), ((72.5, 89.5), (73.5, 89.5)), ((64.5, 86.5), (64.5, 87.5)), ((75.5, 92.5), (76.5, 92.5)), ((83.5, 91.5), (83.5, 92.5)), ((56.5, 87.5), (56.5, 88.5)), ((59.5, 89.5), (59.5, 90.5)), ((65.5, 90.5), (66.5, 90.5)), ((57.5, 82.5), (57.5, 83.5)), ((63.5, 88.5), (64.5, 88.5)), ((81.5, 92.5), (82.5, 92.5)), ((59.5, 88.5), (59.5, 89.5)), ((70.5, 92.5), (71.5, 92.5)), ((88.5, 85.5), (88.5, 86.5)), ((75.5, 90.5), (76.5, 90.5)), ((73.5, 92.5), (74.5, 92.5)), ((70.5, 88.5), (70.5, 89.5)), ((67.5, 87.5), (67.5, 88.5)), ((55.5, 84.5), (56.5, 84.5)), ((65.5, 92.5), (66.5, 92.5)), ((60.5, 90.5), (60.5, 91.5)), ((86.5, 84.5), (86.5, 85.5)), ((57.5, 82.5), (58.5, 82.5)), ((68.5, 92.5), (69.5, 92.5)), ((61.5, 85.5), (62.5, 85.5)), ((70.5, 89.5), (71.5, 89.5)), ((59.5, 83.5), (60.5, 83.5)), ((63.5, 86.5), (64.5, 86.5)), ((63.5, 91.5), (63.5, 92.5)), ((82.5, 91.5), (83.5, 91.5)), ((89.5, 85.5), (89.5, 86.5)), ((74.5, 92.5), (75.5, 92.5)), ((61.5, 84.5), (61.5, 85.5)), ((64.5, 91.5), (65.5, 91.5)), ((65.5, 88.5), (65.5, 89.5)), ((87.5, 85.5), (88.5, 85.5)), ((75.5, 91.5), (76.5, 91.5)), ((65.5, 90.5), (65.5, 91.5)), ((72.5, 92.5), (73.5, 92.5)), ((88.5, 85.5), (89.5, 85.5)), ((55.5, 84.5), (55.5, 85.5)), ((69.5, 88.5), (70.5, 88.5)), ((59.5, 87.5), (59.5, 88.5)), ((86.5, 84.5), (87.5, 84.5)), ((61.5, 87.5), (62.5, 87.5)), ((64.5, 87.5), (65.5, 87.5)), ((86.5, 85.5), (87.5, 85.5)), ((81.5, 91.5), (82.5, 91.5))}","{((87.5, 89.5), (88.5, 89.5)), ((58.5, 81.5), (59.5, 81.5)), ((89.5, 87.5), (89.5, 88.5)), ((71.5, 87.5), (72.5, 87.5)), ((62.5, 82.5), (62.5, 83.5)), ((73.5, 91.5), (74.5, 91.5)), ((83.5, 87.5), (84.5, 87.5)), ((74.5, 91.5), (75.5, 91.5)), ((63.5, 90.5), (64.5, 90.5)), ((66.5, 91.5), (67.5, 91.5)), ((86.5, 83.5), (87.5, 83.5)), ((80.5, 87.5), (81.5, 87.5)), ((60.5, 88.5), (61.5, 88.5)), ((64.5, 90.5), (64.5, 91.5)), ((90.5, 82.5), (91.5, 82.5)), ((61.5, 90.5), (62.5, 90.5)), ((72.5, 91.5), (73.5, 91.5)), ((62.5, 90.5), (63.5, 90.5)), ((87.5, 89.5), (87.5, 90.5)), ((63.5, 85.5), (63.5, 86.5)), ((60.5, 80.5), (60.5, 81.5)), ((88.5, 81.5), (88.5, 82.5)), ((64.5, 86.5), (65.5, 86.5)), ((79.5, 91.5), (80.5, 91.5)), ((69.5, 91.5), (70.5, 91.5)), ((65.5, 91.5), (66.5, 91.5)), ((83.5, 91.5), (84.5, 91.5)), ((59.5, 88.5), (60.5, 88.5)), ((58.5, 84.5), (58.5, 85.5)), ((62.5, 83.5), (62.5, 84.5)), ((63.5, 84.5), (63.5, 85.5)), ((77.5, 91.5), (78.5, 91.5)), ((72.5, 87.5), (73.5, 87.5)), ((61.5, 81.5), (62.5, 81.5)), ((82.5, 87.5), (83.5, 87.5)), ((84.5, 86.5), (84.5, 87.5)), ((90.5, 86.5), (91.5, 86.5)), ((78.5, 87.5), (79.5, 87.5)), ((85.5, 90.5), (85.5, 91.5)), ((61.5, 80.5), (61.5, 81.5)), ((87.5, 82.5), (88.5, 82.5)), ((86.5, 90.5), (87.5, 90.5)), ((58.5, 85.5), (58.5, 86.5)), ((89.5, 81.5), (89.5, 82.5)), ((79.5, 87.5), (80.5, 87.5)), ((60.5, 80.5), (61.5, 80.5)), ((76.5, 87.5), (77.5, 87.5)), ((67.5, 87.5), (68.5, 87.5)), ((75.5, 87.5), (76.5, 87.5)), ((88.5, 81.5), (89.5, 81.5)), ((68.5, 91.5), (69.5, 91.5)), ((77.5, 87.5), (78.5, 87.5)), ((91.5, 84.5), (91.5, 85.5)), ((69.5, 87.5), (70.5, 87.5)), ((85.5, 90.5), (86.5, 90.5)), ((91.5, 83.5), (91.5, 84.5)), ((62.5, 84.5), (63.5, 84.5)), ((78.5, 91.5), (79.5, 91.5)), ((88.5, 88.5), (88.5, 89.5)), ((61.5, 89.5), (61.5, 90.5)), ((70.5, 91.5), (71.5, 91.5)), ((84.5, 86.5), (85.5, 86.5)), ((89.5, 82.5), (90.5, 82.5)), ((65.5, 86.5), (65.5, 87.5)), ((81.5, 87.5), (82.5, 87.5)), ((58.5, 86.5), (59.5, 86.5)), ((68.5, 87.5), (69.5, 87.5)), ((73.5, 87.5), (74.5, 87.5)), ((62.5, 81.5), (62.5, 82.5)), ((59.5, 81.5), (60.5, 81.5)), ((58.5, 83.5), (58.5, 84.5)), ((58.5, 81.5), (58.5, 82.5)), ((74.5, 87.5), (75.5, 87.5)), ((59.5, 86.5), (59.5, 87.5)), ((85.5, 85.5), (85.5, 86.5)), ((84.5, 91.5), (85.5, 91.5)), ((90.5, 86.5), (90.5, 87.5)), ((89.5, 87.5), (90.5, 87.5)), ((61.5, 88.5), (61.5, 89.5)), ((87.5, 82.5), (87.5, 83.5)), ((70.5, 87.5), (71.5, 87.5)), ((80.5, 91.5), (81.5, 91.5)), ((71.5, 91.5), (72.5, 91.5)), ((86.5, 83.5), (86.5, 84.5)), ((76.5, 91.5), (77.5, 91.5)), ((67.5, 91.5), (68.5, 91.5)), ((88.5, 88.5), (89.5, 88.5)), ((85.5, 85.5), (86.5, 85.5)), ((91.5, 82.5), (91.5, 83.5)), ((91.5, 85.5), (91.5, 86.5))}"
60,HNCDL_141,20160926,0.25555555555555554,14.212670403551895,2.125497640450198,83.31640625,0.8191489361702128,0.8380281690140845,"{(68, 91), (65, 92), (62, 87), (72, 91), (63, 92), (67, 89), (77, 93), (59, 85), (67, 92), (69, 92), (70, 91), (75, 93), (65, 88), (68, 90), (71, 92), (79, 93), (62, 86), (73, 92), (64, 92), (58, 85), (69, 91), (70, 90), (60, 85), (76, 93), (66, 92), (74, 93), (68, 92), (63, 87), (73, 91), (71, 91), (72, 92), (64, 88), (58, 84), (70, 92), (69, 90), (78, 93), (61, 86), (57, 85)}","{(68, 91), (72, 91), (62, 90), (64, 87), (63, 89), (87, 89), (73, 90), (74, 89), (77, 90), (74, 91), (85, 91), (75, 90), (79, 90), (73, 92), (64, 89), (77, 92), (69, 88), (60, 85), (75, 92), (66, 89), (88, 86), (79, 92), (81, 89), (62, 85), (87, 84), (86, 88), (69, 90), (60, 87), (83, 89), (61, 86), (80, 90), (88, 88), (90, 85), (81, 91), (71, 90), (62, 87), (82, 90), (63, 86), (86, 90), (89, 86), (69, 92), (83, 91), (70, 91), (61, 88), (80, 92), (65, 88), (71, 92), (62, 89), (73, 89), (63, 88), (82, 92), (77, 89), (67, 88), (89, 88), (75, 89), (65, 90), (79, 89), (76, 90), (73, 91), (63, 90), (84, 88), (77, 91), (67, 90), (78, 90), (59, 86), (88, 85), (76, 92), (79, 91), (66, 91), (68, 88), (84, 90), (86, 87), (87, 86), (89, 83), (78, 92), (69, 89), (60, 86), (80, 89), (61, 85), (85, 88), (88, 87), (90, 84), (68, 90), (71, 89), (82, 89), (63, 85), (72, 90), (86, 89), (84, 92), (87, 88), (89, 85), (69, 91), (80, 91), (70, 90), (61, 87), (74, 90), (65, 87), (90, 86), (88, 89), (85, 90), (68, 92), (82, 91), (63, 87), (72, 92), (64, 88), (89, 87), (87, 90), (70, 92), (74, 92), (76, 89), (65, 89), (66, 88), (75, 91), (64, 90), (67, 89), (78, 89), (88, 84), (65, 91), (76, 91), (66, 90), (81, 90), (84, 89), (86, 86), (62, 86), (87, 85), (67, 91), (78, 91), (61, 84), (60, 88), (85, 87), (83, 90), (68, 89), (81, 92), (72, 89), (71, 91), (62, 88), (87, 87), (89, 84), (84, 91), (70, 89), (83, 92), (85, 89)}","{((71.5, 92.5), (72.5, 92.5)), ((67.5, 88.5), (67.5, 89.5)), ((67.5, 92.5), (68.5, 92.5)), ((75.5, 93.5), (76.5, 93.5)), ((63.5, 87.5), (63.5, 88.5)), ((71.5, 90.5), (72.5, 90.5)), ((62.5, 85.5), (62.5, 86.5)), ((76.5, 93.5), (77.5, 93.5)), ((66.5, 92.5), (67.5, 92.5)), ((66.5, 88.5), (66.5, 89.5)), ((63.5, 86.5), (63.5, 87.5)), ((62.5, 92.5), (63.5, 92.5)), ((57.5, 83.5), (58.5, 83.5)), ((79.5, 92.5), (79.5, 93.5)), ((66.5, 91.5), (67.5, 91.5)), ((62.5, 86.5), (63.5, 86.5)), ((78.5, 93.5), (79.5, 93.5)), ((60.5, 85.5), (60.5, 86.5)), ((64.5, 92.5), (65.5, 92.5)), ((62.5, 91.5), (63.5, 91.5)), ((57.5, 85.5), (58.5, 85.5)), ((61.5, 86.5), (61.5, 87.5)), ((66.5, 89.5), (67.5, 89.5)), ((74.5, 93.5), (75.5, 93.5)), ((69.5, 92.5), (70.5, 92.5)), ((56.5, 84.5), (56.5, 85.5)), ((66.5, 88.5), (67.5, 88.5)), ((73.5, 93.5), (74.5, 93.5)), ((60.5, 86.5), (61.5, 86.5)), ((73.5, 91.5), (73.5, 92.5)), ((67.5, 89.5), (68.5, 89.5)), ((78.5, 92.5), (79.5, 92.5)), ((65.5, 91.5), (66.5, 91.5)), ((59.5, 85.5), (60.5, 85.5)), ((64.5, 88.5), (65.5, 88.5)), ((62.5, 87.5), (63.5, 87.5)), ((68.5, 89.5), (69.5, 89.5)), ((57.5, 83.5), (57.5, 84.5)), ((60.5, 85.5), (61.5, 85.5)), ((63.5, 92.5), (64.5, 92.5)), ((63.5, 91.5), (64.5, 91.5)), ((76.5, 92.5), (77.5, 92.5)), ((72.5, 90.5), (73.5, 90.5)), ((69.5, 89.5), (70.5, 89.5)), ((67.5, 89.5), (67.5, 90.5)), ((75.5, 92.5), (76.5, 92.5)), ((63.5, 88.5), (64.5, 88.5)), ((77.5, 92.5), (78.5, 92.5)), ((70.5, 92.5), (71.5, 92.5)), ((60.5, 84.5), (60.5, 85.5)), ((73.5, 92.5), (74.5, 92.5)), ((58.5, 84.5), (59.5, 84.5)), ((67.5, 90.5), (67.5, 91.5)), ((65.5, 92.5), (66.5, 92.5)), ((59.5, 84.5), (60.5, 84.5)), ((68.5, 92.5), (69.5, 92.5)), ((61.5, 85.5), (62.5, 85.5)), ((63.5, 87.5), (64.5, 87.5)), ((58.5, 83.5), (58.5, 84.5)), ((74.5, 92.5), (75.5, 92.5)), ((64.5, 91.5), (65.5, 91.5)), ((58.5, 85.5), (59.5, 85.5)), ((56.5, 85.5), (57.5, 85.5)), ((65.5, 87.5), (65.5, 88.5)), ((77.5, 93.5), (78.5, 93.5)), ((73.5, 90.5), (73.5, 91.5)), ((70.5, 90.5), (71.5, 90.5)), ((56.5, 84.5), (57.5, 84.5)), ((72.5, 92.5), (73.5, 92.5)), ((62.5, 91.5), (62.5, 92.5)), ((70.5, 89.5), (70.5, 90.5)), ((61.5, 87.5), (62.5, 87.5)), ((73.5, 92.5), (73.5, 93.5)), ((64.5, 87.5), (65.5, 87.5))}","{((87.5, 89.5), (88.5, 89.5)), ((89.5, 87.5), (89.5, 88.5)), ((84.5, 91.5), (84.5, 92.5)), ((65.5, 87.5), (66.5, 87.5)), ((83.5, 87.5), (84.5, 87.5)), ((89.5, 83.5), (90.5, 83.5)), ((63.5, 90.5), (64.5, 90.5)), ((83.5, 92.5), (84.5, 92.5)), ((86.5, 83.5), (87.5, 83.5)), ((71.5, 88.5), (72.5, 88.5)), ((60.5, 88.5), (61.5, 88.5)), ((82.5, 88.5), (83.5, 88.5)), ((64.5, 90.5), (64.5, 91.5)), ((90.5, 84.5), (90.5, 85.5)), ((61.5, 90.5), (62.5, 90.5)), ((62.5, 90.5), (63.5, 90.5)), ((87.5, 83.5), (88.5, 83.5)), ((79.5, 88.5), (80.5, 88.5)), ((75.5, 88.5), (76.5, 88.5)), ((87.5, 89.5), (87.5, 90.5)), ((63.5, 85.5), (63.5, 86.5)), ((83.5, 87.5), (83.5, 88.5)), ((82.5, 92.5), (83.5, 92.5)), ((64.5, 86.5), (65.5, 86.5)), ((80.5, 88.5), (81.5, 88.5)), ((90.5, 85.5), (90.5, 86.5)), ((76.5, 88.5), (77.5, 88.5)), ((66.5, 87.5), (67.5, 87.5)), ((79.5, 92.5), (80.5, 92.5)), ((59.5, 88.5), (60.5, 88.5)), ((69.5, 87.5), (69.5, 88.5)), ((63.5, 84.5), (63.5, 85.5)), ((72.5, 88.5), (73.5, 88.5)), ((77.5, 88.5), (78.5, 88.5)), ((84.5, 86.5), (84.5, 87.5)), ((74.5, 88.5), (75.5, 88.5)), ((85.5, 90.5), (85.5, 91.5)), ((61.5, 83.5), (61.5, 84.5)), ((67.5, 91.5), (67.5, 92.5)), ((78.5, 88.5), (79.5, 88.5)), ((60.5, 83.5), (60.5, 84.5)), ((58.5, 85.5), (58.5, 86.5)), ((86.5, 90.5), (87.5, 90.5)), ((88.5, 82.5), (89.5, 82.5)), ((89.5, 86.5), (90.5, 86.5)), ((81.5, 88.5), (82.5, 88.5)), ((80.5, 92.5), (81.5, 92.5)), ((67.5, 87.5), (68.5, 87.5)), ((89.5, 82.5), (89.5, 83.5)), ((61.5, 84.5), (62.5, 84.5)), ((81.5, 92.5), (82.5, 92.5)), ((73.5, 88.5), (74.5, 88.5)), ((88.5, 82.5), (88.5, 83.5)), ((85.5, 90.5), (86.5, 90.5)), ((62.5, 84.5), (63.5, 84.5)), ((88.5, 88.5), (88.5, 89.5)), ((61.5, 89.5), (61.5, 90.5)), ((84.5, 86.5), (85.5, 86.5)), ((86.5, 84.5), (86.5, 85.5)), ((65.5, 86.5), (65.5, 87.5)), ((58.5, 86.5), (59.5, 86.5)), ((68.5, 87.5), (69.5, 87.5)), ((63.5, 86.5), (64.5, 86.5)), ((60.5, 83.5), (61.5, 83.5)), ((70.5, 88.5), (71.5, 88.5)), ((59.5, 86.5), (59.5, 87.5)), ((85.5, 85.5), (85.5, 86.5)), ((84.5, 91.5), (85.5, 91.5)), ((61.5, 88.5), (61.5, 89.5)), ((90.5, 83.5), (90.5, 84.5)), ((86.5, 83.5), (86.5, 84.5)), ((59.5, 84.5), (59.5, 85.5)), ((89.5, 86.5), (89.5, 87.5)), ((69.5, 88.5), (70.5, 88.5)), ((59.5, 87.5), (59.5, 88.5)), ((88.5, 88.5), (89.5, 88.5)), ((85.5, 85.5), (86.5, 85.5))}"
61,HNCDL_141,20160926,0.055944055944055944,21.540659228538015,4.1681688108871064,99.546875,0.9787234042553191,0.9712230215827338,"{(66, 89), (62, 87), (68, 92), (64, 88)}","{(68, 91), (72, 91), (62, 90), (87, 89), (63, 89), (73, 90), (77, 90), (74, 91), (75, 90), (79, 90), (73, 92), (64, 89), (63, 91), (77, 92), (60, 85), (85, 84), (75, 92), (66, 89), (88, 86), (79, 92), (81, 89), (87, 84), (64, 91), (86, 88), (78, 93), (69, 90), (60, 87), (85, 86), (61, 86), (83, 89), (80, 90), (81, 91), (71, 90), (62, 87), (82, 90), (63, 86), (86, 90), (69, 92), (83, 91), (70, 91), (61, 88), (80, 92), (65, 88), (81, 93), (71, 92), (62, 89), (82, 92), (63, 88), (84, 86), (67, 88), (61, 90), (74, 93), (65, 90), (76, 90), (73, 91), (63, 90), (84, 88), (86, 85), (77, 91), (67, 90), (78, 90), (59, 86), (88, 85), (65, 92), (79, 91), (66, 91), (76, 92), (84, 90), (86, 87), (87, 86), (77, 93), (67, 92), (69, 89), (60, 86), (59, 88), (61, 85), (78, 92), (85, 88), (68, 90), (71, 89), (82, 89), (72, 90), (86, 89), (87, 88), (69, 91), (80, 91), (70, 90), (61, 87), (74, 90), (85, 90), (68, 92), (82, 91), (63, 87), (72, 92), (64, 88), (80, 93), (70, 92), (61, 89), (74, 92), (65, 89), (75, 91), (66, 88), (84, 87), (86, 84), (87, 83), (73, 93), (64, 90), (67, 89), (83, 88), (85, 85), (88, 84), (65, 91), (76, 91), (66, 90), (75, 93), (79, 93), (81, 90), (84, 89), (86, 86), (62, 86), (87, 85), (67, 91), (78, 91), (59, 87), (61, 84), (60, 88), (85, 87), (83, 90), (76, 93), (66, 92), (68, 89), (81, 92), (84, 91), (71, 91), (62, 88), (87, 87), (70, 89), (83, 92), (85, 89)}","{((67.5, 91.5), (68.5, 91.5)), ((62.5, 86.5), (62.5, 87.5)), ((67.5, 92.5), (68.5, 92.5)), ((65.5, 89.5), (66.5, 89.5)), ((65.5, 88.5), (65.5, 89.5)), ((61.5, 86.5), (61.5, 87.5)), ((68.5, 91.5), (68.5, 92.5)), ((63.5, 87.5), (63.5, 88.5)), ((65.5, 88.5), (66.5, 88.5)), ((61.5, 87.5), (62.5, 87.5)), ((66.5, 88.5), (66.5, 89.5)), ((64.5, 87.5), (64.5, 88.5)), ((61.5, 86.5), (62.5, 86.5)), ((63.5, 88.5), (64.5, 88.5)), ((63.5, 87.5), (64.5, 87.5)), ((67.5, 91.5), (67.5, 92.5))}","{((71.5, 92.5), (72.5, 92.5)), ((85.5, 83.5), (86.5, 83.5)), ((75.5, 93.5), (76.5, 93.5)), ((76.5, 93.5), (77.5, 93.5)), ((66.5, 92.5), (67.5, 92.5)), ((65.5, 87.5), (66.5, 87.5)), ((63.5, 86.5), (63.5, 87.5)), ((77.5, 89.5), (78.5, 89.5)), ((64.5, 91.5), (64.5, 92.5)), ((78.5, 93.5), (79.5, 93.5)), ((61.5, 90.5), (62.5, 90.5)), ((62.5, 91.5), (63.5, 91.5)), ((64.5, 92.5), (65.5, 92.5)), ((79.5, 89.5), (80.5, 89.5)), ((87.5, 83.5), (88.5, 83.5)), ((74.5, 93.5), (75.5, 93.5)), ((84.5, 90.5), (84.5, 91.5)), ((71.5, 89.5), (72.5, 89.5)), ((69.5, 92.5), (70.5, 92.5)), ((76.5, 89.5), (77.5, 89.5)), ((73.5, 93.5), (74.5, 93.5)), ((63.5, 85.5), (63.5, 86.5)), ((67.5, 88.5), (68.5, 88.5)), ((78.5, 89.5), (79.5, 89.5)), ((62.5, 85.5), (63.5, 85.5)), ((87.5, 86.5), (88.5, 86.5)), ((82.5, 92.5), (83.5, 92.5)), ((81.5, 92.5), (81.5, 93.5)), ((58.5, 86.5), (58.5, 87.5)), ((80.5, 88.5), (81.5, 88.5)), ((87.5, 87.5), (87.5, 88.5)), ((66.5, 87.5), (67.5, 87.5)), ((83.5, 91.5), (84.5, 91.5)), ((59.5, 88.5), (60.5, 88.5)), ((73.5, 89.5), (74.5, 89.5)), ((60.5, 90.5), (61.5, 90.5)), ((74.5, 89.5), (75.5, 89.5)), ((63.5, 91.5), (64.5, 91.5)), ((68.5, 88.5), (69.5, 88.5)), ((84.5, 90.5), (85.5, 90.5)), ((82.5, 87.5), (83.5, 87.5)), ((75.5, 89.5), (76.5, 89.5)), ((61.5, 83.5), (61.5, 84.5)), ((60.5, 89.5), (60.5, 90.5)), ((88.5, 84.5), (88.5, 85.5)), ((58.5, 85.5), (58.5, 86.5)), ((60.5, 83.5), (60.5, 84.5)), ((86.5, 82.5), (86.5, 83.5)), ((72.5, 89.5), (73.5, 89.5)), ((81.5, 88.5), (82.5, 88.5)), ((83.5, 91.5), (83.5, 92.5)), ((86.5, 89.5), (86.5, 90.5)), ((81.5, 92.5), (82.5, 92.5)), ((80.5, 93.5), (81.5, 93.5)), ((70.5, 92.5), (71.5, 92.5)), ((88.5, 85.5), (88.5, 86.5)), ((58.5, 87.5), (58.5, 88.5)), ((85.5, 90.5), (86.5, 90.5)), ((72.5, 92.5), (72.5, 93.5)), ((67.5, 87.5), (67.5, 88.5)), ((82.5, 87.5), (82.5, 88.5)), ((65.5, 92.5), (66.5, 92.5)), ((84.5, 83.5), (84.5, 84.5)), ((87.5, 86.5), (87.5, 87.5)), ((59.5, 84.5), (60.5, 84.5)), ((80.5, 88.5), (80.5, 89.5)), ((68.5, 92.5), (69.5, 92.5)), ((58.5, 88.5), (59.5, 88.5)), ((61.5, 85.5), (62.5, 85.5)), ((83.5, 85.5), (84.5, 85.5)), ((86.5, 82.5), (87.5, 82.5)), ((60.5, 83.5), (61.5, 83.5)), ((70.5, 88.5), (71.5, 88.5)), ((61.5, 84.5), (61.5, 85.5)), ((58.5, 85.5), (59.5, 85.5)), ((86.5, 89.5), (87.5, 89.5)), ((84.5, 84.5), (84.5, 85.5)), ((87.5, 82.5), (87.5, 83.5)), ((77.5, 93.5), (78.5, 93.5)), ((72.5, 93.5), (73.5, 93.5)), ((83.5, 86.5), (83.5, 87.5)), ((59.5, 84.5), (59.5, 85.5)), ((60.5, 88.5), (60.5, 89.5)), ((83.5, 85.5), (83.5, 86.5)), ((69.5, 88.5), (70.5, 88.5)), ((87.5, 88.5), (87.5, 89.5)), ((79.5, 93.5), (80.5, 93.5)), ((84.5, 83.5), (85.5, 83.5)), ((62.5, 90.5), (62.5, 91.5)), ((64.5, 87.5), (65.5, 87.5)), ((88.5, 83.5), (88.5, 84.5)), ((71.5, 88.5), (71.5, 89.5))}"
62,HNCDL_141,20160926,0.027586206896551724,20.248456731316587,4.408938166454196,97.3828125,0.9782608695652174,0.986013986013986,"{(66, 93), (63, 88)}","{(68, 91), (81, 85), (84, 84), (72, 91), (71, 93), (62, 90), (73, 90), (63, 89), (77, 90), (83, 85), (74, 91), (75, 90), (79, 90), (81, 87), (82, 86), (72, 93), (62, 92), (64, 89), (63, 91), (73, 92), (77, 92), (60, 85), (83, 87), (75, 92), (79, 92), (81, 89), (82, 88), (62, 85), (64, 91), (67, 93), (69, 90), (60, 87), (83, 89), (61, 86), (80, 90), (78, 93), (81, 91), (71, 90), (62, 87), (82, 90), (63, 86), (83, 82), (69, 92), (60, 89), (70, 91), (61, 88), (83, 91), (80, 92), (81, 84), (82, 83), (81, 93), (68, 93), (71, 92), (62, 89), (82, 92), (63, 88), (84, 86), (83, 84), (70, 93), (61, 90), (74, 93), (65, 90), (76, 90), (81, 86), (82, 85), (62, 91), (73, 91), (63, 90), (84, 88), (77, 91), (67, 90), (78, 90), (60, 84), (59, 86), (61, 83), (65, 92), (79, 91), (66, 91), (76, 92), (82, 87), (62, 84), (63, 92), (84, 90), (77, 93), (67, 92), (78, 92), (60, 86), (59, 88), (61, 85), (66, 93), (68, 90), (82, 89), (72, 90), (69, 91), (80, 91), (70, 90), (61, 87), (74, 90), (68, 92), (82, 91), (63, 87), (84, 85), (72, 92), (80, 84), (80, 93), (70, 92), (61, 89), (83, 86), (74, 92), (65, 89), (75, 91), (82, 84), (81, 88), (84, 87), (73, 93), (64, 90), (83, 88), (65, 91), (76, 91), (66, 90), (75, 93), (79, 93), (81, 90), (84, 89), (62, 86), (64, 92), (67, 91), (78, 91), (59, 87), (61, 84), (60, 88), (83, 90), (65, 93), (76, 93), (66, 92), (81, 83), (81, 92), (71, 91), (62, 88), (83, 83), (69, 93), (60, 90), (83, 92)}","{((62.5, 87.5), (63.5, 87.5)), ((65.5, 92.5), (65.5, 93.5)), ((66.5, 92.5), (66.5, 93.5)), ((65.5, 92.5), (66.5, 92.5)), ((62.5, 87.5), (62.5, 88.5)), ((63.5, 87.5), (63.5, 88.5)), ((62.5, 88.5), (63.5, 88.5)), ((65.5, 93.5), (66.5, 93.5))}","{((61.5, 90.5), (61.5, 91.5)), ((75.5, 93.5), (76.5, 93.5)), ((76.5, 93.5), (77.5, 93.5)), ((59.5, 90.5), (60.5, 90.5)), ((63.5, 86.5), (63.5, 87.5)), ((62.5, 92.5), (63.5, 92.5)), ((77.5, 89.5), (78.5, 89.5)), ((84.5, 88.5), (84.5, 89.5)), ((64.5, 93.5), (65.5, 93.5)), ((67.5, 93.5), (68.5, 93.5)), ((83.5, 82.5), (83.5, 83.5)), ((78.5, 93.5), (79.5, 93.5)), ((83.5, 81.5), (83.5, 82.5)), ((79.5, 89.5), (80.5, 89.5)), ((66.5, 89.5), (67.5, 89.5)), ((80.5, 86.5), (80.5, 87.5)), ((74.5, 93.5), (75.5, 93.5)), ((71.5, 89.5), (72.5, 89.5)), ((84.5, 89.5), (84.5, 90.5)), ((76.5, 89.5), (77.5, 89.5)), ((73.5, 93.5), (74.5, 93.5)), ((63.5, 85.5), (63.5, 86.5)), ((83.5, 90.5), (84.5, 90.5)), ((61.5, 82.5), (61.5, 83.5)), ((80.5, 87.5), (80.5, 88.5)), ((78.5, 89.5), (79.5, 89.5)), ((62.5, 85.5), (63.5, 85.5)), ((67.5, 89.5), (68.5, 89.5)), ((82.5, 92.5), (83.5, 92.5)), ((81.5, 92.5), (81.5, 93.5)), ((58.5, 86.5), (58.5, 87.5)), ((70.5, 93.5), (71.5, 93.5)), ((82.5, 81.5), (82.5, 82.5)), ((62.5, 84.5), (62.5, 85.5)), ((64.5, 88.5), (65.5, 88.5)), ((65.5, 89.5), (66.5, 89.5)), ((68.5, 89.5), (69.5, 89.5)), ((73.5, 89.5), (74.5, 89.5)), ((62.5, 83.5), (62.5, 84.5)), ((63.5, 92.5), (64.5, 92.5)), ((60.5, 90.5), (61.5, 90.5)), ((74.5, 89.5), (75.5, 89.5)), ((84.5, 86.5), (84.5, 87.5)), ((75.5, 89.5), (76.5, 89.5)), ((84.5, 85.5), (84.5, 86.5)), ((64.5, 92.5), (64.5, 93.5)), ((79.5, 84.5), (80.5, 84.5)), ((61.5, 92.5), (62.5, 92.5)), ((58.5, 85.5), (58.5, 86.5)), ((69.5, 89.5), (70.5, 89.5)), ((72.5, 89.5), (73.5, 89.5)), ((82.5, 81.5), (83.5, 81.5)), ((61.5, 91.5), (61.5, 92.5)), ((83.5, 91.5), (83.5, 92.5)), ((59.5, 89.5), (59.5, 90.5)), ((63.5, 88.5), (64.5, 88.5)), ((59.5, 83.5), (59.5, 84.5)), ((83.5, 90.5), (83.5, 91.5)), ((81.5, 92.5), (82.5, 92.5)), ((59.5, 88.5), (59.5, 89.5)), ((80.5, 93.5), (81.5, 93.5)), ((58.5, 87.5), (58.5, 88.5)), ((60.5, 82.5), (61.5, 82.5)), ((61.5, 83.5), (62.5, 83.5)), ((66.5, 93.5), (67.5, 93.5)), ((84.5, 83.5), (84.5, 84.5)), ((68.5, 93.5), (69.5, 93.5)), ((80.5, 82.5), (81.5, 82.5)), ((79.5, 83.5), (80.5, 83.5)), ((81.5, 82.5), (82.5, 82.5)), ((80.5, 88.5), (80.5, 89.5)), ((69.5, 93.5), (70.5, 93.5)), ((58.5, 88.5), (59.5, 88.5)), ((60.5, 82.5), (60.5, 83.5)), ((70.5, 89.5), (71.5, 89.5)), ((59.5, 83.5), (60.5, 83.5)), ((58.5, 85.5), (59.5, 85.5)), ((65.5, 88.5), (65.5, 89.5)), ((84.5, 84.5), (84.5, 85.5)), ((84.5, 87.5), (84.5, 88.5)), ((77.5, 93.5), (78.5, 93.5)), ((72.5, 93.5), (73.5, 93.5)), ((83.5, 83.5), (84.5, 83.5)), ((80.5, 82.5), (80.5, 83.5)), ((80.5, 85.5), (80.5, 86.5)), ((59.5, 84.5), (59.5, 85.5)), ((71.5, 93.5), (72.5, 93.5)), ((79.5, 93.5), (80.5, 93.5)), ((79.5, 83.5), (79.5, 84.5)), ((80.5, 84.5), (80.5, 85.5))}"
63,HNCDL_141,20160926,0.0,,,106.0390625,1.0,1.0,set(),"{(68, 91), (81, 85), (84, 84), (72, 91), (71, 93), (62, 90), (63, 89), (60, 83), (83, 85), (74, 91), (79, 90), (81, 87), (82, 86), (72, 93), (62, 92), (64, 89), (63, 91), (73, 92), (77, 92), (80, 88), (60, 85), (83, 87), (75, 92), (79, 92), (81, 89), (82, 88), (62, 85), (73, 94), (64, 91), (77, 94), (67, 93), (80, 90), (60, 87), (83, 89), (61, 86), (78, 93), (75, 94), (81, 82), (79, 94), (81, 91), (82, 90), (62, 87), (63, 86), (83, 82), (69, 92), (83, 91), (70, 91), (61, 88), (80, 92), (65, 88), (81, 84), (82, 83), (81, 93), (68, 93), (71, 92), (62, 89), (82, 92), (63, 88), (84, 86), (83, 84), (59, 84), (69, 94), (80, 94), (70, 93), (61, 90), (74, 93), (65, 90), (81, 86), (82, 85), (71, 94), (62, 91), (73, 91), (63, 90), (84, 88), (77, 91), (67, 90), (60, 84), (59, 86), (61, 83), (65, 92), (79, 91), (66, 91), (76, 92), (82, 87), (62, 84), (63, 92), (84, 90), (77, 93), (67, 92), (80, 89), (60, 86), (78, 92), (61, 85), (65, 94), (76, 94), (66, 93), (82, 89), (67, 94), (69, 91), (80, 91), (78, 94), (61, 87), (82, 82), (68, 92), (82, 91), (63, 87), (84, 85), (72, 92), (64, 88), (80, 84), (80, 93), (70, 92), (61, 89), (83, 86), (74, 92), (65, 89), (75, 91), (82, 84), (68, 94), (81, 88), (84, 87), (72, 94), (73, 93), (64, 90), (59, 85), (61, 82), (70, 94), (83, 88), (74, 94), (65, 91), (76, 91), (66, 90), (75, 93), (79, 93), (81, 90), (84, 89), (62, 86), (64, 92), (67, 91), (78, 91), (61, 84), (60, 88), (83, 90), (65, 93), (76, 93), (66, 92), (81, 83), (81, 92), (71, 91), (62, 88), (83, 83), (69, 93), (66, 94)}",set(),"{((78.5, 94.5), (79.5, 94.5)), ((61.5, 90.5), (61.5, 91.5)), ((58.5, 83.5), (59.5, 83.5)), ((59.5, 82.5), (59.5, 83.5)), ((79.5, 94.5), (80.5, 94.5)), ((71.5, 90.5), (72.5, 90.5)), ((63.5, 86.5), (63.5, 87.5)), ((62.5, 92.5), (63.5, 92.5)), ((74.5, 94.5), (75.5, 94.5)), ((84.5, 88.5), (84.5, 89.5)), ((60.5, 81.5), (60.5, 82.5)), ((77.5, 94.5), (78.5, 94.5)), ((69.5, 90.5), (70.5, 90.5)), ((83.5, 82.5), (83.5, 83.5)), ((83.5, 81.5), (83.5, 82.5)), ((59.5, 82.5), (60.5, 82.5)), ((66.5, 89.5), (67.5, 89.5)), ((80.5, 86.5), (80.5, 87.5)), ((67.5, 94.5), (68.5, 94.5)), ((72.5, 94.5), (73.5, 94.5)), ((84.5, 89.5), (84.5, 90.5)), ((63.5, 85.5), (63.5, 86.5)), ((83.5, 90.5), (84.5, 90.5)), ((79.5, 87.5), (79.5, 88.5)), ((68.5, 94.5), (69.5, 94.5)), ((61.5, 82.5), (61.5, 83.5)), ((74.5, 90.5), (75.5, 90.5)), ((61.5, 81.5), (61.5, 82.5)), ((78.5, 89.5), (79.5, 89.5)), ((62.5, 85.5), (63.5, 85.5)), ((64.5, 93.5), (64.5, 94.5)), ((81.5, 92.5), (81.5, 93.5)), ((75.5, 94.5), (76.5, 94.5)), ((81.5, 81.5), (82.5, 81.5)), ((60.5, 81.5), (61.5, 81.5)), ((62.5, 84.5), (62.5, 85.5)), ((77.5, 90.5), (78.5, 90.5)), ((69.5, 94.5), (70.5, 94.5)), ((80.5, 81.5), (81.5, 81.5)), ((58.5, 84.5), (58.5, 85.5)), ((65.5, 89.5), (66.5, 89.5)), ((62.5, 83.5), (62.5, 84.5)), ((59.5, 88.5), (60.5, 88.5)), ((65.5, 94.5), (66.5, 94.5)), ((63.5, 92.5), (64.5, 92.5)), ((60.5, 90.5), (61.5, 90.5)), ((73.5, 94.5), (74.5, 94.5)), ((84.5, 86.5), (84.5, 87.5)), ((72.5, 90.5), (73.5, 90.5)), ((84.5, 85.5), (84.5, 86.5)), ((64.5, 92.5), (64.5, 93.5)), ((79.5, 84.5), (80.5, 84.5)), ((61.5, 92.5), (62.5, 92.5)), ((60.5, 89.5), (60.5, 90.5)), ((58.5, 85.5), (58.5, 86.5)), ((79.5, 87.5), (80.5, 87.5)), ((82.5, 81.5), (83.5, 81.5)), ((68.5, 90.5), (69.5, 90.5)), ((67.5, 89.5), (67.5, 90.5)), ((61.5, 91.5), (61.5, 92.5)), ((83.5, 90.5), (83.5, 91.5)), ((81.5, 92.5), (82.5, 92.5)), ((70.5, 94.5), (71.5, 94.5)), ((80.5, 93.5), (81.5, 93.5)), ((75.5, 90.5), (76.5, 90.5)), ((66.5, 94.5), (67.5, 94.5)), ((61.5, 83.5), (62.5, 83.5)), ((78.5, 89.5), (78.5, 90.5)), ((76.5, 94.5), (77.5, 94.5)), ((84.5, 83.5), (84.5, 84.5)), ((79.5, 83.5), (80.5, 83.5)), ((73.5, 90.5), (74.5, 90.5)), ((64.5, 94.5), (65.5, 94.5)), ((63.5, 87.5), (64.5, 87.5)), ((58.5, 86.5), (59.5, 86.5)), ((80.5, 81.5), (80.5, 82.5)), ((58.5, 83.5), (58.5, 84.5)), ((82.5, 91.5), (83.5, 91.5)), ((59.5, 86.5), (59.5, 87.5)), ((65.5, 88.5), (65.5, 89.5)), ((84.5, 84.5), (84.5, 85.5)), ((84.5, 87.5), (84.5, 88.5)), ((65.5, 87.5), (65.5, 88.5)), ((70.5, 90.5), (71.5, 90.5)), ((83.5, 83.5), (84.5, 83.5)), ((80.5, 82.5), (80.5, 83.5)), ((80.5, 85.5), (80.5, 86.5)), ((60.5, 88.5), (60.5, 89.5)), ((71.5, 94.5), (72.5, 94.5)), ((59.5, 87.5), (59.5, 88.5)), ((76.5, 90.5), (77.5, 90.5)), ((79.5, 83.5), (79.5, 84.5)), ((67.5, 90.5), (68.5, 90.5)), ((79.5, 88.5), (79.5, 89.5)), ((64.5, 87.5), (65.5, 87.5)), ((80.5, 93.5), (80.5, 94.5)), ((82.5, 91.5), (82.5, 92.5)), ((80.5, 84.5), (80.5, 85.5))}"
64,HNCDL_141,20160926,0.0,,,97.3828125,1.0,1.0,set(),"{(68, 91), (79, 88), (81, 85), (72, 91), (71, 93), (62, 90), (63, 89), (74, 91), (79, 90), (81, 87), (82, 86), (62, 83), (72, 93), (62, 92), (64, 89), (63, 91), (73, 92), (77, 92), (80, 88), (60, 85), (75, 92), (79, 92), (81, 89), (82, 88), (62, 85), (63, 84), (73, 94), (64, 91), (77, 94), (67, 93), (80, 90), (60, 87), (78, 93), (61, 86), (75, 94), (79, 85), (81, 82), (81, 91), (82, 90), (62, 87), (63, 86), (80, 83), (69, 92), (80, 92), (70, 91), (61, 88), (79, 87), (81, 84), (82, 83), (68, 93), (71, 92), (62, 89), (63, 88), (80, 85), (69, 94), (70, 93), (61, 90), (74, 93), (65, 90), (79, 89), (81, 86), (82, 85), (71, 94), (62, 91), (73, 91), (63, 90), (77, 91), (78, 90), (80, 87), (60, 84), (61, 83), (65, 92), (79, 91), (66, 91), (76, 92), (82, 87), (62, 84), (63, 83), (63, 92), (77, 93), (64, 93), (67, 92), (80, 89), (60, 86), (78, 92), (61, 85), (79, 84), (65, 94), (76, 94), (66, 93), (82, 89), (63, 85), (80, 82), (67, 94), (69, 91), (80, 91), (78, 94), (61, 87), (82, 82), (68, 92), (63, 87), (72, 92), (64, 88), (80, 84), (70, 92), (61, 89), (74, 92), (65, 89), (75, 91), (82, 84), (68, 94), (81, 88), (72, 94), (73, 93), (64, 90), (80, 86), (70, 94), (74, 94), (65, 91), (76, 91), (75, 93), (81, 81), (79, 93), (81, 90), (62, 86), (64, 92), (67, 91), (78, 91), (61, 84), (60, 88), (65, 93), (76, 93), (66, 92), (79, 86), (81, 83), (81, 92), (71, 91), (62, 88), (64, 94), (69, 93), (66, 94)}",set(),"{((79.5, 81.5), (80.5, 81.5)), ((61.5, 90.5), (61.5, 91.5)), ((71.5, 90.5), (72.5, 90.5)), ((63.5, 86.5), (63.5, 87.5)), ((62.5, 92.5), (63.5, 92.5)), ((77.5, 89.5), (78.5, 89.5)), ((74.5, 94.5), (75.5, 94.5)), ((79.5, 92.5), (79.5, 93.5)), ((81.5, 80.5), (81.5, 81.5)), ((77.5, 94.5), (78.5, 94.5)), ((69.5, 90.5), (70.5, 90.5)), ((78.5, 85.5), (78.5, 86.5)), ((78.5, 93.5), (79.5, 93.5)), ((67.5, 94.5), (68.5, 94.5)), ((80.5, 80.5), (80.5, 81.5)), ((78.5, 88.5), (78.5, 89.5)), ((72.5, 94.5), (73.5, 94.5)), ((82.5, 85.5), (82.5, 86.5)), ((81.5, 91.5), (81.5, 92.5)), ((59.5, 85.5), (59.5, 86.5)), ((63.5, 85.5), (63.5, 86.5)), ((63.5, 94.5), (64.5, 94.5)), ((68.5, 94.5), (69.5, 94.5)), ((74.5, 90.5), (75.5, 90.5)), ((78.5, 84.5), (78.5, 85.5)), ((78.5, 83.5), (78.5, 84.5)), ((75.5, 94.5), (76.5, 94.5)), ((81.5, 81.5), (82.5, 81.5)), ((80.5, 80.5), (81.5, 80.5)), ((82.5, 81.5), (82.5, 82.5)), ((79.5, 92.5), (80.5, 92.5)), ((64.5, 88.5), (65.5, 88.5)), ((69.5, 94.5), (70.5, 94.5)), ((59.5, 88.5), (60.5, 88.5)), ((65.5, 94.5), (66.5, 94.5)), ((63.5, 84.5), (63.5, 85.5)), ((60.5, 90.5), (61.5, 90.5)), ((73.5, 94.5), (74.5, 94.5)), ((82.5, 89.5), (82.5, 90.5)), ((72.5, 90.5), (73.5, 90.5)), ((82.5, 88.5), (82.5, 89.5)), ((61.5, 92.5), (62.5, 92.5)), ((60.5, 89.5), (60.5, 90.5)), ((78.5, 93.5), (78.5, 94.5)), ((68.5, 90.5), (69.5, 90.5)), ((61.5, 91.5), (61.5, 92.5)), ((80.5, 92.5), (81.5, 92.5)), ((65.5, 90.5), (66.5, 90.5)), ((79.5, 82.5), (79.5, 83.5)), ((59.5, 83.5), (59.5, 84.5)), ((63.5, 92.5), (63.5, 93.5)), ((79.5, 81.5), (79.5, 82.5)), ((63.5, 93.5), (63.5, 94.5)), ((70.5, 94.5), (71.5, 94.5)), ((75.5, 90.5), (76.5, 90.5)), ((66.5, 94.5), (67.5, 94.5)), ((60.5, 82.5), (61.5, 82.5)), ((78.5, 83.5), (79.5, 83.5)), ((65.5, 89.5), (65.5, 90.5)), ((82.5, 87.5), (82.5, 88.5)), ((76.5, 94.5), (77.5, 94.5)), ((78.5, 87.5), (78.5, 88.5)), ((81.5, 90.5), (81.5, 91.5)), ((73.5, 90.5), (74.5, 90.5)), ((64.5, 94.5), (65.5, 94.5)), ((60.5, 82.5), (60.5, 83.5)), ((63.5, 87.5), (64.5, 87.5)), ((59.5, 83.5), (60.5, 83.5)), ((82.5, 84.5), (82.5, 85.5)), ((82.5, 82.5), (82.5, 83.5)), ((59.5, 86.5), (59.5, 87.5)), ((65.5, 88.5), (65.5, 89.5)), ((62.5, 82.5), (63.5, 82.5)), ((64.5, 87.5), (64.5, 88.5)), ((70.5, 90.5), (71.5, 90.5)), ((77.5, 89.5), (77.5, 90.5)), ((63.5, 83.5), (63.5, 84.5)), ((66.5, 90.5), (67.5, 90.5)), ((59.5, 84.5), (59.5, 85.5)), ((60.5, 88.5), (60.5, 89.5)), ((82.5, 83.5), (82.5, 84.5)), ((71.5, 94.5), (72.5, 94.5)), ((59.5, 87.5), (59.5, 88.5)), ((76.5, 90.5), (77.5, 90.5)), ((61.5, 82.5), (62.5, 82.5)), ((67.5, 90.5), (68.5, 90.5)), ((81.5, 90.5), (82.5, 90.5)), ((63.5, 82.5), (63.5, 83.5)), ((82.5, 86.5), (82.5, 87.5)), ((78.5, 86.5), (78.5, 87.5))}"
65,HNCDL_141,20160926,0.0,,,97.3828125,1.0,1.0,set(),"{(68, 91), (79, 88), (81, 85), (72, 91), (71, 93), (62, 90), (64, 87), (63, 89), (77, 90), (74, 91), (61, 91), (79, 90), (81, 87), (82, 86), (72, 93), (62, 92), (64, 89), (63, 91), (73, 92), (77, 92), (80, 88), (75, 92), (79, 92), (81, 89), (82, 88), (62, 85), (63, 84), (73, 94), (64, 91), (63, 93), (77, 94), (67, 93), (80, 90), (60, 87), (78, 93), (61, 86), (75, 94), (79, 85), (81, 82), (81, 91), (62, 87), (63, 86), (80, 83), (69, 92), (60, 89), (70, 91), (61, 88), (80, 92), (79, 87), (81, 84), (82, 83), (68, 93), (71, 92), (62, 89), (64, 86), (63, 88), (78, 88), (80, 85), (69, 94), (70, 93), (61, 90), (74, 93), (65, 90), (79, 89), (81, 86), (82, 85), (71, 94), (62, 91), (73, 91), (63, 90), (77, 91), (78, 90), (80, 87), (61, 92), (65, 92), (79, 91), (66, 91), (76, 92), (82, 87), (62, 84), (63, 83), (63, 92), (77, 93), (64, 93), (67, 92), (80, 89), (60, 86), (78, 92), (61, 85), (79, 84), (65, 94), (76, 94), (66, 93), (63, 85), (63, 94), (80, 82), (67, 94), (69, 91), (80, 91), (78, 94), (61, 87), (82, 82), (68, 92), (63, 87), (72, 92), (64, 88), (80, 84), (70, 92), (61, 89), (74, 92), (75, 91), (82, 84), (68, 94), (81, 88), (72, 94), (73, 93), (64, 90), (78, 89), (80, 86), (70, 94), (74, 94), (65, 91), (76, 91), (75, 93), (81, 81), (79, 93), (81, 90), (62, 86), (64, 92), (67, 91), (78, 91), (61, 84), (60, 88), (65, 93), (76, 93), (66, 92), (79, 86), (81, 83), (71, 91), (62, 88), (64, 94), (69, 93), (60, 90), (66, 94)}",set(),"{((79.5, 81.5), (80.5, 81.5)), ((62.5, 94.5), (63.5, 94.5)), ((62.5, 82.5), (62.5, 83.5)), ((71.5, 90.5), (72.5, 90.5)), ((80.5, 91.5), (80.5, 92.5)), ((59.5, 90.5), (60.5, 90.5)), ((76.5, 89.5), (76.5, 90.5)), ((74.5, 94.5), (75.5, 94.5)), ((79.5, 92.5), (79.5, 93.5)), ((81.5, 80.5), (81.5, 81.5)), ((77.5, 94.5), (78.5, 94.5)), ((69.5, 90.5), (70.5, 90.5)), ((78.5, 85.5), (78.5, 86.5)), ((78.5, 86.5), (78.5, 87.5)), ((78.5, 93.5), (79.5, 93.5)), ((77.5, 88.5), (77.5, 89.5)), ((67.5, 94.5), (68.5, 94.5)), ((80.5, 80.5), (80.5, 81.5)), ((72.5, 94.5), (73.5, 94.5)), ((82.5, 85.5), (82.5, 86.5)), ((76.5, 89.5), (77.5, 89.5)), ((59.5, 85.5), (59.5, 86.5)), ((63.5, 94.5), (64.5, 94.5)), ((68.5, 94.5), (69.5, 94.5)), ((74.5, 90.5), (75.5, 90.5)), ((81.5, 88.5), (81.5, 89.5)), ((78.5, 84.5), (78.5, 85.5)), ((78.5, 83.5), (78.5, 84.5)), ((81.5, 89.5), (81.5, 90.5)), ((77.5, 87.5), (77.5, 88.5)), ((75.5, 94.5), (76.5, 94.5)), ((81.5, 81.5), (82.5, 81.5)), ((80.5, 80.5), (81.5, 80.5)), ((82.5, 81.5), (82.5, 82.5)), ((59.5, 85.5), (60.5, 85.5)), ((79.5, 92.5), (80.5, 92.5)), ((69.5, 94.5), (70.5, 94.5)), ((65.5, 94.5), (66.5, 94.5)), ((63.5, 84.5), (63.5, 85.5)), ((73.5, 94.5), (74.5, 94.5)), ((72.5, 90.5), (73.5, 90.5)), ((61.5, 92.5), (62.5, 92.5)), ((78.5, 93.5), (78.5, 94.5)), ((60.5, 83.5), (60.5, 84.5)), ((68.5, 90.5), (69.5, 90.5)), ((64.5, 86.5), (64.5, 87.5)), ((81.5, 88.5), (82.5, 88.5)), ((63.5, 85.5), (64.5, 85.5)), ((65.5, 90.5), (66.5, 90.5)), ((59.5, 89.5), (59.5, 90.5)), ((79.5, 82.5), (79.5, 83.5)), ((60.5, 91.5), (60.5, 92.5)), ((77.5, 87.5), (78.5, 87.5)), ((59.5, 88.5), (59.5, 89.5)), ((79.5, 81.5), (79.5, 82.5)), ((70.5, 94.5), (71.5, 94.5)), ((75.5, 90.5), (76.5, 90.5)), ((66.5, 94.5), (67.5, 94.5)), ((60.5, 84.5), (60.5, 85.5)), ((61.5, 83.5), (62.5, 83.5)), ((78.5, 83.5), (79.5, 83.5)), ((65.5, 89.5), (65.5, 90.5)), ((82.5, 87.5), (82.5, 88.5)), ((76.5, 94.5), (77.5, 94.5)), ((81.5, 90.5), (81.5, 91.5)), ((73.5, 90.5), (74.5, 90.5)), ((60.5, 90.5), (60.5, 91.5)), ((64.5, 94.5), (65.5, 94.5)), ((64.5, 88.5), (64.5, 89.5)), ((60.5, 92.5), (61.5, 92.5)), ((60.5, 83.5), (61.5, 83.5)), ((82.5, 84.5), (82.5, 85.5)), ((82.5, 82.5), (82.5, 83.5)), ((59.5, 86.5), (59.5, 87.5)), ((62.5, 82.5), (63.5, 82.5)), ((64.5, 85.5), (64.5, 86.5)), ((64.5, 87.5), (64.5, 88.5)), ((64.5, 89.5), (65.5, 89.5)), ((62.5, 92.5), (62.5, 93.5)), ((80.5, 91.5), (81.5, 91.5)), ((70.5, 90.5), (71.5, 90.5)), ((63.5, 83.5), (63.5, 84.5)), ((66.5, 90.5), (67.5, 90.5)), ((82.5, 83.5), (82.5, 84.5)), ((71.5, 94.5), (72.5, 94.5)), ((59.5, 87.5), (59.5, 88.5)), ((67.5, 90.5), (68.5, 90.5)), ((63.5, 82.5), (63.5, 83.5)), ((82.5, 86.5), (82.5, 87.5)), ((62.5, 93.5), (62.5, 94.5))}"
66,HNCDL_141,20160926,inf,,,0.0,0.0,0.0,set(),set(),set(),set()
67,HNCDL_141,20160926,inf,,,0.0,0.0,0.0,set(),set(),set(),set()
68,HNCDL_141,20160926,inf,,,0.0,0.0,0.0,set(),set(),set(),set()
69,HNCDL_141,20160926,inf,,,0.0,0.0,0.0,set(),set(),set(),set()
70,HNCDL_141,20160926,inf,,,0.0,0.0,0.0,set(),set(),set(),set()
71,HNCDL_141,20160926,inf,,,0.0,0.0,0.0,set(),set(),set(),set()
72,HNCDL_141,20160926,inf,,,0.0,0.0,0.0,set(),set(),set(),set()
73,HNCDL_141,20160926,inf,,,0.0,0.0,0.0,set(),set(),set(),set()
74,HNCDL_141,20160926,inf,,,0.0,0.0,0.0,set(),set(),set(),set()
75,HNCDL_141,20160926,inf,,,0.0,0.0,0.0,set(),set(),set(),set()
76,HNCDL_141,20160926,inf,,,0.0,0.0,0.0,set(),set(),set(),set()
77,HNCDL_141,20160926,inf,,,0.0,0.0,0.0,set(),set(),set(),set()
78,HNCDL_141,20160926,inf,,,0.0,0.0,0.0,set(),set(),set(),set()
79,HNCDL_141,20160926,inf,,,0.0,0.0,0.0,set(),set(),set(),set()
80,HNCDL_141,20160926,inf,,,0.0,0.0,0.0,set(),set(),set(),set()
81,HNCDL_141,20160926,inf,,,0.0,0.0,0.0,set(),set(),set(),set()
82,HNCDL_141,20160926,inf,,,0.0,0.0,0.0,set(),set(),set(),set()
83,HNCDL_141,20160926,inf,,,0.0,0.0,0.0,set(),set(),set(),set()
84,HNCDL_141,20160926,inf,,,0.0,0.0,0.0,set(),set(),set(),set()
85,HNCDL_141,20160926,inf,,,0.0,0.0,0.0,set(),set(),set(),set()
86,HNCDL_141,20160926,inf,,,0.0,0.0,0.0,set(),set(),set(),set()
87,HNCDL_141,20160926,inf,,,0.0,0.0,0.0,set(),set(),set(),set()
88,HNCDL_141,20160926,inf,,,0.0,0.0,0.0,set(),set(),set(),set()
89,HNCDL_141,20160926,inf,,,0.0,0.0,0.0,set(),set(),set(),set()
90,HNCDL_141,20160926,inf,,,0.0,0.0,0.0,set(),set(),set(),set()
91,HNCDL_141,20160926,inf,,,0.0,0.0,0.0,set(),set(),set(),set()
92,HNCDL_141,20160926,inf,,,0.0,0.0,0.0,set(),set(),set(),set()
93,HNCDL_141,20160926,inf,,,0.0,0.0,0.0,set(),set(),set(),set()
94,HNCDL_141,20160926,inf,,,0.0,0.0,0.0,set(),set(),set(),set()
95,HNCDL_141,20160926,inf,,,0.0,0.0,0.0,set(),set(),set(),set()
96,HNCDL_141,20160926,inf,,,0.0,0.0,0.0,set(),set(),set(),set()
97,HNCDL_141,20160926,inf,,,0.0,0.0,0.0,set(),set(),set(),set()
98,HNCDL_141,20160926,inf,,,0.0,0.0,0.0,set(),set(),set(),set()
99,HNCDL_141,20160926,inf,,,0.0,0.0,0.0,set(),set(),set(),set()
100,HNCDL_141,20160926,inf,,,0.0,0.0,0.0,set(),set(),set(),set()
101,HNCDL_141,20160926,inf,,,0.0,0.0,0.0,set(),set(),set(),set()
102,HNCDL_141,20160926,inf,,,0.0,0.0,0.0,set(),set(),set(),set()
103,HNCDL_141,20160926,inf,,,0.0,0.0,0.0,set(),set(),set(),set()
104,HNCDL_141,20160926,inf,,,0.0,0.0,0.0,set(),set(),set(),set()
105,HNCDL_141,20160926,inf,,,0.0,0.0,0.0,set(),set(),set(),set()
106,HNCDL_141,20160926,inf,,,0.0,0.0,0.0,set(),set(),set(),set()
107,HNCDL_141,20160926,inf,,,0.0,0.0,0.0,set(),set(),set(),set()
108,HNCDL_141,20160926,inf,,,0.0,0.0,0.0,set(),set(),set(),set()
109,HNCDL_141,20160926,inf,,,0.0,0.0,0.0,set(),set(),set(),set()
110,HNCDL_141,20160926,inf,,,0.0,0.0,0.0,set(),set(),set(),set()
111,HNCDL_141,20160926,inf,,,0.0,0.0,0.0,set(),set(),set(),set()
112,HNCDL_141,20160926,inf,,,0.0,0.0,0.0,set(),set(),set(),set()
113,HNCDL_141,20160926,inf,,,0.0,0.0,0.0,set(),set(),set(),set()
114,HNCDL_141,20160926,inf,,,0.0,0.0,0.0,set(),set(),set(),set()
115,HNCDL_141,20160926,inf,,,0.0,0.0,0.0,set(),set(),set(),set()
116,HNCDL_141,20160926,inf,,,0.0,0.0,0.0,set(),set(),set(),set()
117,HNCDL_141,20160926,inf,,,0.0,0.0,0.0,set(),set(),set(),set()
118,HNCDL_141,20160926,inf,,,0.0,0.0,0.0,set(),set(),set(),set()
119,HNCDL_141,20160926,inf,,,0.0,0.0,0.0,set(),set(),set(),set()
120,HNCDL_141,20160926,inf,,,0.0,0.0,0.0,set(),set(),set(),set()
121,HNCDL_141,20160926,inf,,,0.0,0.0,0.0,set(),set(),set(),set()
122,HNCDL_141,20160926,inf,,,0.0,0.0,0.0,set(),set(),set(),set()
123,HNCDL_141,20160926,inf,,,0.0,0.0,0.0,set(),set(),set(),set()
124,HNCDL_141,20160926,inf,,,0.0,0.0,0.0,set(),set(),set(),set()
125,HNCDL_141,20160926,inf,,,0.0,0.0,0.0,set(),set(),set(),set()
126,HNCDL_141,20160926,inf,,,0.0,0.0,0.0,set(),set(),set(),set()
127,HNCDL_141,20160926,inf,,,0.0,0.0,0.0,set(),set(),set(),set()
0,HNCDL_340,20180723,inf,,,0.0,0.0,0.0,set(),set(),set(),set()
1,HNCDL_340,20180723,inf,,,0.0,0.0,0.0,set(),set(),set(),set()
2,HNCDL_340,20180723,inf,,,0.0,0.0,0.0,set(),set(),set(),set()
3,HNCDL_340,20180723,inf,,,0.0,0.0,0.0,set(),set(),set(),set()
4,HNCDL_340,20180723,inf,,,0.0,0.0,0.0,set(),set(),set(),set()
5,HNCDL_340,20180723,inf,,,0.0,0.0,0.0,set(),set(),set(),set()
6,HNCDL_340,20180723,inf,,,0.0,0.0,0.0,set(),set(),set(),set()
7,HNCDL_340,20180723,inf,,,0.0,0.0,0.0,set(),set(),set(),set()
8,HNCDL_340,20180723,inf,,,0.0,0.0,0.0,set(),set(),set(),set()
9,HNCDL_340,20180723,inf,,,0.0,0.0,0.0,set(),set(),set(),set()
10,HNCDL_340,20180723,inf,,,0.0,0.0,0.0,set(),set(),set(),set()
11,HNCDL_340,20180723,inf,,,0.0,0.0,0.0,set(),set(),set(),set()
12,HNCDL_340,20180723,inf,,,0.0,0.0,0.0,set(),set(),set(),set()
13,HNCDL_340,20180723,inf,,,0.0,0.0,0.0,set(),set(),set(),set()
14,HNCDL_340,20180723,inf,,,0.0,0.0,0.0,set(),set(),set(),set()
15,HNCDL_340,20180723,inf,,,0.0,0.0,0.0,set(),set(),set(),set()
16,HNCDL_340,20180723,inf,,,0.0,0.0,0.0,set(),set(),set(),set()
17,HNCDL_340,20180723,inf,,,0.0,0.0,0.0,set(),set(),set(),set()
18,HNCDL_340,20180723,inf,,,0.0,0.0,0.0,set(),set(),set(),set()
19,HNCDL_340,20180723,inf,,,0.0,0.0,0.0,set(),set(),set(),set()
20,HNCDL_340,20180723,inf,,,0.0,0.0,0.0,set(),set(),set(),set()
21,HNCDL_340,20180723,inf,,,0.0,0.0,0.0,set(),set(),set(),set()
22,HNCDL_340,20180723,inf,,,0.0,0.0,0.0,set(),set(),set(),set()
23,HNCDL_340,20180723,inf,,,0.0,0.0,0.0,set(),set(),set(),set()
24,HNCDL_340,20180723,inf,,,0.0,0.0,0.0,set(),set(),set(),set()
25,HNCDL_340,20180723,inf,,,0.0,0.0,0.0,set(),set(),set(),set()
26,HNCDL_340,20180723,inf,,,0.0,0.0,0.0,set(),set(),set(),set()
27,HNCDL_340,20180723,inf,,,0.0,0.0,0.0,set(),set(),set(),set()
28,HNCDL_340,20180723,inf,,,0.0,0.0,0.0,set(),set(),set(),set()
29,HNCDL_340,20180723,inf,,,0.0,0.0,0.0,set(),set(),set(),set()
30,HNCDL_340,20180723,inf,,,0.0,0.0,0.0,set(),set(),set(),set()
31,HNCDL_340,20180723,inf,,,0.0,0.0,0.0,set(),set(),set(),set()
32,HNCDL_340,20180723,inf,,,0.0,0.0,0.0,set(),set(),set(),set()
33,HNCDL_340,20180723,inf,,,0.0,0.0,0.0,set(),set(),set(),set()
34,HNCDL_340,20180723,inf,,,0.0,0.0,0.0,set(),set(),set(),set()
35,HNCDL_340,20180723,inf,,,0.0,0.0,0.0,set(),set(),set(),set()
36,HNCDL_340,20180723,inf,,,0.0,0.0,0.0,set(),set(),set(),set()
37,HNCDL_340,20180723,inf,,,0.0,0.0,0.0,set(),set(),set(),set()
38,HNCDL_340,20180723,inf,,,0.0,0.0,0.0,set(),set(),set(),set()
39,HNCDL_340,20180723,inf,,,0.0,0.0,0.0,set(),set(),set(),set()
40,HNCDL_340,20180723,inf,,,0.0,0.0,0.0,set(),set(),set(),set()
41,HNCDL_340,20180723,inf,,,0.0,0.0,0.0,set(),set(),set(),set()
42,HNCDL_340,20180723,inf,,,0.0,0.0,0.0,set(),set(),set(),set()
43,HNCDL_340,20180723,inf,,,0.0,0.0,0.0,set(),set(),set(),set()
44,HNCDL_340,20180723,inf,,,0.0,0.0,0.0,set(),set(),set(),set()
45,HNCDL_340,20180723,inf,,,0.0,0.0,0.0,set(),set(),set(),set()
46,HNCDL_340,20180723,inf,,,0.0,0.0,0.0,set(),set(),set(),set()
47,HNCDL_340,20180723,inf,,,0.0,0.0,0.0,set(),set(),set(),set()
48,HNCDL_340,20180723,inf,,,0.0,0.0,0.0,set(),set(),set(),set()
49,HNCDL_340,20180723,inf,,,0.0,0.0,0.0,set(),set(),set(),set()
50,HNCDL_340,20180723,inf,,,0.0,0.0,0.0,set(),set(),set(),set()
51,HNCDL_340,20180723,inf,,,0.0,0.0,0.0,set(),set(),set(),set()
52,HNCDL_340,20180723,inf,,,0.0,0.0,0.0,set(),set(),set(),set()
53,HNCDL_340,20180723,inf,,,0.0,0.0,0.0,set(),set(),set(),set()
54,HNCDL_340,20180723,inf,,,0.0,0.0,0.0,set(),set(),set(),set()
55,HNCDL_340,20180723,inf,,,0.0,0.0,0.0,set(),set(),set(),set()
56,HNCDL_340,20180723,inf,,,0.0,0.0,0.0,set(),set(),set(),set()
57,HNCDL_340,20180723,0.0,,,152.34375,1.0,1.0,set(),"{(90, 88), (79, 97), (81, 94), (82, 93), (87, 89), (62, 99), (53, 96), (64, 96), (54, 95), (63, 98), (58, 95), (83, 94), (51, 89), (50, 91), (85, 91), (69, 95), (80, 95), (51, 98), (52, 97), (66, 96), (49, 89), (90, 90), (88, 93), (81, 96), (71, 95), (82, 95), (87, 91), (53, 98), (64, 98), (54, 97), (58, 97), (69, 97), (51, 91), (50, 93), (52, 90), (59, 96), (80, 97), (90, 92), (57, 98), (71, 97), (73, 94), (54, 99), (56, 96), (77, 94), (89, 93), (58, 99), (60, 96), (51, 93), (50, 95), (52, 92), (75, 94), (61, 95), (59, 98), (88, 88), (65, 95), (79, 94), (76, 95), (62, 96), (49, 96), (63, 95), (73, 96), (84, 93), (86, 90), (89, 86), (77, 96), (67, 95), (78, 95), (83, 91), (50, 88), (60, 98), (61, 97), (52, 94), (75, 96), (88, 90), (65, 97), (79, 96), (81, 93), (76, 97), (48, 90), (82, 92), (63, 97), (84, 95), (86, 92), (89, 88), (55, 95), (69, 94), (80, 94), (67, 97), (50, 90), (78, 97), (61, 99), (52, 96), (85, 93), (88, 92), (90, 89), (57, 95), (48, 92), (71, 94), (49, 91), (82, 94), (68, 95), (63, 99), (72, 95), (86, 94), (87, 93), (89, 90), (55, 97), (58, 96), (69, 96), (59, 95), (50, 92), (70, 95), (80, 96), (74, 95), (85, 95), (90, 91), (57, 97), (71, 96), (82, 96), (49, 93), (68, 97), (72, 97), (89, 92), (55, 99), (58, 98), (56, 98), (59, 97), (50, 94), (52, 91), (70, 97), (88, 87), (51, 95), (65, 94), (76, 94), (74, 97), (57, 99), (49, 95), (63, 94), (84, 92), (87, 88), (62, 98), (53, 95), (67, 94), (78, 94), (64, 95), (59, 99), (50, 96), (61, 96), (83, 93), (51, 88), (88, 89), (85, 90), (51, 97), (65, 96), (76, 96), (66, 95), (81, 95), (84, 94), (86, 91), (87, 90), (89, 87), (53, 97), (67, 96), (80, 93), (54, 96), (78, 96), (50, 89), (64, 97), (83, 95), (85, 92), (51, 90), (88, 91), (52, 98), (66, 97), (68, 94), (48, 91), (49, 90), (81, 97), (72, 94), (86, 93), (87, 92), (89, 89), (53, 99), (55, 96), (54, 98), (56, 95), (70, 94), (60, 95), (51, 92), (74, 94), (85, 94), (75, 97), (57, 96), (68, 96), (49, 92), (72, 96), (62, 95), (73, 95), (89, 91), (55, 98), (56, 97), (70, 96), (77, 95), (60, 97), (51, 94), (74, 96), (52, 93), (75, 95), (49, 94), (79, 95), (81, 92), (84, 91), (62, 97), (53, 94), (64, 94), (63, 96), (73, 97), (56, 99), (77, 97), (83, 92), (51, 87), (60, 99), (51, 96), (61, 98), (52, 95), (66, 94)}",set(),"{((49.5, 87.5), (50.5, 87.5)), ((75.5, 93.5), (76.5, 93.5)), ((76.5, 93.5), (77.5, 93.5)), ((50.5, 86.5), (50.5, 87.5)), ((80.5, 91.5), (80.5, 92.5)), ((50.5, 96.5), (50.5, 97.5)), ((79.5, 97.5), (80.5, 97.5)), ((64.5, 93.5), (65.5, 93.5)), ((67.5, 93.5), (68.5, 93.5)), ((90.5, 89.5), (90.5, 90.5)), ((47.5, 91.5), (47.5, 92.5)), ((63.5, 98.5), (63.5, 99.5)), ((50.5, 98.5), (51.5, 98.5)), ((90.5, 87.5), (90.5, 88.5)), ((62.5, 93.5), (63.5, 93.5)), ((85.5, 94.5), (85.5, 95.5)), ((59.5, 99.5), (60.5, 99.5)), ((49.5, 96.5), (50.5, 96.5)), ((90.5, 88.5), (90.5, 89.5)), ((47.5, 90.5), (47.5, 91.5)), ((86.5, 93.5), (86.5, 94.5)), ((84.5, 95.5), (85.5, 95.5)), ((53.5, 99.5), (54.5, 99.5)), ((70.5, 93.5), (71.5, 93.5)), ((86.5, 87.5), (86.5, 88.5)), ((90.5, 90.5), (90.5, 91.5)), ((81.5, 96.5), (82.5, 96.5)), ((63.5, 93.5), (64.5, 93.5)), ((51.5, 86.5), (51.5, 87.5)), ((76.5, 97.5), (77.5, 97.5)), ((67.5, 97.5), (68.5, 97.5)), ((88.5, 93.5), (89.5, 93.5)), ((84.5, 89.5), (85.5, 89.5)), ((77.5, 97.5), (78.5, 97.5)), ((58.5, 94.5), (59.5, 94.5)), ((82.5, 95.5), (82.5, 96.5)), ((51.5, 89.5), (52.5, 89.5)), ((61.5, 99.5), (62.5, 99.5)), ((51.5, 88.5), (51.5, 89.5)), ((68.5, 93.5), (69.5, 93.5)), ((65.5, 93.5), (66.5, 93.5)), ((50.5, 86.5), (51.5, 86.5)), ((89.5, 85.5), (89.5, 86.5)), ((51.5, 87.5), (51.5, 88.5)), ((74.5, 97.5), (75.5, 97.5)), ((48.5, 88.5), (49.5, 88.5)), ((47.5, 89.5), (48.5, 89.5)), ((83.5, 95.5), (84.5, 95.5)), ((80.5, 91.5), (81.5, 91.5)), ((69.5, 97.5), (70.5, 97.5)), ((52.5, 93.5), (53.5, 93.5)), ((90.5, 91.5), (90.5, 92.5)), ((62.5, 93.5), (62.5, 94.5)), ((81.5, 91.5), (82.5, 91.5)), ((52.5, 92.5), (52.5, 93.5)), ((58.5, 99.5), (59.5, 99.5)), ((52.5, 89.5), (52.5, 90.5)), ((56.5, 99.5), (57.5, 99.5)), ((79.5, 92.5), (79.5, 93.5)), ((55.5, 94.5), (56.5, 94.5)), ((78.5, 93.5), (79.5, 93.5)), ((74.5, 93.5), (75.5, 93.5)), ((47.5, 89.5), (47.5, 90.5)), ((49.5, 87.5), (49.5, 88.5)), ((50.5, 97.5), (50.5, 98.5)), ((78.5, 97.5), (79.5, 97.5)), ((84.5, 89.5), (84.5, 90.5)), ((75.5, 97.5), (76.5, 97.5)), ((73.5, 93.5), (74.5, 93.5)), ((80.5, 97.5), (81.5, 97.5)), ((83.5, 90.5), (84.5, 90.5)), ((89.5, 92.5), (90.5, 92.5)), ((52.5, 91.5), (52.5, 92.5)), ((68.5, 97.5), (69.5, 97.5)), ((73.5, 97.5), (74.5, 97.5)), ((87.5, 86.5), (88.5, 86.5)), ((48.5, 94.5), (48.5, 95.5)), ((48.5, 95.5), (48.5, 96.5)), ((57.5, 94.5), (58.5, 94.5)), ((54.5, 94.5), (55.5, 94.5)), ((85.5, 94.5), (86.5, 94.5)), ((54.5, 99.5), (55.5, 99.5)), ((79.5, 92.5), (80.5, 92.5)), ((48.5, 96.5), (49.5, 96.5)), ((48.5, 92.5), (48.5, 93.5)), ((86.5, 88.5), (86.5, 89.5)), ((89.5, 92.5), (89.5, 93.5)), ((52.5, 90.5), (52.5, 91.5)), ((62.5, 99.5), (63.5, 99.5)), ((53.5, 94.5), (54.5, 94.5)), ((66.5, 97.5), (67.5, 97.5)), ((47.5, 92.5), (48.5, 92.5)), ((86.5, 93.5), (87.5, 93.5)), ((59.5, 94.5), (60.5, 94.5)), ((48.5, 88.5), (48.5, 89.5)), ((71.5, 97.5), (72.5, 97.5)), ((57.5, 99.5), (58.5, 99.5)), ((88.5, 85.5), (88.5, 86.5)), ((86.5, 87.5), (87.5, 87.5)), ((52.5, 98.5), (52.5, 99.5)), ((70.5, 97.5), (71.5, 97.5)), ((82.5, 90.5), (82.5, 91.5)), ((66.5, 93.5), (67.5, 93.5)), ((87.5, 86.5), (87.5, 87.5)), ((81.5, 96.5), (81.5, 97.5)), ((60.5, 94.5), (61.5, 94.5)), ((60.5, 99.5), (61.5, 99.5)), ((69.5, 93.5), (70.5, 93.5)), ((87.5, 93.5), (88.5, 93.5)), ((64.5, 97.5), (65.5, 97.5)), ((65.5, 97.5), (66.5, 97.5)), ((85.5, 89.5), (86.5, 89.5)), ((55.5, 99.5), (56.5, 99.5)), ((82.5, 90.5), (83.5, 90.5)), ((48.5, 93.5), (48.5, 94.5)), ((89.5, 87.5), (90.5, 87.5)), ((82.5, 95.5), (83.5, 95.5)), ((72.5, 93.5), (73.5, 93.5)), ((77.5, 93.5), (78.5, 93.5)), ((53.5, 93.5), (53.5, 94.5)), ((51.5, 98.5), (52.5, 98.5)), ((52.5, 99.5), (53.5, 99.5)), ((89.5, 86.5), (89.5, 87.5)), ((88.5, 85.5), (89.5, 85.5)), ((61.5, 94.5), (62.5, 94.5)), ((72.5, 97.5), (73.5, 97.5)), ((71.5, 93.5), (72.5, 93.5)), ((64.5, 97.5), (64.5, 98.5)), ((63.5, 98.5), (64.5, 98.5)), ((56.5, 94.5), (57.5, 94.5))}"
58,HNCDL_340,20180723,0.0,,,152.34375,1.0,1.0,set(),"{(90, 88), (81, 94), (82, 93), (87, 89), (53, 96), (64, 96), (54, 95), (63, 98), (58, 95), (83, 94), (51, 89), (50, 91), (85, 91), (69, 95), (80, 95), (66, 96), (49, 89), (90, 90), (88, 93), (81, 96), (71, 95), (82, 95), (87, 91), (58, 97), (51, 91), (50, 93), (52, 90), (59, 96), (62, 94), (56, 96), (60, 96), (51, 93), (61, 95), (52, 92), (88, 88), (65, 95), (79, 94), (76, 95), (62, 96), (73, 96), (63, 95), (84, 93), (89, 86), (77, 96), (67, 95), (78, 95), (83, 91), (61, 97), (52, 94), (75, 96), (88, 90), (79, 96), (81, 93), (48, 90), (82, 92), (63, 97), (84, 95), (86, 92), (89, 88), (55, 95), (80, 94), (50, 90), (52, 96), (85, 93), (88, 92), (90, 89), (57, 95), (48, 92), (82, 94), (49, 91), (68, 95), (72, 95), (86, 94), (87, 93), (89, 90), (55, 97), (58, 96), (69, 96), (59, 95), (50, 92), (70, 95), (80, 96), (74, 95), (85, 95), (57, 97), (71, 96), (82, 96), (49, 93), (89, 92), (59, 97), (50, 94), (52, 91), (61, 94), (88, 87), (51, 95), (65, 94), (63, 94), (84, 92), (87, 88), (62, 98), (53, 95), (64, 95), (61, 96), (83, 93), (51, 88), (88, 89), (65, 96), (76, 96), (66, 95), (81, 95), (84, 94), (86, 91), (87, 90), (89, 87), (64, 97), (67, 96), (80, 93), (54, 96), (78, 96), (50, 89), (83, 95), (85, 92), (51, 90), (88, 91), (57, 94), (48, 91), (49, 90), (86, 93), (87, 92), (89, 89), (55, 96), (56, 95), (60, 95), (51, 92), (85, 94), (57, 96), (68, 96), (49, 92), (72, 96), (62, 95), (87, 94), (89, 91), (73, 95), (56, 97), (70, 96), (77, 95), (60, 97), (51, 94), (74, 96), (52, 93), (75, 95), (49, 94), (79, 95), (81, 92), (84, 91), (62, 97), (53, 94), (64, 94), (63, 96), (83, 92), (51, 96), (52, 95)}",set(),"{((68.5, 96.5), (69.5, 96.5)), ((69.5, 96.5), (70.5, 96.5)), ((80.5, 91.5), (80.5, 92.5)), ((74.5, 94.5), (75.5, 94.5)), ((64.5, 93.5), (65.5, 93.5)), ((90.5, 89.5), (90.5, 90.5)), ((47.5, 91.5), (47.5, 92.5)), ((90.5, 87.5), (90.5, 88.5)), ((62.5, 93.5), (63.5, 93.5)), ((85.5, 94.5), (85.5, 95.5)), ((50.5, 95.5), (50.5, 96.5)), ((86.5, 94.5), (87.5, 94.5)), ((68.5, 94.5), (69.5, 94.5)), ((90.5, 88.5), (90.5, 89.5)), ((47.5, 90.5), (47.5, 91.5)), ((51.5, 96.5), (52.5, 96.5)), ((84.5, 95.5), (85.5, 95.5)), ((89.5, 91.5), (89.5, 92.5)), ((86.5, 87.5), (86.5, 88.5)), ((57.5, 97.5), (58.5, 97.5)), ((69.5, 94.5), (70.5, 94.5)), ((81.5, 96.5), (82.5, 96.5)), ((63.5, 93.5), (64.5, 93.5)), ((55.5, 97.5), (56.5, 97.5)), ((58.5, 94.5), (59.5, 94.5)), ((82.5, 95.5), (82.5, 96.5)), ((51.5, 89.5), (52.5, 89.5)), ((54.5, 97.5), (55.5, 97.5)), ((70.5, 94.5), (71.5, 94.5)), ((59.5, 97.5), (60.5, 97.5)), ((51.5, 88.5), (51.5, 89.5)), ((49.5, 94.5), (50.5, 94.5)), ((60.5, 97.5), (61.5, 97.5)), ((85.5, 90.5), (86.5, 90.5)), ((76.5, 94.5), (77.5, 94.5)), ((71.5, 96.5), (72.5, 96.5)), ((76.5, 96.5), (77.5, 96.5)), ((89.5, 85.5), (89.5, 86.5)), ((51.5, 87.5), (51.5, 88.5)), ((62.5, 98.5), (63.5, 98.5)), ((48.5, 88.5), (49.5, 88.5)), ((47.5, 89.5), (48.5, 89.5)), ((83.5, 95.5), (84.5, 95.5)), ((67.5, 96.5), (68.5, 96.5)), ((80.5, 91.5), (81.5, 91.5)), ((77.5, 96.5), (78.5, 96.5)), ((71.5, 94.5), (72.5, 94.5)), ((52.5, 93.5), (53.5, 93.5)), ((87.5, 93.5), (87.5, 94.5)), ((65.5, 96.5), (66.5, 96.5)), ((81.5, 91.5), (82.5, 91.5)), ((52.5, 92.5), (52.5, 93.5)), ((58.5, 97.5), (59.5, 97.5)), ((60.5, 93.5), (61.5, 93.5)), ((89.5, 90.5), (89.5, 91.5)), ((54.5, 96.5), (54.5, 97.5)), ((52.5, 96.5), (53.5, 96.5)), ((52.5, 89.5), (52.5, 90.5)), ((61.5, 97.5), (61.5, 98.5)), ((79.5, 92.5), (79.5, 93.5)), ((53.5, 96.5), (54.5, 96.5)), ((77.5, 94.5), (78.5, 94.5)), ((55.5, 94.5), (56.5, 94.5)), ((49.5, 88.5), (50.5, 88.5)), ((78.5, 93.5), (79.5, 93.5)), ((89.5, 90.5), (90.5, 90.5)), ((50.5, 87.5), (51.5, 87.5)), ((47.5, 89.5), (47.5, 90.5)), ((67.5, 94.5), (68.5, 94.5)), ((72.5, 94.5), (73.5, 94.5)), ((79.5, 96.5), (80.5, 96.5)), ((57.5, 93.5), (57.5, 94.5)), ((83.5, 90.5), (84.5, 90.5)), ((52.5, 91.5), (52.5, 92.5)), ((63.5, 97.5), (64.5, 97.5)), ((80.5, 96.5), (81.5, 96.5)), ((87.5, 86.5), (88.5, 86.5)), ((75.5, 94.5), (76.5, 94.5)), ((57.5, 94.5), (58.5, 94.5)), ((70.5, 96.5), (71.5, 96.5)), ((50.5, 87.5), (50.5, 88.5)), ((54.5, 94.5), (55.5, 94.5)), ((85.5, 94.5), (86.5, 94.5)), ((88.5, 92.5), (88.5, 93.5)), ((79.5, 92.5), (80.5, 92.5)), ((65.5, 94.5), (66.5, 94.5)), ((48.5, 92.5), (48.5, 93.5)), ((73.5, 94.5), (74.5, 94.5)), ((86.5, 88.5), (86.5, 89.5)), ((84.5, 90.5), (85.5, 90.5)), ((52.5, 90.5), (52.5, 91.5)), ((63.5, 97.5), (63.5, 98.5)), ((53.5, 94.5), (54.5, 94.5)), ((64.5, 96.5), (65.5, 96.5)), ((65.5, 93.5), (65.5, 94.5)), ((78.5, 93.5), (78.5, 94.5)), ((47.5, 92.5), (48.5, 92.5)), ((48.5, 94.5), (49.5, 94.5)), ((59.5, 94.5), (60.5, 94.5)), ((48.5, 88.5), (48.5, 89.5)), ((86.5, 89.5), (86.5, 90.5)), ((88.5, 85.5), (88.5, 86.5)), ((66.5, 94.5), (67.5, 94.5)), ((86.5, 87.5), (87.5, 87.5)), ((78.5, 96.5), (79.5, 96.5)), ((82.5, 90.5), (82.5, 91.5)), ((88.5, 92.5), (89.5, 92.5)), ((61.5, 93.5), (62.5, 93.5)), ((87.5, 86.5), (87.5, 87.5)), ((72.5, 96.5), (73.5, 96.5)), ((87.5, 93.5), (88.5, 93.5)), ((61.5, 98.5), (62.5, 98.5)), ((60.5, 93.5), (60.5, 94.5)), ((56.5, 97.5), (57.5, 97.5)), ((56.5, 93.5), (56.5, 94.5)), ((66.5, 96.5), (67.5, 96.5)), ((82.5, 90.5), (83.5, 90.5)), ((64.5, 96.5), (64.5, 97.5)), ((48.5, 93.5), (48.5, 94.5)), ((89.5, 87.5), (90.5, 87.5)), ((82.5, 95.5), (83.5, 95.5)), ((75.5, 96.5), (76.5, 96.5)), ((53.5, 93.5), (53.5, 94.5)), ((89.5, 86.5), (89.5, 87.5)), ((50.5, 94.5), (50.5, 95.5)), ((88.5, 85.5), (89.5, 85.5)), ((50.5, 96.5), (51.5, 96.5)), ((73.5, 96.5), (74.5, 96.5)), ((56.5, 93.5), (57.5, 93.5)), ((74.5, 96.5), (75.5, 96.5))}"
59,HNCDL_340,20180723,0.5224489795918367,8.602325267042627,1.165608444376997,137.109375,0.8731343283582089,0.5923566878980892,"{(81, 94), (82, 93), (64, 96), (55, 93), (54, 95), (58, 95), (83, 94), (69, 95), (80, 95), (66, 96), (71, 95), (82, 95), (56, 94), (60, 94), (59, 96), (62, 94), (73, 94), (56, 96), (77, 94), (60, 96), (61, 95), (75, 94), (65, 95), (79, 94), (76, 95), (62, 96), (63, 95), (84, 93), (67, 95), (78, 95), (61, 97), (81, 93), (63, 97), (54, 94), (84, 95), (55, 95), (58, 94), (69, 94), (80, 94), (57, 95), (71, 94), (82, 94), (68, 95), (72, 95), (58, 96), (59, 95), (70, 95), (74, 95), (61, 94), (65, 94), (76, 94), (63, 94), (64, 95), (67, 94), (78, 94), (61, 96), (83, 93), (65, 96), (66, 95), (81, 95), (84, 94), (64, 97), (55, 94), (80, 93), (56, 93), (67, 96), (83, 95), (57, 94), (68, 94), (72, 94), (56, 95), (59, 94), (70, 94), (60, 95), (74, 94), (85, 94), (57, 96), (79, 93), (62, 95), (73, 95), (77, 95), (60, 97), (75, 95), (79, 95), (62, 97), (64, 94), (63, 96), (66, 94)}","{(90, 88), (81, 94), (71, 93), (82, 93), (64, 96), (55, 93), (69, 95), (83, 94), (51, 89), (50, 91), (85, 91), (80, 95), (49, 89), (90, 90), (88, 93), (81, 96), (72, 93), (71, 95), (73, 92), (87, 91), (82, 95), (56, 94), (60, 94), (51, 91), (50, 93), (52, 90), (61, 93), (62, 94), (53, 91), (63, 93), (73, 94), (77, 94), (67, 93), (78, 93), (51, 93), (52, 92), (75, 94), (88, 88), (65, 95), (79, 94), (76, 95), (62, 96), (63, 95), (54, 92), (84, 93), (89, 86), (50, 88), (88, 90), (81, 93), (57, 93), (48, 90), (82, 92), (68, 93), (54, 94), (84, 95), (86, 92), (89, 88), (58, 94), (69, 94), (59, 93), (50, 90), (70, 93), (80, 94), (74, 93), (88, 92), (90, 89), (85, 93), (48, 92), (71, 94), (49, 91), (82, 94), (72, 95), (86, 94), (87, 93), (89, 90), (80, 96), (60, 93), (59, 95), (50, 92), (70, 95), (74, 95), (85, 95), (77, 93), (64, 93), (89, 92), (50, 94), (52, 91), (61, 94), (65, 94), (76, 94), (66, 93), (63, 94), (84, 92), (64, 95), (55, 92), (67, 94), (78, 94), (83, 93), (51, 88), (88, 89), (65, 96), (66, 95), (48, 89), (49, 88), (81, 95), (84, 94), (86, 91), (87, 90), (89, 87), (55, 94), (80, 93), (56, 93), (47, 90), (50, 89), (83, 95), (85, 92), (51, 90), (88, 91), (57, 94), (48, 91), (68, 94), (49, 90), (72, 94), (86, 93), (62, 93), (87, 92), (89, 89), (73, 93), (59, 94), (70, 94), (51, 92), (74, 94), (75, 93), (85, 94), (49, 92), (79, 93), (62, 95), (53, 92), (89, 91), (54, 91), (87, 94), (73, 95), (77, 95), (51, 94), (65, 93), (52, 93), (76, 93), (75, 95), (81, 92), (64, 94), (55, 91), (54, 93), (63, 96), (58, 93), (83, 92), (69, 93), (66, 94)}","{((69.5, 95.5), (70.5, 95.5)), ((60.5, 93.5), (61.5, 93.5)), ((55.5, 92.5), (56.5, 92.5)), ((57.5, 93.5), (58.5, 93.5)), ((75.5, 93.5), (76.5, 93.5)), ((72.5, 95.5), (73.5, 95.5)), ((58.5, 96.5), (59.5, 96.5)), ((76.5, 93.5), (77.5, 93.5)), ((84.5, 94.5), (85.5, 94.5)), ((54.5, 95.5), (55.5, 95.5)), ((56.5, 96.5), (57.5, 96.5)), ((83.5, 92.5), (84.5, 92.5)), ((57.5, 96.5), (58.5, 96.5)), ((59.5, 96.5), (59.5, 97.5)), ((53.5, 93.5), (54.5, 93.5)), ((64.5, 93.5), (65.5, 93.5)), ((73.5, 95.5), (74.5, 95.5)), ((67.5, 93.5), (68.5, 93.5)), ((76.5, 95.5), (77.5, 95.5)), ((74.5, 95.5), (75.5, 95.5)), ((84.5, 92.5), (84.5, 93.5)), ((74.5, 93.5), (75.5, 93.5)), ((62.5, 93.5), (63.5, 93.5)), ((73.5, 93.5), (74.5, 93.5)), ((63.5, 97.5), (64.5, 97.5)), ((70.5, 95.5), (71.5, 95.5)), ((84.5, 93.5), (85.5, 93.5)), ((81.5, 95.5), (82.5, 95.5)), ((82.5, 92.5), (83.5, 92.5)), ((78.5, 92.5), (79.5, 92.5)), ((58.5, 93.5), (59.5, 93.5)), ((70.5, 93.5), (71.5, 93.5)), ((67.5, 95.5), (68.5, 95.5)), ((79.5, 92.5), (80.5, 92.5)), ((63.5, 93.5), (64.5, 93.5)), ((56.5, 92.5), (56.5, 93.5)), ((64.5, 96.5), (65.5, 96.5)), ((53.5, 95.5), (54.5, 95.5)), ((78.5, 92.5), (78.5, 93.5)), ((75.5, 95.5), (76.5, 95.5)), ((80.5, 92.5), (81.5, 92.5)), ((53.5, 94.5), (53.5, 95.5)), ((80.5, 95.5), (81.5, 95.5)), ((81.5, 92.5), (82.5, 92.5)), ((59.5, 97.5), (60.5, 97.5)), ((67.5, 95.5), (67.5, 96.5)), ((60.5, 97.5), (61.5, 97.5)), ((84.5, 94.5), (84.5, 95.5)), ((61.5, 93.5), (62.5, 93.5)), ((68.5, 93.5), (69.5, 93.5)), ((66.5, 93.5), (67.5, 93.5)), ((54.5, 92.5), (55.5, 92.5)), ((69.5, 93.5), (70.5, 93.5)), ((65.5, 93.5), (66.5, 93.5)), ((77.5, 95.5), (78.5, 95.5)), ((66.5, 96.5), (67.5, 96.5)), ((55.5, 95.5), (55.5, 96.5)), ((64.5, 96.5), (64.5, 97.5)), ((82.5, 95.5), (83.5, 95.5)), ((72.5, 93.5), (73.5, 93.5)), ((77.5, 93.5), (78.5, 93.5)), ((83.5, 95.5), (84.5, 95.5)), ((78.5, 95.5), (79.5, 95.5)), ((53.5, 93.5), (53.5, 94.5)), ((85.5, 93.5), (85.5, 94.5)), ((55.5, 96.5), (56.5, 96.5)), ((54.5, 92.5), (54.5, 93.5)), ((79.5, 95.5), (80.5, 95.5)), ((71.5, 95.5), (72.5, 95.5)), ((71.5, 93.5), (72.5, 93.5)), ((65.5, 96.5), (66.5, 96.5)), ((61.5, 97.5), (62.5, 97.5)), ((56.5, 93.5), (57.5, 93.5)), ((62.5, 97.5), (63.5, 97.5)), ((59.5, 93.5), (60.5, 93.5)), ((68.5, 95.5), (69.5, 95.5))}","{((78.5, 94.5), (79.5, 94.5)), ((71.5, 92.5), (72.5, 92.5)), ((49.5, 87.5), (50.5, 87.5)), ((67.5, 92.5), (68.5, 92.5)), ((87.5, 87.5), (88.5, 87.5)), ((89.5, 90.5), (89.5, 91.5)), ((54.5, 90.5), (55.5, 90.5)), ((51.5, 93.5), (51.5, 94.5)), ((81.5, 95.5), (81.5, 96.5)), ((80.5, 91.5), (80.5, 92.5)), ((66.5, 92.5), (67.5, 92.5)), ((62.5, 92.5), (63.5, 92.5)), ((52.5, 89.5), (52.5, 90.5)), ((55.5, 94.5), (56.5, 94.5)), ((77.5, 94.5), (78.5, 94.5)), ((90.5, 89.5), (90.5, 90.5)), ((55.5, 90.5), (55.5, 91.5)), ((47.5, 91.5), (47.5, 92.5)), ((52.5, 90.5), (53.5, 90.5)), ((79.5, 95.5), (79.5, 96.5)), ((46.5, 89.5), (47.5, 89.5)), ((63.5, 96.5), (64.5, 96.5)), ((59.5, 92.5), (60.5, 92.5)), ((64.5, 92.5), (65.5, 92.5)), ((89.5, 90.5), (90.5, 90.5)), ((72.5, 91.5), (73.5, 91.5)), ((50.5, 87.5), (51.5, 87.5)), ((90.5, 87.5), (90.5, 88.5)), ((65.5, 95.5), (65.5, 96.5)), ((84.5, 90.5), (84.5, 91.5)), ((67.5, 94.5), (68.5, 94.5)), ((69.5, 92.5), (70.5, 92.5)), ((48.5, 87.5), (49.5, 87.5)), ((56.5, 94.5), (57.5, 94.5)), ((79.5, 96.5), (80.5, 96.5)), ((85.5, 94.5), (85.5, 95.5)), ((56.5, 92.5), (57.5, 92.5)), ((61.5, 94.5), (61.5, 95.5)), ((86.5, 94.5), (87.5, 94.5)), ((73.5, 91.5), (73.5, 92.5)), ((58.5, 95.5), (59.5, 95.5)), ((46.5, 90.5), (47.5, 90.5)), ((90.5, 88.5), (90.5, 89.5)), ((80.5, 96.5), (81.5, 96.5)), ((47.5, 90.5), (47.5, 91.5)), ((51.5, 93.5), (52.5, 93.5)), ((58.5, 92.5), (59.5, 92.5)), ((49.5, 92.5), (49.5, 93.5)), ((84.5, 95.5), (85.5, 95.5)), ((89.5, 91.5), (89.5, 92.5)), ((57.5, 94.5), (58.5, 94.5)), ((57.5, 92.5), (58.5, 92.5)), ((85.5, 94.5), (86.5, 94.5)), ((54.5, 94.5), (55.5, 94.5)), ((87.5, 87.5), (87.5, 88.5)), ((88.5, 92.5), (88.5, 93.5)), ((83.5, 91.5), (84.5, 91.5)), ((63.5, 92.5), (64.5, 92.5)), ((76.5, 92.5), (77.5, 92.5)), ((88.5, 86.5), (88.5, 87.5)), ((59.5, 94.5), (59.5, 95.5)), ((65.5, 95.5), (66.5, 95.5)), ((84.5, 90.5), (85.5, 90.5)), ((48.5, 87.5), (48.5, 88.5)), ((53.5, 94.5), (54.5, 94.5)), ((68.5, 94.5), (68.5, 95.5)), ((61.5, 92.5), (62.5, 92.5)), ((47.5, 92.5), (48.5, 92.5)), ((51.5, 89.5), (52.5, 89.5)), ((75.5, 92.5), (76.5, 92.5)), ((53.5, 92.5), (53.5, 93.5)), ((50.5, 94.5), (51.5, 94.5)), ((59.5, 94.5), (60.5, 94.5)), ((86.5, 89.5), (86.5, 90.5)), ((77.5, 92.5), (78.5, 92.5)), ((70.5, 92.5), (71.5, 92.5)), ((88.5, 85.5), (88.5, 86.5)), ((51.5, 88.5), (51.5, 89.5)), ((49.5, 94.5), (50.5, 94.5)), ((73.5, 92.5), (74.5, 92.5)), ((85.5, 90.5), (86.5, 90.5)), ((66.5, 94.5), (67.5, 94.5)), ((53.5, 90.5), (54.5, 90.5)), ((47.5, 88.5), (47.5, 89.5)), ((48.5, 92.5), (49.5, 92.5)), ((49.5, 93.5), (49.5, 94.5)), ((88.5, 92.5), (89.5, 92.5)), ((55.5, 91.5), (55.5, 92.5)), ((65.5, 92.5), (66.5, 92.5)), ((60.5, 94.5), (61.5, 94.5)), ((61.5, 95.5), (61.5, 96.5)), ((68.5, 92.5), (69.5, 92.5)), ((58.5, 94.5), (58.5, 95.5)), ((87.5, 93.5), (88.5, 93.5)), ((46.5, 89.5), (46.5, 90.5)), ((60.5, 92.5), (61.5, 92.5)), ((82.5, 91.5), (83.5, 91.5)), ((89.5, 85.5), (89.5, 86.5)), ((74.5, 92.5), (75.5, 92.5)), ((51.5, 87.5), (51.5, 88.5)), ((52.5, 92.5), (53.5, 92.5)), ((79.5, 94.5), (79.5, 95.5)), ((61.5, 96.5), (62.5, 96.5)), ((47.5, 88.5), (48.5, 88.5)), ((86.5, 89.5), (87.5, 89.5)), ((66.5, 94.5), (66.5, 95.5)), ((89.5, 87.5), (90.5, 87.5)), ((80.5, 91.5), (81.5, 91.5)), ((77.5, 94.5), (77.5, 95.5)), ((89.5, 86.5), (89.5, 87.5)), ((88.5, 85.5), (89.5, 85.5)), ((87.5, 88.5), (87.5, 89.5)), ((62.5, 96.5), (63.5, 96.5)), ((87.5, 93.5), (87.5, 94.5)), ((72.5, 91.5), (72.5, 92.5)), ((81.5, 91.5), (82.5, 91.5)), ((52.5, 92.5), (52.5, 93.5))}"
60,HNCDL_340,20180723,0.6024844720496895,5.830951894845301,0.7314235912080043,123.046875,0.8898305084745762,0.48947368421052634,"{(81, 94), (82, 93), (64, 96), (55, 93), (54, 95), (58, 95), (83, 94), (69, 95), (80, 95), (66, 96), (81, 96), (71, 95), (82, 95), (56, 94), (58, 97), (60, 94), (59, 96), (61, 93), (83, 96), (62, 94), (73, 94), (63, 93), (56, 96), (77, 94), (78, 93), (60, 96), (61, 95), (75, 94), (65, 95), (79, 94), (76, 95), (62, 96), (73, 96), (63, 95), (84, 93), (77, 96), (67, 95), (78, 95), (61, 97), (52, 94), (75, 96), (79, 96), (81, 93), (57, 93), (82, 92), (63, 97), (54, 94), (84, 95), (86, 92), (55, 95), (58, 94), (69, 94), (59, 93), (80, 94), (74, 93), (85, 93), (57, 95), (71, 94), (82, 94), (68, 95), (72, 95), (86, 94), (58, 96), (60, 93), (59, 95), (70, 95), (80, 96), (74, 95), (85, 95), (82, 96), (77, 93), (53, 93), (64, 93), (59, 97), (61, 94), (65, 94), (76, 94), (63, 94), (84, 92), (53, 95), (67, 94), (78, 94), (64, 95), (61, 96), (83, 93), (65, 96), (76, 96), (66, 95), (81, 95), (84, 94), (64, 97), (55, 94), (80, 93), (56, 93), (54, 96), (67, 96), (78, 96), (83, 95), (85, 92), (57, 94), (68, 94), (72, 94), (86, 93), (62, 93), (55, 96), (56, 95), (59, 94), (70, 94), (60, 95), (74, 94), (85, 94), (75, 93), (57, 96), (79, 93), (62, 95), (73, 95), (77, 95), (60, 97), (74, 96), (76, 93), (52, 93), (75, 95), (79, 95), (81, 92), (62, 97), (53, 94), (64, 94), (54, 93), (63, 96), (58, 93), (83, 92), (66, 94)}","{(68, 91), (81, 94), (72, 91), (71, 93), (82, 93), (55, 93), (56, 92), (58, 95), (60, 92), (51, 89), (50, 91), (74, 91), (83, 94), (69, 95), (80, 95), (49, 89), (90, 90), (88, 93), (72, 93), (71, 95), (62, 92), (87, 91), (73, 92), (82, 95), (56, 94), (86, 95), (77, 92), (60, 94), (51, 91), (61, 93), (52, 90), (75, 92), (79, 92), (62, 94), (53, 91), (63, 93), (54, 90), (73, 94), (77, 94), (67, 93), (78, 93), (51, 93), (61, 95), (52, 92), (75, 94), (88, 88), (65, 95), (79, 94), (76, 95), (63, 95), (54, 92), (84, 93), (67, 95), (58, 92), (69, 92), (70, 91), (50, 88), (80, 92), (78, 95), (88, 90), (81, 93), (57, 93), (48, 90), (71, 92), (82, 92), (68, 93), (54, 94), (84, 95), (86, 92), (89, 88), (55, 95), (58, 94), (69, 94), (59, 93), (50, 90), (70, 93), (80, 94), (74, 93), (88, 92), (85, 93), (57, 95), (71, 94), (73, 91), (49, 91), (82, 94), (68, 95), (72, 95), (86, 94), (87, 93), (89, 90), (60, 93), (59, 95), (50, 92), (61, 92), (70, 95), (74, 95), (76, 92), (88, 94), (85, 95), (63, 92), (77, 93), (53, 93), (55, 90), (67, 92), (78, 92), (64, 93), (87, 95), (61, 94), (52, 91), (65, 94), (76, 94), (66, 93), (63, 94), (84, 92), (64, 95), (55, 92), (69, 91), (67, 94), (78, 94), (83, 93), (51, 88), (88, 89), (66, 95), (57, 92), (48, 89), (68, 92), (49, 88), (81, 95), (72, 92), (86, 91), (84, 94), (87, 90), (89, 87), (55, 94), (80, 93), (56, 93), (47, 90), (50, 89), (59, 92), (70, 92), (83, 95), (74, 92), (51, 90), (88, 91), (75, 91), (85, 92), (57, 94), (68, 94), (49, 90), (72, 94), (86, 93), (62, 93), (53, 90), (89, 89), (87, 92), (73, 93), (56, 95), (59, 94), (70, 94), (60, 95), (51, 92), (74, 94), (75, 93), (85, 94), (49, 92), (79, 93), (62, 95), (53, 92), (67, 91), (54, 91), (89, 91), (87, 94), (73, 95), (77, 95), (65, 93), (52, 93), (66, 92), (76, 93), (75, 95), (79, 95), (81, 92), (71, 91), (53, 94), (55, 91), (54, 93), (64, 94), (58, 93), (83, 92), (69, 93), (66, 94)}","{((58.5, 97.5), (59.5, 97.5)), ((69.5, 95.5), (70.5, 95.5)), ((55.5, 92.5), (56.5, 92.5)), ((51.5, 92.5), (52.5, 92.5)), ((51.5, 93.5), (51.5, 94.5)), ((80.5, 91.5), (80.5, 92.5)), ((62.5, 92.5), (63.5, 92.5)), ((56.5, 96.5), (57.5, 96.5)), ((64.5, 93.5), (65.5, 93.5)), ((53.5, 96.5), (54.5, 96.5)), ((67.5, 93.5), (68.5, 93.5)), ((86.5, 91.5), (86.5, 92.5)), ((52.5, 95.5), (53.5, 95.5)), ((59.5, 92.5), (60.5, 92.5)), ((79.5, 96.5), (80.5, 96.5)), ((85.5, 94.5), (85.5, 95.5)), ((56.5, 92.5), (57.5, 92.5)), ((53.5, 95.5), (53.5, 96.5)), ((63.5, 97.5), (64.5, 97.5)), ((80.5, 96.5), (81.5, 96.5)), ((70.5, 95.5), (71.5, 95.5)), ((58.5, 92.5), (59.5, 92.5)), ((86.5, 93.5), (86.5, 94.5)), ((84.5, 95.5), (85.5, 95.5)), ((78.5, 92.5), (79.5, 92.5)), ((57.5, 92.5), (58.5, 92.5)), ((85.5, 94.5), (86.5, 94.5)), ((70.5, 93.5), (71.5, 93.5)), ((67.5, 95.5), (68.5, 95.5)), ((57.5, 97.5), (58.5, 97.5)), ((83.5, 91.5), (84.5, 91.5)), ((79.5, 92.5), (80.5, 92.5)), ((63.5, 92.5), (64.5, 92.5)), ((81.5, 96.5), (82.5, 96.5)), ((85.5, 91.5), (86.5, 91.5)), ((76.5, 92.5), (77.5, 92.5)), ((57.5, 96.5), (57.5, 97.5)), ((64.5, 96.5), (65.5, 96.5)), ((64.5, 92.5), (64.5, 93.5)), ((61.5, 92.5), (62.5, 92.5)), ((75.5, 92.5), (76.5, 92.5)), ((51.5, 94.5), (52.5, 94.5)), ((86.5, 92.5), (86.5, 93.5)), ((77.5, 92.5), (78.5, 92.5)), ((59.5, 97.5), (60.5, 97.5)), ((68.5, 95.5), (69.5, 95.5)), ((67.5, 95.5), (67.5, 96.5)), ((73.5, 92.5), (74.5, 92.5)), ((60.5, 97.5), (61.5, 97.5)), ((82.5, 96.5), (83.5, 96.5)), ((78.5, 96.5), (79.5, 96.5)), ((68.5, 93.5), (69.5, 93.5)), ((66.5, 93.5), (67.5, 93.5)), ((83.5, 95.5), (83.5, 96.5)), ((54.5, 92.5), (55.5, 92.5)), ((69.5, 93.5), (70.5, 93.5)), ((72.5, 96.5), (73.5, 96.5)), ((65.5, 93.5), (66.5, 93.5)), ((60.5, 92.5), (61.5, 92.5)), ((76.5, 96.5), (77.5, 96.5)), ((82.5, 91.5), (83.5, 91.5)), ((74.5, 92.5), (75.5, 92.5)), ((52.5, 92.5), (53.5, 92.5)), ((52.5, 94.5), (52.5, 95.5)), ((72.5, 95.5), (72.5, 96.5)), ((51.5, 92.5), (51.5, 93.5)), ((66.5, 96.5), (67.5, 96.5)), ((84.5, 91.5), (85.5, 91.5)), ((53.5, 92.5), (54.5, 92.5)), ((64.5, 96.5), (64.5, 97.5)), ((72.5, 93.5), (73.5, 93.5)), ((83.5, 95.5), (84.5, 95.5)), ((75.5, 96.5), (76.5, 96.5)), ((80.5, 91.5), (81.5, 91.5)), ((55.5, 96.5), (56.5, 96.5)), ((77.5, 96.5), (78.5, 96.5)), ((54.5, 96.5), (55.5, 96.5)), ((71.5, 95.5), (72.5, 95.5)), ((71.5, 93.5), (72.5, 93.5)), ((65.5, 96.5), (66.5, 96.5)), ((73.5, 96.5), (74.5, 96.5)), ((61.5, 97.5), (62.5, 97.5)), ((73.5, 92.5), (73.5, 93.5)), ((74.5, 96.5), (75.5, 96.5)), ((62.5, 97.5), (63.5, 97.5)), ((81.5, 91.5), (82.5, 91.5))}","{((49.5, 87.5), (50.5, 87.5)), ((87.5, 87.5), (88.5, 87.5)), ((89.5, 87.5), (89.5, 88.5)), ((89.5, 90.5), (89.5, 91.5)), ((88.5, 91.5), (88.5, 92.5)), ((72.5, 95.5), (73.5, 95.5)), ((71.5, 90.5), (72.5, 90.5)), ((55.5, 95.5), (56.5, 95.5)), ((85.5, 95.5), (86.5, 95.5)), ((54.5, 95.5), (55.5, 95.5)), ((69.5, 90.5), (70.5, 90.5)), ((90.5, 89.5), (90.5, 90.5)), ((89.5, 88.5), (89.5, 89.5)), ((55.5, 90.5), (55.5, 91.5)), ((47.5, 90.5), (48.5, 90.5)), ((73.5, 95.5), (74.5, 95.5)), ((76.5, 95.5), (77.5, 95.5)), ((65.5, 91.5), (65.5, 92.5)), ((74.5, 95.5), (75.5, 95.5)), ((46.5, 89.5), (47.5, 89.5)), ((64.5, 92.5), (65.5, 92.5)), ((62.5, 91.5), (63.5, 91.5)), ((89.5, 90.5), (90.5, 90.5)), ((58.5, 91.5), (59.5, 91.5)), ((50.5, 87.5), (51.5, 87.5)), ((63.5, 95.5), (64.5, 95.5)), ((61.5, 91.5), (62.5, 91.5)), ((56.5, 91.5), (57.5, 91.5)), ((88.5, 93.5), (88.5, 94.5)), ((48.5, 87.5), (49.5, 87.5)), ((89.5, 89.5), (90.5, 89.5)), ((50.5, 92.5), (50.5, 93.5)), ((52.5, 93.5), (52.5, 94.5)), ((58.5, 95.5), (59.5, 95.5)), ((50.5, 93.5), (51.5, 93.5)), ((74.5, 90.5), (75.5, 90.5)), ((56.5, 95.5), (57.5, 95.5)), ((75.5, 90.5), (75.5, 91.5)), ((57.5, 95.5), (58.5, 95.5)), ((46.5, 90.5), (47.5, 90.5)), ((48.5, 91.5), (48.5, 92.5)), ((51.5, 93.5), (52.5, 93.5)), ((81.5, 95.5), (82.5, 95.5)), ((60.5, 91.5), (61.5, 91.5)), ((79.5, 91.5), (80.5, 91.5)), ((87.5, 87.5), (87.5, 88.5)), ((88.5, 86.5), (89.5, 86.5)), ((65.5, 91.5), (66.5, 91.5)), ((88.5, 92.5), (88.5, 93.5)), ((64.5, 95.5), (65.5, 95.5)), ((77.5, 91.5), (78.5, 91.5)), ((52.5, 94.5), (53.5, 94.5)), ((88.5, 86.5), (88.5, 87.5)), ((65.5, 95.5), (66.5, 95.5)), ((48.5, 87.5), (48.5, 88.5)), ((48.5, 90.5), (48.5, 91.5)), ((53.5, 94.5), (54.5, 94.5)), ((85.5, 90.5), (85.5, 91.5)), ((72.5, 90.5), (73.5, 90.5)), ((86.5, 95.5), (87.5, 95.5)), ((68.5, 90.5), (69.5, 90.5)), ((51.5, 89.5), (52.5, 89.5)), ((75.5, 95.5), (76.5, 95.5)), ((87.5, 94.5), (88.5, 94.5)), ((80.5, 95.5), (81.5, 95.5)), ((86.5, 89.5), (86.5, 90.5)), ((66.5, 90.5), (66.5, 91.5)), ((51.5, 88.5), (51.5, 89.5)), ((85.5, 90.5), (86.5, 90.5)), ((78.5, 91.5), (79.5, 91.5)), ((47.5, 88.5), (47.5, 89.5)), ((57.5, 91.5), (58.5, 91.5)), ((48.5, 92.5), (49.5, 92.5)), ((54.5, 89.5), (55.5, 89.5)), ((73.5, 90.5), (74.5, 90.5)), ((54.5, 94.5), (54.5, 95.5)), ((46.5, 89.5), (46.5, 90.5)), ((52.5, 89.5), (53.5, 89.5)), ((63.5, 91.5), (63.5, 92.5)), ((66.5, 95.5), (67.5, 95.5)), ((77.5, 95.5), (78.5, 95.5)), ((62.5, 95.5), (63.5, 95.5)), ((55.5, 89.5), (55.5, 90.5)), ((53.5, 89.5), (54.5, 89.5)), ((51.5, 87.5), (51.5, 88.5)), ((47.5, 88.5), (48.5, 88.5)), ((86.5, 89.5), (87.5, 89.5)), ((88.5, 91.5), (89.5, 91.5)), ((82.5, 95.5), (83.5, 95.5)), ((75.5, 91.5), (76.5, 91.5)), ((78.5, 95.5), (79.5, 95.5)), ((61.5, 95.5), (62.5, 95.5)), ((70.5, 90.5), (71.5, 90.5)), ((59.5, 91.5), (60.5, 91.5)), ((66.5, 90.5), (67.5, 90.5)), ((76.5, 91.5), (77.5, 91.5)), ((89.5, 86.5), (89.5, 87.5)), ((79.5, 95.5), (80.5, 95.5)), ((55.5, 91.5), (56.5, 91.5)), ((87.5, 94.5), (87.5, 95.5)), ((87.5, 88.5), (87.5, 89.5)), ((67.5, 90.5), (68.5, 90.5)), ((59.5, 95.5), (60.5, 95.5)), ((49.5, 92.5), (50.5, 92.5)), ((60.5, 95.5), (61.5, 95.5))}"
61,HNCDL_340,20180723,0.7413333333333333,6.0,0.47177329417241476,116.015625,0.7857142857142857,0.3349282296650718,"{(81, 94), (71, 93), (82, 93), (64, 96), (55, 93), (54, 95), (56, 92), (58, 95), (60, 92), (85, 91), (83, 94), (69, 95), (80, 95), (66, 96), (81, 96), (72, 93), (71, 95), (62, 92), (82, 95), (56, 94), (86, 95), (77, 92), (60, 94), (51, 91), (61, 93), (59, 96), (83, 96), (79, 92), (62, 94), (53, 91), (63, 93), (73, 94), (56, 96), (77, 94), (67, 93), (78, 93), (60, 96), (51, 93), (61, 95), (52, 92), (75, 94), (65, 95), (79, 94), (81, 91), (76, 95), (62, 96), (63, 95), (54, 92), (84, 93), (77, 96), (67, 95), (58, 92), (83, 91), (80, 92), (78, 95), (52, 94), (75, 96), (79, 96), (81, 93), (57, 93), (82, 92), (68, 93), (54, 94), (84, 95), (86, 92), (55, 95), (58, 94), (69, 94), (59, 93), (70, 93), (80, 94), (74, 93), (85, 93), (57, 95), (71, 94), (82, 94), (68, 95), (72, 95), (86, 94), (87, 93), (58, 96), (60, 93), (59, 95), (61, 92), (70, 95), (80, 96), (74, 95), (76, 92), (85, 95), (82, 96), (77, 93), (53, 93), (78, 92), (64, 93), (61, 94), (52, 91), (65, 94), (76, 94), (66, 93), (63, 94), (84, 92), (53, 95), (55, 92), (80, 91), (67, 94), (78, 94), (64, 95), (61, 96), (83, 93), (65, 96), (76, 96), (66, 95), (57, 92), (82, 91), (81, 95), (84, 94), (86, 91), (55, 94), (80, 93), (56, 93), (59, 92), (54, 96), (67, 96), (78, 96), (83, 95), (85, 92), (57, 94), (68, 94), (72, 94), (86, 93), (62, 93), (73, 93), (84, 96), (55, 96), (56, 95), (59, 94), (70, 94), (60, 95), (51, 92), (74, 94), (75, 93), (85, 94), (57, 96), (79, 93), (62, 95), (53, 92), (73, 95), (77, 95), (51, 94), (65, 93), (52, 93), (76, 93), (75, 95), (74, 96), (79, 95), (81, 92), (84, 91), (53, 94), (64, 94), (54, 93), (63, 96), (58, 93), (83, 92), (69, 93), (52, 95), (66, 94)}","{(49, 87), (81, 94), (71, 93), (82, 93), (87, 89), (64, 96), (55, 93), (54, 95), (56, 92), (58, 95), (83, 94), (51, 89), (50, 91), (52, 88), (85, 91), (69, 95), (80, 95), (49, 89), (72, 93), (71, 95), (73, 92), (87, 91), (82, 95), (56, 94), (77, 92), (60, 94), (51, 91), (50, 93), (52, 90), (75, 92), (61, 93), (59, 96), (79, 92), (62, 94), (73, 94), (63, 93), (86, 88), (77, 94), (67, 93), (78, 93), (85, 86), (60, 96), (51, 93), (61, 95), (52, 92), (75, 94), (88, 88), (65, 95), (79, 94), (76, 95), (48, 88), (62, 96), (63, 95), (54, 92), (84, 93), (86, 90), (51, 87), (67, 95), (58, 92), (69, 92), (51, 86), (50, 88), (80, 92), (78, 95), (61, 97), (52, 94), (88, 90), (81, 93), (57, 93), (48, 90), (71, 92), (82, 92), (68, 93), (84, 86), (63, 97), (54, 94), (84, 95), (86, 92), (55, 95), (58, 94), (69, 94), (59, 93), (50, 90), (70, 93), (80, 94), (74, 93), (88, 92), (85, 93), (57, 95), (71, 94), (82, 94), (49, 91), (68, 95), (84, 88), (72, 95), (86, 94), (87, 93), (58, 96), (60, 93), (59, 95), (50, 92), (52, 89), (70, 95), (74, 95), (65, 92), (76, 92), (85, 95), (63, 92), (86, 87), (87, 86), (77, 93), (53, 93), (67, 92), (78, 92), (64, 93), (59, 97), (50, 94), (52, 91), (61, 94), (85, 88), (65, 94), (76, 94), (66, 93), (63, 94), (84, 92), (86, 89), (87, 88), (53, 95), (55, 92), (67, 94), (78, 94), (64, 95), (50, 87), (61, 96), (83, 93), (51, 88), (88, 89), (85, 90), (66, 95), (57, 92), (48, 89), (68, 92), (49, 88), (81, 95), (72, 92), (86, 91), (84, 94), (87, 90), (55, 94), (80, 93), (56, 93), (59, 92), (50, 89), (70, 92), (83, 95), (74, 92), (51, 90), (88, 91), (85, 92), (57, 94), (68, 94), (49, 90), (84, 87), (72, 94), (86, 93), (62, 93), (87, 92), (73, 93), (56, 95), (59, 94), (70, 94), (83, 88), (85, 85), (60, 95), (51, 92), (74, 94), (75, 93), (85, 94), (57, 96), (49, 92), (79, 93), (86, 86), (62, 95), (53, 92), (64, 92), (73, 95), (77, 95), (85, 87), (60, 97), (51, 94), (65, 93), (52, 93), (66, 92), (76, 93), (75, 95), (79, 95), (81, 92), (84, 91), (87, 87), (62, 97), (53, 94), (64, 94), (54, 93), (63, 96), (58, 93), (83, 92), (85, 89), (69, 93), (66, 94)}","{((71.5, 92.5), (72.5, 92.5)), ((69.5, 95.5), (70.5, 95.5)), ((67.5, 92.5), (68.5, 92.5)), ((86.5, 94.5), (86.5, 95.5)), ((75.5, 91.5), (75.5, 92.5)), ((60.5, 96.5), (61.5, 96.5)), ((72.5, 95.5), (73.5, 95.5)), ((58.5, 96.5), (59.5, 96.5)), ((66.5, 92.5), (67.5, 92.5)), ((85.5, 95.5), (86.5, 95.5)), ((84.5, 95.5), (84.5, 96.5)), ((62.5, 92.5), (63.5, 92.5)), ((56.5, 96.5), (57.5, 96.5)), ((57.5, 96.5), (58.5, 96.5)), ((51.5, 95.5), (52.5, 95.5)), ((53.5, 96.5), (54.5, 96.5)), ((52.5, 90.5), (53.5, 90.5)), ((86.5, 91.5), (86.5, 92.5)), ((52.5, 95.5), (53.5, 95.5)), ((63.5, 96.5), (64.5, 96.5)), ((64.5, 92.5), (65.5, 92.5)), ((58.5, 91.5), (59.5, 91.5)), ((50.5, 91.5), (50.5, 92.5)), ((61.5, 91.5), (62.5, 91.5)), ((56.5, 91.5), (57.5, 91.5)), ((69.5, 92.5), (70.5, 92.5)), ((79.5, 90.5), (80.5, 90.5)), ((79.5, 96.5), (80.5, 96.5)), ((50.5, 92.5), (50.5, 93.5)), ((87.5, 92.5), (87.5, 93.5)), ((86.5, 90.5), (86.5, 91.5)), ((53.5, 95.5), (53.5, 96.5)), ((83.5, 90.5), (84.5, 90.5)), ((50.5, 90.5), (51.5, 90.5)), ((53.5, 91.5), (54.5, 91.5)), ((80.5, 96.5), (81.5, 96.5)), ((70.5, 95.5), (71.5, 95.5)), ((86.5, 92.5), (87.5, 92.5)), ((54.5, 91.5), (55.5, 91.5)), ((86.5, 93.5), (86.5, 94.5)), ((51.5, 94.5), (51.5, 95.5)), ((84.5, 95.5), (85.5, 95.5)), ((60.5, 91.5), (61.5, 91.5)), ((67.5, 95.5), (68.5, 95.5)), ((53.5, 90.5), (53.5, 91.5)), ((63.5, 92.5), (64.5, 92.5)), ((81.5, 96.5), (82.5, 96.5)), ((77.5, 91.5), (78.5, 91.5)), ((50.5, 93.5), (50.5, 94.5)), ((84.5, 90.5), (85.5, 90.5)), ((79.5, 90.5), (79.5, 91.5)), ((64.5, 96.5), (65.5, 96.5)), ((50.5, 90.5), (50.5, 91.5)), ((86.5, 93.5), (87.5, 93.5)), ((50.5, 94.5), (51.5, 94.5)), ((70.5, 92.5), (71.5, 92.5)), ((67.5, 95.5), (67.5, 96.5)), ((73.5, 92.5), (74.5, 92.5)), ((85.5, 90.5), (86.5, 90.5)), ((82.5, 96.5), (83.5, 96.5)), ((78.5, 91.5), (79.5, 91.5)), ((78.5, 96.5), (79.5, 96.5)), ((57.5, 91.5), (58.5, 91.5)), ((65.5, 92.5), (66.5, 92.5)), ((68.5, 92.5), (69.5, 92.5)), ((76.5, 96.5), (77.5, 96.5)), ((74.5, 92.5), (75.5, 92.5)), ((61.5, 96.5), (62.5, 96.5)), ((66.5, 96.5), (67.5, 96.5)), ((82.5, 90.5), (83.5, 90.5)), ((83.5, 96.5), (84.5, 96.5)), ((73.5, 95.5), (73.5, 96.5)), ((51.5, 90.5), (52.5, 90.5)), ((75.5, 91.5), (76.5, 91.5)), ((75.5, 96.5), (76.5, 96.5)), ((55.5, 96.5), (56.5, 96.5)), ((77.5, 96.5), (78.5, 96.5)), ((59.5, 91.5), (60.5, 91.5)), ((76.5, 91.5), (77.5, 91.5)), ((72.5, 92.5), (73.5, 92.5)), ((54.5, 96.5), (55.5, 96.5)), ((55.5, 91.5), (56.5, 91.5)), ((59.5, 96.5), (60.5, 96.5)), ((71.5, 95.5), (72.5, 95.5)), ((80.5, 90.5), (81.5, 90.5)), ((62.5, 91.5), (62.5, 92.5)), ((62.5, 96.5), (63.5, 96.5)), ((65.5, 96.5), (66.5, 96.5)), ((73.5, 96.5), (74.5, 96.5)), ((81.5, 90.5), (82.5, 90.5)), ((74.5, 96.5), (75.5, 96.5)), ((68.5, 95.5), (69.5, 95.5))}","{((58.5, 97.5), (59.5, 97.5)), ((52.5, 87.5), (52.5, 88.5)), ((87.5, 87.5), (88.5, 87.5)), ((84.5, 84.5), (85.5, 84.5)), ((88.5, 91.5), (88.5, 92.5)), ((51.5, 87.5), (52.5, 87.5)), ((87.5, 92.5), (88.5, 92.5)), ((73.5, 91.5), (74.5, 91.5)), ((55.5, 95.5), (56.5, 95.5)), ((54.5, 95.5), (55.5, 95.5)), ((52.5, 91.5), (53.5, 91.5)), ((74.5, 91.5), (75.5, 91.5)), ((47.5, 87.5), (48.5, 87.5)), ((52.5, 89.5), (52.5, 90.5)), ((48.5, 86.5), (49.5, 86.5)), ((84.5, 88.5), (84.5, 89.5)), ((66.5, 91.5), (67.5, 91.5)), ((52.5, 88.5), (52.5, 89.5)), ((47.5, 90.5), (48.5, 90.5)), ((73.5, 95.5), (74.5, 95.5)), ((76.5, 95.5), (77.5, 95.5)), ((50.5, 85.5), (50.5, 86.5)), ((74.5, 95.5), (75.5, 95.5)), ((82.5, 88.5), (83.5, 88.5)), ((59.5, 92.5), (60.5, 92.5)), ((62.5, 91.5), (63.5, 91.5)), ((72.5, 91.5), (73.5, 91.5)), ((49.5, 86.5), (50.5, 86.5)), ((47.5, 89.5), (47.5, 90.5)), ((84.5, 89.5), (84.5, 90.5)), ((59.5, 91.5), (59.5, 92.5)), ((85.5, 94.5), (85.5, 95.5)), ((64.5, 95.5), (64.5, 96.5)), ((50.5, 85.5), (51.5, 85.5)), ((48.5, 91.5), (48.5, 92.5)), ((47.5, 87.5), (47.5, 88.5)), ((81.5, 95.5), (82.5, 95.5)), ((49.5, 92.5), (49.5, 93.5)), ((63.5, 96.5), (63.5, 97.5)), ((79.5, 91.5), (80.5, 91.5)), ((69.5, 91.5), (70.5, 91.5)), ((85.5, 94.5), (86.5, 94.5)), ((65.5, 91.5), (66.5, 91.5)), ((64.5, 95.5), (65.5, 95.5)), ((63.5, 91.5), (64.5, 91.5)), ((51.5, 86.5), (51.5, 87.5)), ((85.5, 84.5), (85.5, 85.5)), ((65.5, 95.5), (66.5, 95.5)), ((56.5, 95.5), (56.5, 96.5)), ((52.5, 90.5), (52.5, 91.5)), ((51.5, 85.5), (51.5, 86.5)), ((82.5, 87.5), (83.5, 87.5)), ((48.5, 90.5), (48.5, 91.5)), ((88.5, 89.5), (88.5, 90.5)), ((61.5, 92.5), (62.5, 92.5)), ((53.5, 95.5), (54.5, 95.5)), ((75.5, 95.5), (76.5, 95.5)), ((51.5, 94.5), (52.5, 94.5)), ((80.5, 95.5), (81.5, 95.5)), ((68.5, 91.5), (69.5, 91.5)), ((88.5, 90.5), (88.5, 91.5)), ((83.5, 90.5), (83.5, 91.5)), ((59.5, 97.5), (60.5, 97.5)), ((49.5, 94.5), (50.5, 94.5)), ((60.5, 97.5), (61.5, 97.5)), ((88.5, 88.5), (88.5, 89.5)), ((82.5, 87.5), (82.5, 88.5)), ((47.5, 88.5), (47.5, 89.5)), ((48.5, 92.5), (49.5, 92.5)), ((49.5, 93.5), (49.5, 94.5)), ((87.5, 86.5), (87.5, 87.5)), ((70.5, 91.5), (71.5, 91.5)), ((87.5, 85.5), (87.5, 86.5)), ((88.5, 87.5), (88.5, 88.5)), ((83.5, 85.5), (84.5, 85.5)), ((83.5, 88.5), (84.5, 88.5)), ((60.5, 92.5), (61.5, 92.5)), ((66.5, 95.5), (67.5, 95.5)), ((77.5, 95.5), (78.5, 95.5)), ((82.5, 91.5), (83.5, 91.5)), ((64.5, 91.5), (65.5, 91.5)), ((52.5, 94.5), (52.5, 95.5)), ((58.5, 96.5), (58.5, 97.5)), ((84.5, 84.5), (84.5, 85.5)), ((82.5, 95.5), (83.5, 95.5)), ((83.5, 95.5), (84.5, 95.5)), ((78.5, 95.5), (79.5, 95.5)), ((48.5, 86.5), (48.5, 87.5)), ((80.5, 91.5), (81.5, 91.5)), ((71.5, 91.5), (72.5, 91.5)), ((83.5, 86.5), (83.5, 87.5)), ((67.5, 91.5), (68.5, 91.5)), ((83.5, 85.5), (83.5, 86.5)), ((79.5, 95.5), (80.5, 95.5)), ((61.5, 97.5), (62.5, 97.5)), ((85.5, 85.5), (86.5, 85.5)), ((62.5, 97.5), (63.5, 97.5)), ((86.5, 85.5), (87.5, 85.5)), ((81.5, 91.5), (82.5, 91.5))}"
62,HNCDL_340,20180723,0.8156424581005586,3.605551275463989,0.23544484251553205,87.890625,0.6818181818181818,0.13609467455621302,"{(57, 91), (81, 94), (71, 93), (82, 93), (55, 93), (54, 95), (56, 92), (58, 95), (60, 92), (85, 91), (50, 91), (61, 91), (83, 94), (69, 95), (80, 95), (81, 96), (72, 93), (71, 95), (62, 92), (73, 92), (63, 91), (82, 95), (56, 94), (77, 92), (60, 94), (51, 91), (50, 93), (52, 90), (75, 92), (61, 93), (83, 96), (79, 92), (62, 94), (53, 91), (63, 93), (73, 94), (77, 94), (67, 93), (78, 93), (51, 93), (61, 95), (52, 92), (75, 94), (65, 95), (79, 94), (81, 91), (76, 95), (82, 90), (63, 95), (54, 92), (84, 93), (86, 90), (77, 96), (67, 95), (58, 92), (83, 91), (59, 91), (80, 92), (78, 95), (52, 94), (79, 96), (81, 93), (57, 93), (82, 92), (68, 93), (54, 94), (84, 95), (86, 92), (55, 95), (58, 94), (60, 91), (59, 93), (50, 90), (70, 93), (69, 94), (80, 94), (74, 93), (85, 93), (57, 95), (71, 94), (62, 91), (49, 91), (82, 94), (68, 95), (72, 95), (86, 94), (77, 91), (80, 96), (60, 93), (59, 95), (50, 92), (61, 92), (70, 95), (74, 95), (65, 92), (79, 91), (76, 92), (85, 95), (82, 96), (49, 93), (63, 92), (84, 90), (77, 93), (53, 93), (78, 92), (64, 93), (50, 94), (52, 91), (61, 94), (65, 94), (76, 94), (66, 93), (63, 94), (84, 92), (53, 95), (55, 92), (58, 91), (56, 91), (80, 91), (67, 94), (78, 94), (64, 95), (83, 93), (85, 90), (76, 96), (66, 95), (57, 92), (82, 91), (81, 95), (72, 92), (86, 91), (84, 94), (55, 94), (80, 93), (56, 93), (59, 92), (78, 96), (83, 95), (74, 92), (85, 92), (51, 90), (75, 91), (57, 94), (68, 94), (49, 90), (72, 94), (86, 93), (62, 93), (73, 93), (56, 95), (59, 94), (70, 94), (60, 95), (51, 92), (76, 91), (75, 93), (74, 94), (85, 94), (49, 92), (79, 93), (81, 90), (84, 89), (62, 95), (53, 92), (78, 91), (54, 91), (64, 92), (73, 95), (77, 95), (83, 90), (51, 94), (65, 93), (52, 93), (66, 92), (76, 93), (75, 95), (79, 95), (81, 92), (84, 91), (53, 94), (55, 91), (54, 93), (64, 94), (58, 93), (83, 92), (85, 89), (69, 93), (52, 95), (66, 94)}","{(57, 91), (81, 94), (72, 91), (71, 93), (82, 93), (87, 89), (55, 93), (56, 92), (69, 95), (60, 92), (51, 89), (50, 91), (61, 91), (74, 91), (85, 91), (83, 94), (72, 93), (71, 95), (62, 92), (87, 91), (63, 91), (73, 92), (56, 94), (77, 92), (60, 94), (51, 91), (61, 93), (75, 92), (79, 92), (62, 94), (53, 91), (64, 91), (63, 93), (73, 94), (86, 88), (77, 94), (67, 93), (78, 93), (51, 93), (52, 92), (75, 94), (88, 88), (65, 95), (79, 94), (81, 91), (63, 95), (54, 92), (84, 93), (86, 90), (67, 95), (58, 92), (83, 91), (59, 91), (80, 92), (52, 94), (81, 93), (57, 93), (71, 92), (82, 92), (68, 93), (54, 94), (86, 92), (58, 94), (60, 91), (59, 93), (50, 90), (70, 93), (69, 94), (80, 94), (74, 93), (85, 93), (68, 95), (71, 94), (62, 91), (73, 91), (82, 94), (84, 88), (77, 91), (60, 93), (59, 95), (50, 92), (61, 92), (70, 95), (65, 92), (79, 91), (76, 92), (63, 92), (84, 90), (86, 87), (87, 86), (77, 93), (53, 93), (78, 92), (64, 93), (61, 94), (52, 91), (85, 88), (65, 94), (76, 94), (66, 93), (63, 94), (84, 92), (86, 89), (87, 88), (64, 95), (55, 92), (58, 91), (56, 91), (80, 91), (67, 94), (78, 94), (83, 93), (85, 90), (66, 95), (57, 92), (82, 91), (72, 92), (86, 91), (84, 94), (87, 90), (55, 94), (80, 93), (56, 93), (59, 92), (70, 92), (74, 92), (51, 90), (75, 91), (85, 92), (57, 94), (68, 94), (72, 94), (86, 93), (62, 93), (87, 92), (73, 93), (59, 94), (70, 94), (51, 92), (65, 91), (76, 91), (75, 93), (74, 94), (85, 94), (49, 92), (79, 93), (84, 89), (53, 92), (78, 91), (54, 91), (64, 92), (85, 87), (51, 94), (65, 93), (52, 93), (76, 93), (81, 92), (84, 91), (71, 91), (87, 87), (53, 94), (55, 91), (54, 93), (64, 94), (58, 93), (83, 92), (85, 89), (69, 93), (66, 94)}","{((69.5, 95.5), (70.5, 95.5)), ((67.5, 92.5), (68.5, 92.5)), ((71.5, 91.5), (71.5, 92.5)), ((72.5, 95.5), (73.5, 95.5)), ((73.5, 91.5), (74.5, 91.5)), ((66.5, 92.5), (67.5, 92.5)), ((55.5, 95.5), (56.5, 95.5)), ((54.5, 90.5), (55.5, 90.5)), ((59.5, 90.5), (60.5, 90.5)), ((54.5, 95.5), (55.5, 95.5)), ((82.5, 89.5), (83.5, 89.5)), ((52.5, 89.5), (52.5, 90.5)), ((51.5, 95.5), (52.5, 95.5)), ((48.5, 89.5), (48.5, 90.5)), ((73.5, 95.5), (74.5, 95.5)), ((52.5, 90.5), (53.5, 90.5)), ((86.5, 91.5), (86.5, 92.5)), ((52.5, 95.5), (53.5, 95.5)), ((85.5, 88.5), (85.5, 89.5)), ((74.5, 95.5), (75.5, 95.5)), ((61.5, 90.5), (62.5, 90.5)), ((49.5, 89.5), (50.5, 89.5)), ((72.5, 91.5), (73.5, 91.5)), ((62.5, 90.5), (63.5, 90.5)), ((63.5, 95.5), (64.5, 95.5)), ((69.5, 92.5), (70.5, 92.5)), ((79.5, 90.5), (80.5, 90.5)), ((80.5, 89.5), (80.5, 90.5)), ((79.5, 96.5), (80.5, 96.5)), ((81.5, 89.5), (82.5, 89.5)), ((85.5, 94.5), (85.5, 95.5)), ((56.5, 90.5), (57.5, 90.5)), ((86.5, 90.5), (86.5, 91.5)), ((58.5, 95.5), (59.5, 95.5)), ((78.5, 90.5), (79.5, 90.5)), ((56.5, 95.5), (57.5, 95.5)), ((74.5, 90.5), (75.5, 90.5)), ((57.5, 95.5), (58.5, 95.5)), ((48.5, 91.5), (48.5, 92.5)), ((80.5, 96.5), (81.5, 96.5)), ((70.5, 95.5), (71.5, 95.5)), ((86.5, 93.5), (86.5, 94.5)), ((51.5, 94.5), (51.5, 95.5)), ((84.5, 95.5), (85.5, 95.5)), ((85.5, 94.5), (86.5, 94.5)), ((84.5, 88.5), (85.5, 88.5)), ((67.5, 95.5), (68.5, 95.5)), ((58.5, 90.5), (59.5, 90.5)), ((55.5, 90.5), (56.5, 90.5)), ((77.5, 90.5), (78.5, 90.5)), ((65.5, 91.5), (66.5, 91.5)), ((63.5, 90.5), (63.5, 91.5)), ((48.5, 92.5), (48.5, 93.5)), ((60.5, 90.5), (61.5, 90.5)), ((64.5, 95.5), (65.5, 95.5)), ((81.5, 96.5), (82.5, 96.5)), ((63.5, 91.5), (64.5, 91.5)), ((65.5, 95.5), (66.5, 95.5)), ((66.5, 91.5), (66.5, 92.5)), ((48.5, 90.5), (48.5, 91.5)), ((53.5, 95.5), (54.5, 95.5)), ((51.5, 89.5), (52.5, 89.5)), ((48.5, 93.5), (49.5, 93.5)), ((74.5, 90.5), (74.5, 91.5)), ((50.5, 89.5), (51.5, 89.5)), ((50.5, 94.5), (51.5, 94.5)), ((86.5, 89.5), (86.5, 90.5)), ((86.5, 92.5), (86.5, 93.5)), ((70.5, 92.5), (71.5, 92.5)), ((57.5, 90.5), (58.5, 90.5)), ((49.5, 94.5), (50.5, 94.5)), ((75.5, 90.5), (76.5, 90.5)), ((53.5, 90.5), (54.5, 90.5)), ((82.5, 96.5), (83.5, 96.5)), ((78.5, 96.5), (79.5, 96.5)), ((49.5, 93.5), (49.5, 94.5)), ((83.5, 95.5), (83.5, 96.5)), ((68.5, 92.5), (69.5, 92.5)), ((75.5, 95.5), (75.5, 96.5)), ((76.5, 96.5), (77.5, 96.5)), ((66.5, 95.5), (67.5, 95.5)), ((83.5, 88.5), (84.5, 88.5)), ((62.5, 95.5), (63.5, 95.5)), ((85.5, 89.5), (86.5, 89.5)), ((64.5, 91.5), (65.5, 91.5)), ((83.5, 95.5), (84.5, 95.5)), ((61.5, 95.5), (62.5, 95.5)), ((75.5, 96.5), (76.5, 96.5)), ((71.5, 91.5), (72.5, 91.5)), ((77.5, 96.5), (78.5, 96.5)), ((48.5, 89.5), (49.5, 89.5)), ((80.5, 89.5), (81.5, 89.5)), ((71.5, 95.5), (72.5, 95.5)), ((76.5, 90.5), (77.5, 90.5)), ((83.5, 88.5), (83.5, 89.5)), ((59.5, 95.5), (60.5, 95.5)), ((60.5, 95.5), (61.5, 95.5)), ((68.5, 95.5), (69.5, 95.5))}","{((78.5, 94.5), (79.5, 94.5)), ((87.5, 87.5), (88.5, 87.5)), ((70.5, 90.5), (70.5, 91.5)), ((79.5, 94.5), (80.5, 94.5)), ((71.5, 90.5), (72.5, 90.5)), ((84.5, 94.5), (85.5, 94.5)), ((71.5, 94.5), (71.5, 95.5)), ((83.5, 87.5), (84.5, 87.5)), ((63.5, 90.5), (64.5, 90.5)), ((87.5, 91.5), (87.5, 92.5)), ((74.5, 94.5), (75.5, 94.5)), ((55.5, 94.5), (56.5, 94.5)), ((77.5, 94.5), (78.5, 94.5)), ((69.5, 91.5), (69.5, 92.5)), ((65.5, 91.5), (65.5, 92.5)), ((87.5, 88.5), (88.5, 88.5)), ((72.5, 94.5), (73.5, 94.5)), ((87.5, 89.5), (87.5, 90.5)), ((83.5, 89.5), (83.5, 90.5)), ((50.5, 92.5), (50.5, 93.5)), ((81.5, 94.5), (82.5, 94.5)), ((83.5, 87.5), (83.5, 88.5)), ((62.5, 94.5), (62.5, 95.5)), ((50.5, 88.5), (51.5, 88.5)), ((86.5, 92.5), (87.5, 92.5)), ((57.5, 94.5), (58.5, 94.5)), ((75.5, 94.5), (76.5, 94.5)), ((69.5, 91.5), (70.5, 91.5)), ((54.5, 94.5), (55.5, 94.5)), ((73.5, 94.5), (74.5, 94.5)), ((52.5, 94.5), (53.5, 94.5)), ((50.5, 93.5), (50.5, 94.5)), ((59.5, 94.5), (59.5, 95.5)), ((84.5, 86.5), (84.5, 87.5)), ((53.5, 94.5), (54.5, 94.5)), ((50.5, 88.5), (50.5, 89.5)), ((72.5, 90.5), (73.5, 90.5)), ((85.5, 93.5), (86.5, 93.5)), ((49.5, 89.5), (49.5, 90.5)), ((82.5, 94.5), (83.5, 94.5)), ((48.5, 91.5), (49.5, 91.5)), ((86.5, 85.5), (87.5, 85.5)), ((87.5, 90.5), (87.5, 91.5)), ((51.5, 94.5), (52.5, 94.5)), ((59.5, 94.5), (60.5, 94.5)), ((51.5, 88.5), (51.5, 89.5)), ((49.5, 90.5), (49.5, 91.5)), ((76.5, 94.5), (77.5, 94.5)), ((87.5, 86.5), (87.5, 87.5)), ((48.5, 92.5), (49.5, 92.5)), ((65.5, 92.5), (66.5, 92.5)), ((73.5, 90.5), (74.5, 90.5)), ((84.5, 86.5), (85.5, 86.5)), ((87.5, 85.5), (87.5, 86.5)), ((60.5, 94.5), (61.5, 94.5)), ((58.5, 94.5), (58.5, 95.5)), ((86.5, 85.5), (86.5, 86.5)), ((88.5, 87.5), (88.5, 88.5)), ((80.5, 94.5), (81.5, 94.5)), ((51.5, 89.5), (51.5, 90.5)), ((82.5, 90.5), (83.5, 90.5)), ((51.5, 90.5), (52.5, 90.5)), ((65.5, 90.5), (65.5, 91.5)), ((70.5, 90.5), (71.5, 90.5)), ((85.5, 93.5), (85.5, 94.5)), ((71.5, 94.5), (72.5, 94.5)), ((61.5, 94.5), (62.5, 94.5)), ((80.5, 90.5), (81.5, 90.5)), ((87.5, 88.5), (87.5, 89.5)), ((83.5, 94.5), (84.5, 94.5)), ((81.5, 90.5), (82.5, 90.5)), ((49.5, 92.5), (50.5, 92.5)), ((64.5, 90.5), (65.5, 90.5)), ((85.5, 86.5), (86.5, 86.5)), ((56.5, 94.5), (57.5, 94.5))}"
63,HNCDL_340,20180723,0.748663101604278,6.324555320336759,0.37861908775681513,97.265625,0.7980769230769231,0.17647058823529413,"{(57, 91), (49, 87), (81, 94), (72, 91), (71, 93), (82, 93), (55, 93), (56, 92), (77, 90), (80, 95), (60, 92), (51, 89), (50, 91), (61, 91), (74, 91), (85, 91), (83, 94), (49, 89), (79, 90), (72, 93), (62, 92), (73, 92), (63, 91), (56, 94), (77, 92), (50, 84), (60, 94), (51, 91), (50, 93), (52, 90), (75, 92), (61, 93), (79, 92), (81, 89), (62, 94), (53, 91), (64, 91), (54, 90), (63, 93), (86, 88), (73, 94), (77, 94), (67, 93), (80, 90), (83, 89), (78, 93), (50, 86), (51, 93), (61, 95), (52, 92), (75, 94), (76, 95), (79, 94), (81, 91), (48, 88), (82, 90), (63, 95), (54, 92), (84, 93), (86, 90), (78, 95), (58, 92), (83, 91), (59, 91), (50, 88), (69, 92), (80, 92), (52, 94), (81, 93), (57, 93), (48, 90), (71, 92), (82, 92), (68, 93), (54, 94), (86, 92), (58, 94), (60, 91), (59, 93), (50, 90), (70, 93), (69, 94), (80, 94), (74, 93), (85, 93), (71, 94), (62, 91), (49, 91), (73, 91), (82, 94), (84, 88), (77, 91), (78, 90), (60, 93), (59, 95), (50, 92), (61, 92), (74, 95), (65, 92), (79, 91), (66, 91), (76, 92), (49, 84), (49, 93), (63, 92), (84, 90), (77, 93), (53, 93), (55, 90), (67, 92), (78, 92), (64, 93), (50, 85), (61, 94), (52, 91), (85, 88), (65, 94), (76, 94), (66, 93), (82, 89), (49, 86), (63, 94), (84, 92), (86, 89), (55, 92), (58, 91), (56, 91), (80, 91), (50, 87), (67, 94), (78, 94), (83, 93), (51, 88), (85, 90), (57, 92), (48, 89), (82, 91), (49, 88), (68, 92), (81, 95), (72, 92), (86, 91), (84, 94), (55, 94), (80, 93), (56, 93), (59, 92), (50, 89), (70, 92), (51, 90), (74, 92), (75, 91), (85, 92), (57, 94), (48, 91), (68, 94), (49, 90), (72, 94), (62, 93), (53, 90), (73, 93), (59, 94), (70, 94), (83, 88), (60, 95), (51, 92), (65, 91), (76, 91), (75, 93), (74, 94), (49, 92), (79, 93), (81, 90), (84, 89), (62, 95), (53, 92), (67, 91), (54, 91), (78, 91), (64, 92), (73, 95), (77, 95), (83, 90), (85, 87), (51, 94), (65, 93), (52, 93), (66, 92), (76, 93), (75, 95), (49, 85), (79, 95), (81, 92), (84, 91), (71, 91), (53, 94), (55, 91), (54, 93), (64, 94), (58, 93), (83, 92), (85, 89), (69, 93), (66, 94)}","{(57, 91), (72, 91), (71, 93), (62, 90), (87, 89), (73, 90), (82, 93), (55, 93), (56, 92), (77, 90), (69, 95), (60, 92), (74, 91), (50, 91), (75, 90), (61, 91), (85, 91), (79, 90), (72, 93), (71, 95), (62, 92), (73, 92), (63, 91), (77, 92), (60, 94), (51, 91), (61, 93), (52, 90), (75, 92), (79, 92), (62, 94), (53, 91), (64, 91), (54, 90), (63, 93), (86, 88), (67, 93), (58, 90), (80, 90), (78, 93), (51, 93), (52, 92), (88, 88), (65, 95), (81, 91), (71, 90), (82, 90), (54, 92), (84, 93), (86, 90), (67, 95), (58, 92), (83, 91), (59, 91), (70, 91), (69, 92), (80, 92), (81, 93), (57, 93), (71, 92), (82, 92), (68, 93), (86, 92), (58, 94), (60, 91), (59, 93), (61, 90), (70, 93), (69, 94), (74, 93), (65, 90), (76, 90), (85, 93), (68, 95), (71, 94), (62, 91), (73, 91), (63, 90), (77, 91), (78, 90), (60, 93), (70, 95), (50, 92), (61, 92), (65, 92), (79, 91), (76, 92), (63, 92), (84, 90), (86, 87), (87, 86), (77, 93), (53, 93), (55, 90), (67, 92), (78, 92), (64, 93), (61, 94), (52, 91), (85, 88), (65, 94), (66, 93), (57, 90), (63, 94), (72, 90), (86, 89), (84, 92), (87, 88), (55, 92), (58, 91), (56, 91), (59, 90), (80, 91), (67, 94), (83, 93), (74, 90), (85, 90), (66, 95), (57, 92), (82, 91), (68, 92), (72, 92), (86, 91), (80, 93), (56, 93), (59, 92), (70, 92), (51, 90), (74, 92), (75, 91), (85, 92), (68, 94), (72, 94), (62, 93), (53, 90), (64, 90), (73, 93), (59, 94), (70, 94), (51, 92), (65, 91), (76, 91), (75, 93), (49, 92), (79, 93), (81, 90), (84, 89), (53, 92), (78, 91), (54, 91), (64, 92), (83, 90), (65, 93), (52, 93), (66, 92), (76, 93), (81, 92), (84, 91), (71, 91), (87, 87), (64, 94), (55, 91), (54, 93), (56, 90), (58, 93), (60, 90), (85, 89), (83, 92), (69, 93), (66, 94)}","{((81.5, 94.5), (81.5, 95.5)), ((50.5, 83.5), (50.5, 84.5)), ((70.5, 90.5), (70.5, 91.5)), ((72.5, 95.5), (73.5, 95.5)), ((71.5, 90.5), (72.5, 90.5)), ((50.5, 86.5), (50.5, 87.5)), ((59.5, 90.5), (60.5, 90.5)), ((83.5, 87.5), (84.5, 87.5)), ((63.5, 90.5), (64.5, 90.5)), ((76.5, 89.5), (76.5, 90.5)), ((47.5, 87.5), (48.5, 87.5)), ((77.5, 89.5), (78.5, 89.5)), ((55.5, 94.5), (56.5, 94.5)), ((85.5, 87.5), (86.5, 87.5)), ((73.5, 95.5), (74.5, 95.5)), ((86.5, 91.5), (86.5, 92.5)), ((76.5, 95.5), (77.5, 95.5)), ((50.5, 85.5), (50.5, 86.5)), ((74.5, 95.5), (75.5, 95.5)), ((61.5, 90.5), (62.5, 90.5)), ((79.5, 89.5), (80.5, 89.5)), ((62.5, 90.5), (63.5, 90.5)), ((50.5, 87.5), (51.5, 87.5)), ((47.5, 89.5), (47.5, 90.5)), ((67.5, 94.5), (68.5, 94.5)), ((76.5, 89.5), (77.5, 89.5)), ((81.5, 94.5), (82.5, 94.5)), ((56.5, 90.5), (57.5, 90.5)), ((86.5, 90.5), (86.5, 91.5)), ((63.5, 94.5), (64.5, 94.5)), ((58.5, 95.5), (59.5, 95.5)), ((68.5, 94.5), (69.5, 94.5)), ((74.5, 90.5), (75.5, 90.5)), ((47.5, 87.5), (47.5, 88.5)), ((47.5, 90.5), (47.5, 91.5)), ((48.5, 91.5), (48.5, 92.5)), ((84.5, 93.5), (85.5, 93.5)), ((78.5, 89.5), (79.5, 89.5)), ((85.5, 86.5), (85.5, 87.5)), ((57.5, 94.5), (58.5, 94.5)), ((80.5, 88.5), (81.5, 88.5)), ((69.5, 91.5), (70.5, 91.5)), ((54.5, 94.5), (55.5, 94.5)), ((86.5, 87.5), (86.5, 88.5)), ((58.5, 90.5), (59.5, 90.5)), ((55.5, 90.5), (56.5, 90.5)), ((69.5, 94.5), (70.5, 94.5)), ((65.5, 94.5), (66.5, 94.5)), ((48.5, 92.5), (48.5, 93.5)), ((60.5, 90.5), (61.5, 90.5)), ((52.5, 94.5), (53.5, 94.5)), ((86.5, 88.5), (86.5, 89.5)), ((50.5, 93.5), (50.5, 94.5)), ((82.5, 87.5), (83.5, 87.5)), ((84.5, 86.5), (84.5, 87.5)), ((53.5, 94.5), (54.5, 94.5)), ((72.5, 90.5), (73.5, 90.5)), ((48.5, 84.5), (48.5, 85.5)), ((82.5, 94.5), (83.5, 94.5)), ((51.5, 89.5), (52.5, 89.5)), ((75.5, 95.5), (76.5, 95.5)), ((84.5, 93.5), (84.5, 94.5)), ((48.5, 93.5), (49.5, 93.5)), ((81.5, 88.5), (82.5, 88.5)), ((51.5, 94.5), (52.5, 94.5)), ((80.5, 95.5), (81.5, 95.5)), ((50.5, 94.5), (51.5, 94.5)), ((86.5, 89.5), (86.5, 90.5)), ((63.5, 94.5), (63.5, 95.5)), ((65.5, 90.5), (66.5, 90.5)), ((68.5, 91.5), (69.5, 91.5)), ((70.5, 94.5), (71.5, 94.5)), ((57.5, 90.5), (58.5, 90.5)), ((75.5, 90.5), (76.5, 90.5)), ((51.5, 88.5), (51.5, 89.5)), ((66.5, 94.5), (67.5, 94.5)), ((47.5, 88.5), (47.5, 89.5)), ((82.5, 87.5), (82.5, 88.5)), ((67.5, 90.5), (67.5, 91.5)), ((54.5, 89.5), (55.5, 89.5)), ((73.5, 90.5), (74.5, 90.5)), ((49.5, 83.5), (50.5, 83.5)), ((84.5, 86.5), (85.5, 86.5)), ((48.5, 83.5), (48.5, 84.5)), ((80.5, 88.5), (80.5, 89.5)), ((85.5, 92.5), (86.5, 92.5)), ((58.5, 94.5), (58.5, 95.5)), ((64.5, 94.5), (65.5, 94.5)), ((52.5, 89.5), (53.5, 89.5)), ((77.5, 95.5), (78.5, 95.5)), ((62.5, 95.5), (63.5, 95.5)), ((55.5, 89.5), (55.5, 90.5)), ((53.5, 89.5), (54.5, 89.5)), ((48.5, 85.5), (48.5, 86.5)), ((51.5, 87.5), (51.5, 88.5)), ((49.5, 93.5), (50.5, 93.5)), ((78.5, 95.5), (79.5, 95.5)), ((61.5, 95.5), (62.5, 95.5)), ((50.5, 84.5), (50.5, 85.5)), ((48.5, 86.5), (48.5, 87.5)), ((70.5, 90.5), (71.5, 90.5)), ((66.5, 90.5), (67.5, 90.5)), ((67.5, 91.5), (68.5, 91.5)), ((85.5, 92.5), (85.5, 93.5)), ((71.5, 94.5), (72.5, 94.5)), ((79.5, 95.5), (80.5, 95.5)), ((83.5, 94.5), (84.5, 94.5)), ((47.5, 91.5), (48.5, 91.5)), ((59.5, 95.5), (60.5, 95.5)), ((48.5, 83.5), (49.5, 83.5)), ((72.5, 94.5), (72.5, 95.5)), ((60.5, 95.5), (61.5, 95.5)), ((64.5, 90.5), (65.5, 90.5)), ((56.5, 94.5), (57.5, 94.5))}","{((82.5, 93.5), (83.5, 93.5)), ((69.5, 95.5), (70.5, 95.5)), ((55.5, 89.5), (56.5, 89.5)), ((87.5, 87.5), (88.5, 87.5)), ((62.5, 94.5), (63.5, 94.5)), ((75.5, 93.5), (76.5, 93.5)), ((62.5, 89.5), (63.5, 89.5)), ((76.5, 93.5), (77.5, 93.5)), ((71.5, 94.5), (71.5, 95.5)), ((82.5, 89.5), (83.5, 89.5)), ((66.5, 91.5), (67.5, 91.5)), ((53.5, 93.5), (54.5, 93.5)), ((69.5, 90.5), (70.5, 90.5)), ((78.5, 93.5), (79.5, 93.5)), ((74.5, 93.5), (75.5, 93.5)), ((71.5, 89.5), (72.5, 89.5)), ((87.5, 88.5), (88.5, 88.5)), ((81.5, 89.5), (82.5, 89.5)), ((73.5, 93.5), (74.5, 93.5)), ((50.5, 92.5), (50.5, 93.5)), ((57.5, 93.5), (57.5, 94.5)), ((60.5, 89.5), (61.5, 89.5)), ((50.5, 93.5), (51.5, 93.5)), ((70.5, 95.5), (71.5, 95.5)), ((56.5, 89.5), (57.5, 89.5)), ((51.5, 93.5), (52.5, 93.5)), ((83.5, 93.5), (84.5, 93.5)), ((67.5, 95.5), (68.5, 95.5)), ((65.5, 91.5), (66.5, 91.5)), ((63.5, 89.5), (64.5, 89.5)), ((73.5, 89.5), (74.5, 89.5)), ((69.5, 90.5), (69.5, 91.5)), ((81.5, 93.5), (82.5, 93.5)), ((64.5, 95.5), (65.5, 95.5)), ((74.5, 89.5), (75.5, 89.5)), ((65.5, 95.5), (66.5, 95.5)), ((61.5, 89.5), (62.5, 89.5)), ((75.5, 89.5), (76.5, 89.5)), ((57.5, 89.5), (58.5, 89.5)), ((58.5, 94.5), (59.5, 94.5)), ((58.5, 89.5), (59.5, 89.5)), ((72.5, 89.5), (73.5, 89.5)), ((84.5, 87.5), (85.5, 87.5)), ((48.5, 91.5), (49.5, 91.5)), ((50.5, 89.5), (51.5, 89.5)), ((59.5, 94.5), (60.5, 94.5)), ((80.5, 93.5), (81.5, 93.5)), ((72.5, 93.5), (72.5, 94.5)), ((65.5, 89.5), (65.5, 90.5)), ((49.5, 90.5), (49.5, 91.5)), ((48.5, 92.5), (49.5, 92.5)), ((87.5, 86.5), (87.5, 87.5)), ((60.5, 94.5), (61.5, 94.5)), ((87.5, 85.5), (87.5, 86.5)), ((59.5, 89.5), (60.5, 89.5)), ((86.5, 85.5), (86.5, 86.5)), ((54.5, 93.5), (55.5, 93.5)), ((88.5, 87.5), (88.5, 88.5)), ((70.5, 89.5), (71.5, 89.5)), ((50.5, 89.5), (50.5, 90.5)), ((83.5, 88.5), (84.5, 88.5)), ((66.5, 95.5), (67.5, 95.5)), ((49.5, 90.5), (50.5, 90.5)), ((86.5, 89.5), (87.5, 89.5)), ((84.5, 87.5), (84.5, 88.5)), ((77.5, 93.5), (78.5, 93.5)), ((72.5, 93.5), (73.5, 93.5)), ((64.5, 89.5), (65.5, 89.5)), ((65.5, 90.5), (65.5, 91.5)), ((55.5, 93.5), (56.5, 93.5)), ((80.5, 89.5), (81.5, 89.5)), ((52.5, 93.5), (53.5, 93.5)), ((61.5, 94.5), (62.5, 94.5)), ((87.5, 88.5), (87.5, 89.5)), ((79.5, 93.5), (80.5, 93.5)), ((64.5, 94.5), (64.5, 95.5)), ((83.5, 88.5), (83.5, 89.5)), ((70.5, 89.5), (70.5, 90.5)), ((56.5, 93.5), (57.5, 93.5)), ((49.5, 92.5), (50.5, 92.5)), ((68.5, 95.5), (69.5, 95.5)), ((86.5, 85.5), (87.5, 85.5)), ((85.5, 86.5), (86.5, 86.5))}"
64,HNCDL_340,20180723,0.7038834951456311,12.165525060596439,0.8024219150300771,87.890625,0.7075471698113207,0.07643312101910828,"{(57, 91), (68, 91), (49, 87), (84, 84), (81, 94), (72, 91), (71, 93), (62, 90), (73, 90), (82, 93), (55, 93), (56, 92), (77, 90), (83, 85), (51, 80), (60, 92), (51, 89), (50, 91), (75, 90), (61, 91), (74, 91), (85, 91), (49, 80), (49, 89), (79, 90), (72, 93), (62, 92), (53, 89), (63, 91), (73, 92), (56, 94), (77, 92), (83, 87), (51, 82), (50, 84), (85, 84), (60, 94), (51, 91), (50, 93), (52, 90), (75, 92), (61, 93), (85, 89), (49, 82), (79, 92), (81, 89), (48, 86), (82, 88), (62, 94), (53, 91), (64, 91), (54, 90), (63, 93), (86, 88), (73, 94), (77, 94), (67, 93), (58, 90), (83, 89), (51, 84), (50, 86), (85, 86), (80, 90), (78, 93), (51, 93), (52, 92), (75, 94), (79, 94), (81, 91), (48, 88), (82, 90), (54, 92), (84, 93), (86, 90), (50, 79), (58, 92), (83, 91), (51, 86), (50, 88), (59, 91), (70, 91), (69, 92), (80, 92), (52, 94), (48, 81), (81, 93), (57, 93), (48, 90), (71, 92), (82, 92), (68, 93), (84, 86), (54, 94), (83, 84), (51, 79), (50, 81), (58, 94), (60, 91), (59, 93), (50, 90), (61, 90), (70, 93), (80, 94), (74, 93), (65, 90), (79, 89), (76, 90), (48, 83), (82, 94), (62, 91), (49, 91), (63, 90), (73, 91), (84, 88), (86, 85), (77, 91), (78, 90), (51, 81), (50, 83), (60, 93), (50, 92), (52, 89), (61, 92), (65, 92), (79, 91), (66, 91), (76, 92), (48, 85), (82, 87), (49, 84), (63, 92), (84, 90), (86, 87), (77, 93), (53, 93), (55, 90), (80, 89), (67, 92), (78, 92), (50, 85), (64, 93), (61, 94), (52, 91), (85, 88), (65, 94), (49, 77), (66, 93), (57, 90), (48, 87), (82, 89), (49, 86), (76, 94), (84, 83), (63, 94), (84, 92), (86, 89), (50, 78), (55, 92), (58, 91), (56, 91), (59, 90), (50, 87), (69, 91), (80, 91), (78, 94), (83, 93), (51, 88), (74, 90), (85, 90), (48, 80), (49, 79), (57, 92), (48, 89), (82, 91), (49, 88), (68, 92), (84, 85), (72, 92), (86, 91), (50, 80), (55, 94), (80, 93), (56, 93), (59, 92), (50, 89), (70, 92), (83, 86), (85, 83), (51, 90), (74, 92), (75, 91), (85, 92), (48, 82), (49, 81), (57, 94), (48, 91), (49, 90), (81, 88), (84, 87), (86, 84), (72, 94), (62, 93), (53, 90), (64, 90), (73, 93), (50, 82), (59, 94), (83, 88), (51, 83), (85, 85), (51, 92), (65, 91), (76, 91), (66, 90), (75, 93), (48, 84), (74, 94), (49, 83), (49, 92), (79, 93), (81, 90), (84, 89), (86, 86), (53, 92), (67, 91), (54, 91), (78, 91), (64, 92), (83, 90), (51, 85), (85, 87), (65, 93), (52, 93), (66, 92), (76, 93), (49, 85), (84, 82), (81, 92), (84, 91), (71, 91), (50, 77), (55, 91), (54, 93), (56, 90), (53, 94), (64, 94), (51, 78), (58, 93), (60, 90), (51, 87), (83, 92), (69, 93), (48, 79), (49, 78), (66, 94)}","{(57, 91), (72, 91), (71, 93), (62, 90), (87, 89), (73, 90), (55, 93), (56, 92), (77, 90), (60, 92), (51, 89), (50, 91), (75, 90), (61, 91), (74, 91), (85, 91), (79, 90), (72, 93), (62, 92), (73, 92), (63, 91), (77, 92), (51, 91), (61, 93), (52, 90), (75, 92), (79, 92), (53, 91), (64, 91), (54, 90), (63, 93), (86, 88), (67, 93), (58, 90), (83, 89), (80, 90), (78, 93), (51, 93), (52, 92), (88, 88), (81, 91), (71, 90), (82, 90), (54, 92), (86, 90), (58, 92), (83, 91), (59, 91), (70, 91), (69, 92), (80, 92), (81, 93), (57, 93), (71, 92), (82, 92), (68, 93), (58, 94), (60, 91), (59, 93), (50, 90), (61, 90), (70, 93), (69, 94), (74, 93), (65, 90), (76, 90), (71, 94), (62, 91), (73, 91), (63, 90), (84, 88), (77, 91), (78, 90), (60, 93), (50, 92), (61, 92), (65, 92), (79, 91), (76, 92), (63, 92), (84, 90), (86, 87), (87, 86), (77, 93), (53, 93), (55, 90), (67, 92), (78, 92), (64, 93), (52, 91), (85, 88), (65, 94), (66, 93), (57, 90), (63, 94), (72, 90), (86, 89), (84, 92), (87, 88), (55, 92), (58, 91), (56, 91), (59, 90), (80, 91), (67, 94), (74, 90), (85, 90), (57, 92), (82, 91), (68, 92), (72, 92), (80, 93), (56, 93), (59, 92), (70, 92), (51, 90), (74, 92), (75, 91), (68, 94), (62, 93), (53, 90), (64, 90), (73, 93), (59, 94), (70, 94), (51, 92), (65, 91), (76, 91), (75, 93), (49, 92), (79, 93), (81, 90), (84, 89), (53, 92), (78, 91), (54, 91), (64, 92), (83, 90), (85, 87), (65, 93), (52, 93), (66, 92), (76, 93), (81, 92), (84, 91), (71, 91), (87, 87), (64, 94), (55, 91), (54, 93), (56, 90), (58, 93), (60, 90), (85, 89), (83, 92), (69, 93), (66, 94)}","{((78.5, 94.5), (79.5, 94.5)), ((82.5, 93.5), (83.5, 93.5)), ((85.5, 83.5), (86.5, 83.5)), ((81.5, 86.5), (82.5, 86.5)), ((51.5, 83.5), (51.5, 84.5)), ((47.5, 79.5), (47.5, 80.5)), ((51.5, 78.5), (51.5, 79.5)), ((74.5, 94.5), (75.5, 94.5)), ((47.5, 81.5), (47.5, 82.5)), ((80.5, 87.5), (81.5, 87.5)), ((67.5, 93.5), (68.5, 93.5)), ((83.5, 82.5), (83.5, 83.5)), ((84.5, 92.5), (84.5, 93.5)), ((76.5, 89.5), (77.5, 89.5)), ((81.5, 94.5), (82.5, 94.5)), ((86.5, 90.5), (86.5, 91.5)), ((51.5, 77.5), (51.5, 78.5)), ((63.5, 94.5), (64.5, 94.5)), ((80.5, 87.5), (80.5, 88.5)), ((47.5, 87.5), (47.5, 88.5)), ((72.5, 89.5), (72.5, 90.5)), ((47.5, 90.5), (47.5, 91.5)), ((48.5, 91.5), (48.5, 92.5)), ((56.5, 89.5), (57.5, 89.5)), ((82.5, 93.5), (82.5, 94.5)), ((48.5, 76.5), (48.5, 77.5)), ((70.5, 93.5), (71.5, 93.5)), ((86.5, 87.5), (86.5, 88.5)), ((66.5, 89.5), (66.5, 90.5)), ((65.5, 89.5), (66.5, 89.5)), ((51.5, 86.5), (51.5, 87.5)), ((75.5, 89.5), (76.5, 89.5)), ((57.5, 89.5), (58.5, 89.5)), ((58.5, 94.5), (59.5, 94.5)), ((78.5, 88.5), (79.5, 88.5)), ((47.5, 84.5), (47.5, 85.5)), ((72.5, 89.5), (73.5, 89.5)), ((68.5, 90.5), (69.5, 90.5)), ((86.5, 86.5), (86.5, 87.5)), ((51.5, 94.5), (52.5, 94.5)), ((47.5, 83.5), (47.5, 84.5)), ((47.5, 88.5), (47.5, 89.5)), ((76.5, 94.5), (77.5, 94.5)), ((48.5, 92.5), (49.5, 92.5)), ((68.5, 93.5), (69.5, 93.5)), ((54.5, 89.5), (55.5, 89.5)), ((47.5, 86.5), (47.5, 87.5)), ((59.5, 89.5), (60.5, 89.5)), ((86.5, 84.5), (86.5, 85.5)), ((86.5, 85.5), (86.5, 86.5)), ((64.5, 94.5), (65.5, 94.5)), ((80.5, 94.5), (81.5, 94.5)), ((84.5, 81.5), (84.5, 82.5)), ((53.5, 89.5), (54.5, 89.5)), ((51.5, 87.5), (51.5, 88.5)), ((51.5, 81.5), (51.5, 82.5)), ((86.5, 83.5), (86.5, 84.5)), ((66.5, 90.5), (67.5, 90.5)), ((71.5, 94.5), (72.5, 94.5)), ((50.5, 77.5), (51.5, 77.5)), ((47.5, 80.5), (47.5, 81.5)), ((49.5, 76.5), (50.5, 76.5)), ((47.5, 78.5), (48.5, 78.5)), ((47.5, 91.5), (48.5, 91.5)), ((83.5, 81.5), (84.5, 81.5)), ((55.5, 89.5), (56.5, 89.5)), ((51.5, 80.5), (51.5, 81.5)), ((62.5, 94.5), (63.5, 94.5)), ((79.5, 94.5), (80.5, 94.5)), ((62.5, 89.5), (63.5, 89.5)), ((71.5, 90.5), (72.5, 90.5)), ((51.5, 93.5), (51.5, 94.5)), ((47.5, 78.5), (47.5, 79.5)), ((77.5, 89.5), (78.5, 89.5)), ((55.5, 94.5), (56.5, 94.5)), ((77.5, 94.5), (78.5, 94.5)), ((69.5, 90.5), (70.5, 90.5)), ((83.5, 81.5), (83.5, 82.5)), ((82.5, 83.5), (83.5, 83.5)), ((79.5, 88.5), (80.5, 88.5)), ((47.5, 89.5), (47.5, 90.5)), ((78.5, 88.5), (78.5, 89.5)), ((72.5, 94.5), (73.5, 94.5)), ((82.5, 85.5), (82.5, 86.5)), ((71.5, 93.5), (71.5, 94.5)), ((60.5, 89.5), (61.5, 89.5)), ((50.5, 76.5), (50.5, 77.5)), ((50.5, 93.5), (51.5, 93.5)), ((49.5, 92.5), (49.5, 93.5)), ((83.5, 93.5), (84.5, 93.5)), ((48.5, 77.5), (48.5, 78.5)), ((51.5, 88.5), (52.5, 88.5)), ((57.5, 94.5), (58.5, 94.5)), ((51.5, 84.5), (51.5, 85.5)), ((75.5, 94.5), (76.5, 94.5)), ((54.5, 94.5), (55.5, 94.5)), ((63.5, 89.5), (64.5, 89.5)), ((73.5, 89.5), (74.5, 89.5)), ((84.5, 92.5), (85.5, 92.5)), ((65.5, 94.5), (66.5, 94.5)), ((73.5, 94.5), (74.5, 94.5)), ((47.5, 82.5), (47.5, 83.5)), ((47.5, 85.5), (47.5, 86.5)), ((74.5, 89.5), (75.5, 89.5)), ((85.5, 91.5), (86.5, 91.5)), ((86.5, 88.5), (86.5, 89.5)), ((52.5, 94.5), (53.5, 94.5)), ((51.5, 85.5), (51.5, 86.5)), ((61.5, 89.5), (62.5, 89.5)), ((53.5, 94.5), (54.5, 94.5)), ((66.5, 93.5), (66.5, 94.5)), ((58.5, 89.5), (59.5, 89.5)), ((59.5, 94.5), (60.5, 94.5)), ((86.5, 89.5), (86.5, 90.5)), ((85.5, 82.5), (85.5, 83.5)), ((48.5, 76.5), (49.5, 76.5)), ((66.5, 93.5), (67.5, 93.5)), ((60.5, 94.5), (61.5, 94.5)), ((51.5, 82.5), (51.5, 83.5)), ((69.5, 93.5), (70.5, 93.5)), ((82.5, 84.5), (82.5, 85.5)), ((85.5, 91.5), (85.5, 92.5)), ((81.5, 86.5), (81.5, 87.5)), ((49.5, 93.5), (50.5, 93.5)), ((53.5, 88.5), (53.5, 89.5)), ((64.5, 89.5), (65.5, 89.5)), ((84.5, 82.5), (85.5, 82.5)), ((70.5, 90.5), (71.5, 90.5)), ((82.5, 83.5), (82.5, 84.5)), ((61.5, 94.5), (62.5, 94.5)), ((51.5, 79.5), (51.5, 80.5)), ((67.5, 90.5), (68.5, 90.5)), ((52.5, 88.5), (53.5, 88.5)), ((56.5, 94.5), (57.5, 94.5))}","{((60.5, 93.5), (61.5, 93.5)), ((87.5, 87.5), (88.5, 87.5)), ((75.5, 93.5), (76.5, 93.5)), ((84.5, 91.5), (84.5, 92.5)), ((76.5, 93.5), (77.5, 93.5)), ((83.5, 87.5), (84.5, 87.5)), ((83.5, 92.5), (84.5, 92.5)), ((66.5, 91.5), (67.5, 91.5)), ((53.5, 93.5), (54.5, 93.5)), ((78.5, 93.5), (79.5, 93.5)), ((82.5, 88.5), (83.5, 88.5)), ((59.5, 93.5), (59.5, 94.5)), ((79.5, 89.5), (80.5, 89.5)), ((49.5, 89.5), (50.5, 89.5)), ((74.5, 93.5), (75.5, 93.5)), ((67.5, 94.5), (68.5, 94.5)), ((71.5, 89.5), (72.5, 89.5)), ((87.5, 88.5), (88.5, 88.5)), ((81.5, 89.5), (82.5, 89.5)), ((73.5, 93.5), (74.5, 93.5)), ((50.5, 92.5), (50.5, 93.5)), ((57.5, 93.5), (57.5, 94.5)), ((83.5, 87.5), (83.5, 88.5)), ((68.5, 94.5), (69.5, 94.5)), ((50.5, 88.5), (51.5, 88.5)), ((51.5, 93.5), (52.5, 93.5)), ((78.5, 89.5), (79.5, 89.5)), ((82.5, 92.5), (83.5, 92.5)), ((81.5, 92.5), (81.5, 93.5)), ((65.5, 91.5), (66.5, 91.5)), ((69.5, 94.5), (70.5, 94.5)), ((69.5, 90.5), (69.5, 91.5)), ((84.5, 86.5), (84.5, 87.5)), ((50.5, 88.5), (50.5, 89.5)), ((85.5, 90.5), (85.5, 91.5)), ((82.5, 88.5), (82.5, 89.5)), ((49.5, 89.5), (49.5, 90.5)), ((51.5, 89.5), (52.5, 89.5)), ((48.5, 91.5), (49.5, 91.5)), ((68.5, 91.5), (69.5, 91.5)), ((81.5, 92.5), (82.5, 92.5)), ((70.5, 94.5), (71.5, 94.5)), ((80.5, 93.5), (81.5, 93.5)), ((51.5, 88.5), (51.5, 89.5)), ((66.5, 94.5), (67.5, 94.5)), ((85.5, 90.5), (86.5, 90.5)), ((65.5, 89.5), (65.5, 90.5)), ((49.5, 90.5), (49.5, 91.5)), ((61.5, 93.5), (62.5, 93.5)), ((87.5, 86.5), (87.5, 87.5)), ((84.5, 86.5), (85.5, 86.5)), ((87.5, 85.5), (87.5, 86.5)), ((54.5, 93.5), (55.5, 93.5)), ((88.5, 87.5), (88.5, 88.5)), ((70.5, 89.5), (71.5, 89.5)), ((52.5, 89.5), (53.5, 89.5)), ((84.5, 91.5), (85.5, 91.5)), ((86.5, 89.5), (87.5, 89.5)), ((77.5, 93.5), (78.5, 93.5)), ((72.5, 93.5), (73.5, 93.5)), ((65.5, 90.5), (65.5, 91.5)), ((55.5, 93.5), (56.5, 93.5)), ((80.5, 89.5), (81.5, 89.5)), ((67.5, 91.5), (68.5, 91.5)), ((52.5, 93.5), (53.5, 93.5)), ((87.5, 88.5), (87.5, 89.5)), ((79.5, 93.5), (80.5, 93.5)), ((71.5, 93.5), (72.5, 93.5)), ((70.5, 89.5), (70.5, 90.5)), ((56.5, 93.5), (57.5, 93.5)), ((49.5, 92.5), (50.5, 92.5)), ((59.5, 93.5), (60.5, 93.5)), ((62.5, 93.5), (62.5, 94.5)), ((86.5, 85.5), (87.5, 85.5)), ((85.5, 86.5), (86.5, 86.5))}"
65,HNCDL_340,20180723,0.7260273972602741,10.198039027185569,0.6245937510153542,96.09375,0.7454545454545455,0.03636363636363636,"{(57, 91), (68, 91), (49, 87), (84, 84), (72, 91), (71, 93), (62, 90), (73, 90), (82, 93), (55, 93), (56, 92), (77, 90), (83, 85), (51, 80), (85, 82), (60, 92), (51, 89), (50, 91), (52, 88), (75, 90), (61, 91), (74, 91), (85, 91), (49, 80), (49, 89), (79, 90), (81, 87), (82, 86), (72, 93), (62, 92), (53, 89), (63, 91), (73, 92), (56, 94), (77, 92), (80, 88), (83, 87), (51, 82), (50, 84), (85, 84), (60, 94), (51, 91), (61, 93), (52, 90), (75, 92), (85, 89), (49, 82), (79, 92), (81, 89), (48, 86), (82, 88), (62, 94), (53, 91), (64, 91), (54, 90), (63, 93), (47, 84), (86, 88), (73, 94), (77, 94), (67, 93), (58, 90), (83, 89), (51, 84), (50, 86), (85, 86), (69, 90), (80, 90), (51, 93), (78, 93), (52, 92), (75, 94), (79, 94), (81, 91), (48, 88), (71, 90), (82, 90), (54, 92), (56, 89), (86, 90), (83, 82), (51, 77), (50, 79), (58, 92), (83, 91), (51, 86), (50, 88), (59, 91), (70, 91), (69, 92), (80, 92), (48, 81), (81, 93), (57, 93), (48, 90), (71, 92), (82, 92), (68, 93), (84, 86), (86, 83), (54, 94), (77, 89), (83, 84), (51, 79), (50, 81), (58, 94), (60, 91), (59, 93), (50, 90), (61, 90), (70, 93), (80, 94), (74, 93), (65, 90), (79, 89), (76, 90), (48, 83), (82, 85), (62, 91), (49, 91), (63, 90), (73, 91), (84, 88), (86, 85), (77, 91), (67, 90), (78, 90), (51, 81), (50, 83), (60, 93), (50, 92), (52, 89), (61, 92), (65, 92), (79, 91), (66, 91), (76, 92), (48, 85), (82, 87), (49, 84), (63, 92), (54, 89), (84, 90), (86, 87), (77, 93), (53, 93), (55, 90), (80, 89), (67, 92), (47, 86), (50, 85), (78, 92), (64, 93), (61, 94), (52, 91), (85, 88), (48, 78), (76, 94), (49, 77), (66, 93), (57, 90), (48, 87), (82, 89), (49, 86), (68, 90), (84, 83), (72, 90), (86, 89), (84, 92), (50, 78), (55, 92), (58, 91), (56, 91), (47, 88), (50, 87), (59, 90), (70, 90), (69, 91), (80, 91), (78, 94), (83, 93), (51, 88), (74, 90), (85, 90), (48, 80), (49, 79), (57, 92), (48, 89), (82, 91), (49, 88), (68, 92), (84, 85), (72, 92), (50, 80), (55, 94), (80, 93), (56, 93), (59, 92), (50, 89), (70, 92), (83, 86), (85, 83), (51, 90), (76, 89), (75, 91), (74, 92), (48, 82), (82, 84), (49, 81), (57, 94), (49, 90), (81, 88), (84, 87), (86, 84), (62, 93), (53, 90), (78, 89), (64, 90), (73, 93), (47, 83), (50, 82), (59, 94), (83, 88), (51, 83), (85, 85), (51, 92), (65, 91), (76, 91), (66, 90), (75, 93), (48, 84), (74, 94), (49, 83), (49, 92), (79, 93), (81, 90), (84, 89), (86, 86), (53, 92), (55, 89), (54, 91), (67, 91), (47, 85), (78, 91), (64, 92), (83, 90), (51, 85), (85, 87), (48, 77), (65, 93), (52, 93), (66, 92), (76, 93), (49, 85), (84, 82), (81, 92), (84, 91), (71, 91), (50, 77), (55, 91), (54, 93), (56, 90), (47, 87), (53, 94), (83, 83), (51, 78), (58, 93), (60, 90), (51, 87), (83, 92), (69, 93), (48, 79), (49, 78)}","{(57, 91), (68, 91), (49, 87), (72, 91), (71, 93), (62, 90), (87, 89), (73, 90), (55, 93), (56, 92), (77, 90), (60, 92), (51, 89), (50, 91), (75, 90), (61, 91), (74, 91), (49, 89), (79, 90), (72, 93), (62, 92), (53, 89), (63, 91), (73, 92), (77, 92), (83, 87), (51, 91), (61, 93), (52, 90), (75, 92), (79, 92), (81, 89), (82, 88), (53, 91), (64, 91), (54, 90), (63, 93), (86, 88), (78, 93), (58, 90), (83, 89), (85, 86), (80, 90), (52, 92), (88, 88), (81, 91), (48, 88), (71, 90), (82, 90), (54, 92), (58, 92), (83, 91), (59, 91), (50, 88), (70, 91), (69, 92), (80, 92), (81, 93), (57, 93), (48, 90), (71, 92), (82, 92), (84, 86), (60, 91), (59, 93), (50, 90), (61, 90), (74, 93), (65, 90), (79, 89), (76, 90), (62, 91), (73, 91), (63, 90), (84, 88), (86, 85), (77, 91), (78, 90), (60, 93), (50, 92), (52, 89), (61, 92), (65, 92), (79, 91), (66, 91), (76, 92), (63, 92), (54, 89), (84, 90), (86, 87), (87, 86), (77, 93), (53, 93), (55, 90), (80, 89), (67, 92), (78, 92), (64, 93), (52, 91), (85, 88), (57, 90), (82, 89), (72, 90), (86, 89), (87, 88), (55, 92), (58, 91), (56, 91), (59, 90), (69, 91), (80, 91), (51, 88), (74, 90), (85, 90), (57, 92), (48, 89), (82, 91), (49, 88), (68, 92), (72, 92), (80, 93), (56, 93), (59, 92), (50, 89), (70, 92), (51, 90), (74, 92), (75, 91), (49, 90), (84, 87), (62, 93), (53, 90), (64, 90), (73, 93), (83, 88), (85, 85), (51, 92), (65, 91), (76, 91), (75, 93), (79, 93), (81, 90), (84, 89), (86, 86), (87, 85), (53, 92), (55, 89), (54, 91), (67, 91), (78, 91), (64, 92), (83, 90), (85, 87), (65, 93), (76, 93), (66, 92), (81, 92), (71, 91), (87, 87), (55, 91), (54, 93), (56, 90), (58, 93), (60, 90), (85, 89)}","{((78.5, 94.5), (79.5, 94.5)), ((82.5, 93.5), (83.5, 93.5)), ((46.5, 85.5), (46.5, 86.5)), ((52.5, 87.5), (52.5, 88.5)), ((51.5, 87.5), (52.5, 87.5)), ((51.5, 83.5), (51.5, 84.5)), ((47.5, 79.5), (47.5, 80.5)), ((51.5, 78.5), (51.5, 79.5)), ((74.5, 94.5), (75.5, 94.5)), ((64.5, 93.5), (65.5, 93.5)), ((47.5, 81.5), (47.5, 82.5)), ((67.5, 93.5), (68.5, 93.5)), ((47.5, 90.5), (48.5, 90.5)), ((71.5, 89.5), (72.5, 89.5)), ((56.5, 88.5), (56.5, 89.5)), ((75.5, 88.5), (76.5, 88.5)), ((62.5, 93.5), (63.5, 93.5)), ((85.5, 81.5), (85.5, 82.5)), ((83.5, 92.5), (83.5, 93.5)), ((50.5, 92.5), (50.5, 93.5)), ((51.5, 77.5), (51.5, 78.5)), ((48.5, 91.5), (48.5, 92.5)), ((46.5, 84.5), (46.5, 85.5)), ((56.5, 89.5), (57.5, 89.5)), ((51.5, 93.5), (52.5, 93.5)), ((67.5, 89.5), (68.5, 89.5)), ((70.5, 93.5), (71.5, 93.5)), ((86.5, 87.5), (86.5, 88.5)), ((65.5, 89.5), (66.5, 89.5)), ((81.5, 83.5), (82.5, 83.5)), ((81.5, 93.5), (82.5, 93.5)), ((77.5, 88.5), (78.5, 88.5)), ((63.5, 93.5), (64.5, 93.5)), ((51.5, 86.5), (51.5, 87.5)), ((81.5, 84.5), (81.5, 85.5)), ((48.5, 90.5), (48.5, 91.5)), ((57.5, 89.5), (58.5, 89.5)), ((85.5, 90.5), (85.5, 91.5)), ((46.5, 83.5), (46.5, 84.5)), ((58.5, 94.5), (59.5, 94.5)), ((78.5, 88.5), (79.5, 88.5)), ((79.5, 87.5), (80.5, 87.5)), ((86.5, 82.5), (86.5, 83.5)), ((72.5, 89.5), (73.5, 89.5)), ((53.5, 88.5), (54.5, 88.5)), ((86.5, 86.5), (86.5, 87.5)), ((47.5, 77.5), (47.5, 78.5)), ((80.5, 93.5), (81.5, 93.5)), ((46.5, 82.5), (47.5, 82.5)), ((85.5, 90.5), (86.5, 90.5)), ((47.5, 88.5), (47.5, 89.5)), ((76.5, 94.5), (77.5, 94.5)), ((48.5, 92.5), (49.5, 92.5)), ((68.5, 93.5), (69.5, 93.5)), ((59.5, 89.5), (60.5, 89.5)), ((86.5, 84.5), (86.5, 85.5)), ((86.5, 85.5), (86.5, 86.5)), ((65.5, 93.5), (66.5, 93.5)), ((82.5, 82.5), (82.5, 83.5)), ((46.5, 87.5), (46.5, 88.5)), ((51.5, 81.5), (51.5, 82.5)), ((86.5, 83.5), (86.5, 84.5)), ((47.5, 80.5), (47.5, 81.5)), ((49.5, 76.5), (50.5, 76.5)), ((80.5, 93.5), (80.5, 94.5)), ((62.5, 93.5), (62.5, 94.5)), ((49.5, 92.5), (50.5, 92.5)), ((83.5, 81.5), (84.5, 81.5)), ((55.5, 88.5), (56.5, 88.5)), ((84.5, 81.5), (85.5, 81.5)), ((51.5, 80.5), (51.5, 81.5)), ((84.5, 91.5), (84.5, 92.5)), ((79.5, 94.5), (80.5, 94.5)), ((62.5, 89.5), (63.5, 89.5)), ((50.5, 76.5), (51.5, 76.5)), ((83.5, 92.5), (84.5, 92.5)), ((47.5, 78.5), (47.5, 79.5)), ((55.5, 94.5), (56.5, 94.5)), ((77.5, 94.5), (78.5, 94.5)), ((81.5, 83.5), (81.5, 84.5)), ((66.5, 89.5), (67.5, 89.5)), ((80.5, 86.5), (80.5, 87.5)), ((47.5, 89.5), (47.5, 90.5)), ((46.5, 88.5), (47.5, 88.5)), ((72.5, 94.5), (73.5, 94.5)), ((81.5, 85.5), (81.5, 86.5)), ((47.5, 76.5), (47.5, 77.5)), ((52.5, 93.5), (52.5, 94.5)), ((85.5, 82.5), (86.5, 82.5)), ((60.5, 89.5), (61.5, 89.5)), ((79.5, 87.5), (79.5, 88.5)), ((50.5, 93.5), (51.5, 93.5)), ((57.5, 94.5), (58.5, 94.5)), ((51.5, 84.5), (51.5, 85.5)), ((75.5, 94.5), (76.5, 94.5)), ((54.5, 94.5), (55.5, 94.5)), ((46.5, 82.5), (46.5, 83.5)), ((76.5, 88.5), (77.5, 88.5)), ((54.5, 88.5), (55.5, 88.5)), ((82.5, 81.5), (82.5, 82.5)), ((63.5, 89.5), (64.5, 89.5)), ((47.5, 76.5), (48.5, 76.5)), ((68.5, 89.5), (69.5, 89.5)), ((73.5, 89.5), (74.5, 89.5)), ((73.5, 94.5), (74.5, 94.5)), ((74.5, 89.5), (75.5, 89.5)), ((52.5, 94.5), (53.5, 94.5)), ((86.5, 88.5), (86.5, 89.5)), ((51.5, 85.5), (51.5, 86.5)), ((61.5, 89.5), (62.5, 89.5)), ((53.5, 94.5), (54.5, 94.5)), ((69.5, 89.5), (70.5, 89.5)), ((58.5, 89.5), (59.5, 89.5)), ((82.5, 81.5), (83.5, 81.5)), ((75.5, 88.5), (75.5, 89.5)), ((59.5, 94.5), (60.5, 94.5)), ((86.5, 89.5), (86.5, 90.5)), ((48.5, 76.5), (49.5, 76.5)), ((72.5, 93.5), (72.5, 94.5)), ((66.5, 93.5), (67.5, 93.5)), ((60.5, 94.5), (61.5, 94.5)), ((51.5, 82.5), (51.5, 83.5)), ((46.5, 86.5), (46.5, 87.5)), ((69.5, 93.5), (70.5, 93.5)), ((70.5, 89.5), (71.5, 89.5)), ((84.5, 91.5), (85.5, 91.5)), ((64.5, 89.5), (65.5, 89.5)), ((61.5, 94.5), (62.5, 94.5)), ((51.5, 79.5), (51.5, 80.5)), ((71.5, 93.5), (72.5, 93.5)), ((52.5, 88.5), (53.5, 88.5)), ((51.5, 76.5), (51.5, 77.5)), ((80.5, 86.5), (81.5, 86.5)), ((56.5, 94.5), (57.5, 94.5))}","{((49.5, 87.5), (50.5, 87.5)), ((55.5, 89.5), (56.5, 89.5)), ((60.5, 93.5), (61.5, 93.5)), ((67.5, 92.5), (68.5, 92.5)), ((87.5, 87.5), (88.5, 87.5)), ((84.5, 84.5), (85.5, 84.5)), ((57.5, 93.5), (58.5, 93.5)), ((75.5, 93.5), (76.5, 93.5)), ((51.5, 92.5), (52.5, 92.5)), ((76.5, 93.5), (77.5, 93.5)), ((66.5, 92.5), (67.5, 92.5)), ((50.5, 92.5), (51.5, 92.5)), ((47.5, 87.5), (48.5, 87.5)), ((77.5, 89.5), (78.5, 89.5)), ((48.5, 86.5), (49.5, 86.5)), ((53.5, 93.5), (54.5, 93.5)), ((69.5, 90.5), (70.5, 90.5)), ((85.5, 89.5), (85.5, 90.5)), ((78.5, 93.5), (79.5, 93.5)), ((50.5, 87.5), (51.5, 87.5)), ((79.5, 88.5), (80.5, 88.5)), ((74.5, 93.5), (75.5, 93.5)), ((78.5, 88.5), (78.5, 89.5)), ((87.5, 88.5), (88.5, 88.5)), ((69.5, 92.5), (70.5, 92.5)), ((76.5, 89.5), (77.5, 89.5)), ((73.5, 93.5), (74.5, 93.5)), ((85.5, 84.5), (86.5, 84.5)), ((83.5, 90.5), (84.5, 90.5)), ((47.5, 87.5), (47.5, 88.5)), ((49.5, 91.5), (49.5, 92.5)), ((81.5, 92.5), (81.5, 93.5)), ((87.5, 84.5), (87.5, 85.5)), ((51.5, 88.5), (52.5, 88.5)), ((80.5, 88.5), (81.5, 88.5)), ((58.5, 93.5), (59.5, 93.5)), ((65.5, 92.5), (65.5, 93.5)), ((84.5, 90.5), (85.5, 90.5)), ((81.5, 87.5), (81.5, 88.5)), ((75.5, 89.5), (76.5, 89.5)), ((68.5, 90.5), (69.5, 90.5)), ((65.5, 90.5), (66.5, 90.5)), ((83.5, 90.5), (83.5, 91.5)), ((81.5, 92.5), (82.5, 92.5)), ((82.5, 86.5), (83.5, 86.5)), ((65.5, 89.5), (65.5, 90.5)), ((49.5, 90.5), (49.5, 91.5)), ((65.5, 92.5), (66.5, 92.5)), ((87.5, 86.5), (87.5, 87.5)), ((61.5, 93.5), (62.5, 93.5)), ((87.5, 85.5), (87.5, 86.5)), ((68.5, 92.5), (69.5, 92.5)), ((81.5, 87.5), (82.5, 87.5)), ((48.5, 90.5), (49.5, 90.5)), ((54.5, 93.5), (55.5, 93.5)), ((88.5, 87.5), (88.5, 88.5)), ((55.5, 88.5), (55.5, 89.5)), ((83.5, 85.5), (84.5, 85.5)), ((82.5, 91.5), (83.5, 91.5)), ((85.5, 89.5), (86.5, 89.5)), ((51.5, 87.5), (51.5, 88.5)), ((86.5, 89.5), (87.5, 89.5)), ((84.5, 84.5), (84.5, 85.5)), ((77.5, 93.5), (78.5, 93.5)), ((72.5, 93.5), (73.5, 93.5)), ((48.5, 86.5), (48.5, 87.5)), ((55.5, 93.5), (56.5, 93.5)), ((66.5, 90.5), (67.5, 90.5)), ((83.5, 85.5), (83.5, 86.5)), ((49.5, 86.5), (49.5, 87.5)), ((52.5, 93.5), (53.5, 93.5)), ((59.5, 93.5), (60.5, 93.5)), ((87.5, 88.5), (87.5, 89.5)), ((79.5, 93.5), (80.5, 93.5)), ((86.5, 84.5), (87.5, 84.5)), ((70.5, 89.5), (70.5, 90.5)), ((82.5, 91.5), (82.5, 92.5)), ((67.5, 90.5), (68.5, 90.5)), ((56.5, 93.5), (57.5, 93.5)), ((82.5, 86.5), (82.5, 87.5)), ((70.5, 92.5), (70.5, 93.5)), ((52.5, 92.5), (52.5, 93.5))}"
66,HNCDL_340,20180723,0.846153846153846,2.8284271247461903,0.18917203528940343,113.671875,0.6466666666666666,0.15057915057915058,"{(57, 91), (68, 91), (49, 87), (79, 88), (84, 84), (72, 91), (71, 93), (62, 90), (73, 90), (63, 89), (74, 89), (55, 93), (56, 92), (77, 90), (83, 85), (85, 82), (51, 80), (60, 92), (51, 89), (50, 91), (52, 88), (75, 90), (61, 91), (74, 91), (49, 80), (49, 89), (79, 90), (81, 87), (82, 86), (72, 93), (62, 92), (53, 89), (64, 89), (54, 88), (63, 91), (73, 92), (77, 92), (80, 88), (83, 87), (51, 82), (50, 84), (85, 84), (51, 91), (61, 93), (52, 90), (66, 89), (75, 92), (85, 89), (49, 82), (79, 92), (81, 89), (48, 86), (82, 88), (53, 91), (64, 91), (54, 90), (63, 93), (47, 84), (86, 88), (67, 93), (58, 90), (83, 89), (51, 84), (50, 86), (85, 86), (69, 90), (80, 90), (51, 93), (78, 93), (52, 92), (81, 91), (48, 88), (71, 90), (82, 90), (54, 92), (56, 89), (83, 82), (50, 79), (58, 92), (60, 89), (51, 86), (50, 88), (59, 91), (70, 91), (83, 91), (69, 92), (80, 92), (48, 81), (81, 93), (57, 93), (48, 90), (62, 89), (73, 89), (71, 92), (82, 92), (84, 86), (86, 83), (68, 93), (77, 89), (78, 88), (83, 84), (50, 81), (60, 91), (59, 93), (50, 90), (52, 87), (75, 89), (61, 90), (70, 93), (74, 93), (65, 90), (79, 89), (81, 86), (76, 90), (48, 83), (82, 85), (62, 91), (49, 91), (63, 90), (73, 91), (84, 88), (86, 85), (77, 91), (67, 90), (80, 87), (78, 90), (51, 81), (50, 83), (60, 93), (50, 92), (52, 89), (61, 92), (65, 92), (79, 91), (66, 91), (76, 92), (48, 85), (82, 87), (49, 84), (84, 81), (63, 92), (54, 89), (84, 90), (86, 87), (77, 93), (53, 93), (55, 90), (58, 89), (80, 89), (47, 86), (50, 85), (67, 92), (78, 92), (64, 93), (52, 91), (85, 88), (66, 93), (57, 90), (48, 87), (82, 89), (49, 86), (68, 90), (84, 83), (72, 90), (55, 92), (58, 91), (56, 91), (47, 88), (50, 87), (59, 90), (70, 90), (69, 91), (80, 91), (51, 88), (74, 90), (85, 90), (48, 80), (49, 79), (57, 92), (48, 89), (82, 91), (49, 88), (68, 92), (84, 85), (72, 92), (53, 88), (50, 80), (80, 93), (56, 93), (59, 92), (50, 89), (61, 89), (70, 92), (83, 86), (85, 83), (51, 90), (65, 89), (76, 89), (75, 91), (74, 92), (48, 82), (82, 84), (49, 81), (49, 90), (81, 88), (84, 87), (86, 84), (62, 93), (53, 90), (78, 89), (64, 90), (73, 93), (47, 83), (50, 82), (83, 88), (51, 83), (85, 85), (51, 92), (65, 91), (76, 91), (66, 90), (75, 93), (48, 84), (49, 83), (79, 93), (81, 90), (84, 89), (86, 86), (53, 92), (55, 89), (54, 91), (67, 91), (47, 85), (78, 91), (64, 92), (83, 90), (51, 85), (85, 87), (65, 93), (52, 93), (66, 92), (57, 89), (76, 93), (49, 85), (84, 82), (81, 92), (72, 89), (71, 91), (84, 91), (55, 91), (54, 93), (56, 90), (47, 87), (59, 89), (83, 83), (58, 93), (60, 90), (51, 87), (83, 92), (69, 93), (48, 79)}","{(57, 91), (68, 91), (49, 87), (84, 84), (87, 80), (72, 91), (71, 93), (62, 90), (87, 89), (73, 90), (47, 80), (55, 93), (56, 92), (47, 89), (77, 90), (51, 80), (85, 82), (60, 92), (51, 89), (50, 91), (75, 90), (61, 91), (46, 84), (74, 91), (49, 80), (49, 89), (79, 90), (87, 82), (72, 93), (62, 92), (53, 89), (63, 91), (73, 92), (77, 92), (83, 87), (85, 84), (50, 84), (51, 91), (61, 93), (52, 90), (75, 92), (85, 89), (49, 82), (88, 86), (79, 92), (81, 89), (48, 86), (82, 88), (87, 84), (53, 91), (64, 91), (54, 90), (63, 93), (47, 84), (86, 88), (67, 93), (58, 90), (83, 89), (85, 86), (50, 86), (69, 90), (80, 90), (78, 93), (52, 92), (88, 88), (81, 91), (48, 88), (71, 90), (82, 90), (86, 81), (54, 92), (56, 89), (83, 82), (85, 79), (51, 77), (50, 79), (58, 92), (83, 91), (59, 91), (50, 88), (70, 91), (69, 92), (80, 92), (48, 81), (81, 93), (57, 93), (48, 90), (71, 92), (82, 92), (68, 93), (84, 86), (86, 83), (77, 89), (51, 79), (50, 81), (60, 91), (59, 93), (50, 90), (61, 90), (70, 93), (88, 83), (74, 93), (65, 90), (79, 89), (76, 90), (46, 86), (48, 83), (62, 91), (49, 91), (63, 90), (73, 91), (84, 88), (86, 85), (77, 91), (67, 90), (78, 90), (51, 81), (50, 83), (52, 80), (60, 93), (61, 92), (52, 89), (88, 85), (65, 92), (79, 91), (66, 91), (46, 88), (48, 85), (82, 87), (49, 84), (76, 92), (84, 81), (63, 92), (54, 89), (84, 90), (86, 87), (87, 86), (77, 93), (53, 93), (55, 90), (80, 89), (67, 92), (47, 86), (50, 85), (78, 92), (64, 93), (52, 91), (85, 88), (88, 87), (66, 93), (57, 90), (48, 87), (82, 89), (49, 86), (68, 90), (84, 83), (86, 80), (72, 90), (86, 89), (87, 88), (50, 78), (55, 92), (58, 91), (56, 91), (47, 88), (50, 87), (59, 90), (70, 90), (69, 91), (80, 91), (85, 81), (51, 88), (74, 90), (48, 80), (49, 79), (57, 92), (48, 89), (82, 91), (49, 88), (68, 92), (84, 85), (86, 82), (87, 81), (72, 92), (50, 80), (80, 93), (56, 93), (47, 90), (50, 89), (59, 92), (70, 92), (83, 86), (85, 83), (88, 82), (51, 90), (74, 92), (75, 91), (46, 85), (48, 82), (49, 81), (49, 90), (81, 88), (84, 87), (86, 84), (87, 83), (62, 93), (53, 90), (78, 89), (64, 90), (73, 93), (47, 83), (50, 82), (83, 88), (85, 85), (88, 84), (51, 92), (65, 91), (76, 91), (66, 90), (46, 87), (48, 84), (75, 93), (49, 83), (84, 80), (79, 93), (81, 90), (84, 89), (86, 86), (87, 85), (53, 92), (55, 89), (54, 91), (67, 91), (47, 85), (78, 91), (64, 92), (83, 90), (85, 87), (65, 93), (76, 93), (66, 92), (57, 89), (49, 85), (84, 82), (81, 92), (71, 91), (87, 87), (55, 91), (54, 93), (56, 90), (47, 87), (51, 78), (85, 80), (58, 93), (60, 90), (51, 87), (69, 93), (48, 79), (49, 78)}","{((46.5, 85.5), (46.5, 86.5)), ((80.5, 85.5), (81.5, 85.5)), ((75.5, 93.5), (76.5, 93.5)), ((51.5, 83.5), (51.5, 84.5)), ((83.5, 80.5), (83.5, 81.5)), ((65.5, 88.5), (66.5, 88.5)), ((57.5, 93.5), (58.5, 93.5)), ((76.5, 93.5), (77.5, 93.5)), ((47.5, 79.5), (47.5, 80.5)), ((50.5, 79.5), (51.5, 79.5)), ((64.5, 93.5), (65.5, 93.5)), ((47.5, 81.5), (47.5, 82.5)), ((67.5, 93.5), (68.5, 93.5)), ((85.5, 89.5), (85.5, 90.5)), ((47.5, 90.5), (48.5, 90.5)), ((60.5, 88.5), (61.5, 88.5)), ((84.5, 90.5), (84.5, 91.5)), ((75.5, 88.5), (76.5, 88.5)), ((62.5, 93.5), (63.5, 93.5)), ((85.5, 81.5), (85.5, 82.5)), ((50.5, 92.5), (50.5, 93.5)), ((46.5, 84.5), (46.5, 85.5)), ((51.5, 93.5), (52.5, 93.5)), ((67.5, 89.5), (68.5, 89.5)), ((49.5, 91.5), (49.5, 92.5)), ((54.5, 87.5), (54.5, 88.5)), ((70.5, 93.5), (71.5, 93.5)), ((86.5, 87.5), (86.5, 88.5)), ((81.5, 83.5), (82.5, 83.5)), ((52.5, 86.5), (52.5, 87.5)), ((72.5, 88.5), (73.5, 88.5)), ((63.5, 93.5), (64.5, 93.5)), ((81.5, 84.5), (81.5, 85.5)), ((48.5, 90.5), (48.5, 91.5)), ((46.5, 83.5), (46.5, 84.5)), ((48.5, 78.5), (49.5, 78.5)), ((86.5, 82.5), (86.5, 83.5)), ((86.5, 86.5), (86.5, 87.5)), ((63.5, 88.5), (64.5, 88.5)), ((81.5, 92.5), (82.5, 92.5)), ((77.5, 87.5), (78.5, 87.5)), ((73.5, 88.5), (74.5, 88.5)), ((80.5, 93.5), (81.5, 93.5)), ((46.5, 82.5), (47.5, 82.5)), ((47.5, 88.5), (47.5, 89.5)), ((61.5, 88.5), (62.5, 88.5)), ((51.5, 86.5), (52.5, 86.5)), ((68.5, 93.5), (69.5, 93.5)), ((86.5, 84.5), (86.5, 85.5)), ((86.5, 85.5), (86.5, 86.5)), ((58.5, 88.5), (59.5, 88.5)), ((65.5, 93.5), (66.5, 93.5)), ((82.5, 82.5), (82.5, 83.5)), ((46.5, 87.5), (46.5, 88.5)), ((52.5, 87.5), (53.5, 87.5)), ((51.5, 81.5), (51.5, 82.5)), ((86.5, 83.5), (86.5, 84.5)), ((52.5, 93.5), (53.5, 93.5)), ((79.5, 93.5), (80.5, 93.5)), ((47.5, 78.5), (48.5, 78.5)), ((47.5, 80.5), (47.5, 81.5)), ((53.5, 87.5), (54.5, 87.5)), ((84.5, 80.5), (84.5, 81.5)), ((49.5, 92.5), (50.5, 92.5)), ((71.5, 88.5), (71.5, 89.5)), ((55.5, 88.5), (56.5, 88.5)), ((84.5, 81.5), (85.5, 81.5)), ((60.5, 93.5), (61.5, 93.5)), ((51.5, 80.5), (51.5, 81.5)), ((66.5, 88.5), (66.5, 89.5)), ((47.5, 78.5), (47.5, 79.5)), ((53.5, 93.5), (54.5, 93.5)), ((71.5, 88.5), (72.5, 88.5)), ((78.5, 93.5), (79.5, 93.5)), ((85.5, 88.5), (85.5, 89.5)), ((81.5, 83.5), (81.5, 84.5)), ((66.5, 89.5), (67.5, 89.5)), ((74.5, 93.5), (75.5, 93.5)), ((47.5, 89.5), (47.5, 90.5)), ((46.5, 88.5), (47.5, 88.5)), ((73.5, 93.5), (74.5, 93.5)), ((85.5, 82.5), (86.5, 82.5)), ((50.5, 93.5), (51.5, 93.5)), ((82.5, 92.5), (83.5, 92.5)), ((81.5, 92.5), (81.5, 93.5)), ((77.5, 87.5), (77.5, 88.5)), ((62.5, 88.5), (63.5, 88.5)), ((51.5, 84.5), (51.5, 85.5)), ((58.5, 93.5), (59.5, 93.5)), ((46.5, 82.5), (46.5, 83.5)), ((76.5, 88.5), (77.5, 88.5)), ((54.5, 88.5), (55.5, 88.5)), ((82.5, 81.5), (82.5, 82.5)), ((83.5, 91.5), (84.5, 91.5)), ((59.5, 88.5), (60.5, 88.5)), ((64.5, 88.5), (65.5, 88.5)), ((68.5, 89.5), (69.5, 89.5)), ((84.5, 90.5), (85.5, 90.5)), ((51.5, 85.5), (51.5, 86.5)), ((78.5, 87.5), (79.5, 87.5)), ((74.5, 88.5), (75.5, 88.5)), ((56.5, 88.5), (57.5, 88.5)), ((69.5, 89.5), (70.5, 89.5)), ((82.5, 81.5), (83.5, 81.5)), ((48.5, 91.5), (49.5, 91.5)), ((83.5, 91.5), (83.5, 92.5)), ((50.5, 78.5), (50.5, 79.5)), ((66.5, 93.5), (67.5, 93.5)), ((79.5, 86.5), (80.5, 86.5)), ((57.5, 88.5), (58.5, 88.5)), ((61.5, 93.5), (62.5, 93.5)), ((51.5, 82.5), (51.5, 83.5)), ((46.5, 86.5), (46.5, 87.5)), ((69.5, 93.5), (70.5, 93.5)), ((54.5, 93.5), (55.5, 93.5)), ((70.5, 89.5), (71.5, 89.5)), ((49.5, 78.5), (50.5, 78.5)), ((77.5, 93.5), (78.5, 93.5)), ((72.5, 93.5), (73.5, 93.5)), ((55.5, 93.5), (56.5, 93.5)), ((83.5, 80.5), (84.5, 80.5)), ((80.5, 85.5), (80.5, 86.5)), ((79.5, 86.5), (79.5, 87.5)), ((51.5, 79.5), (51.5, 80.5)), ((71.5, 93.5), (72.5, 93.5)), ((85.5, 88.5), (86.5, 88.5)), ((56.5, 93.5), (57.5, 93.5)), ((59.5, 93.5), (60.5, 93.5))}","{((81.5, 86.5), (82.5, 86.5)), ((50.5, 83.5), (50.5, 84.5)), ((87.5, 80.5), (87.5, 81.5)), ((51.5, 92.5), (52.5, 92.5)), ((83.5, 83.5), (83.5, 84.5)), ((62.5, 89.5), (63.5, 89.5)), ((50.5, 92.5), (51.5, 92.5)), ((51.5, 78.5), (51.5, 79.5)), ((50.5, 76.5), (51.5, 76.5)), ((80.5, 87.5), (81.5, 87.5)), ((51.5, 79.5), (52.5, 79.5)), ((49.5, 91.5), (50.5, 91.5)), ((83.5, 82.5), (83.5, 83.5)), ((50.5, 85.5), (50.5, 86.5)), ((83.5, 79.5), (84.5, 79.5)), ((79.5, 88.5), (80.5, 88.5)), ((50.5, 91.5), (50.5, 92.5)), ((71.5, 89.5), (72.5, 89.5)), ((87.5, 88.5), (88.5, 88.5)), ((82.5, 85.5), (82.5, 86.5)), ((84.5, 89.5), (84.5, 90.5)), ((45.5, 85.5), (45.5, 86.5)), ((60.5, 89.5), (61.5, 89.5)), ((51.5, 77.5), (51.5, 78.5)), ((50.5, 76.5), (50.5, 77.5)), ((85.5, 78.5), (85.5, 79.5)), ((83.5, 90.5), (84.5, 90.5)), ((51.5, 80.5), (52.5, 80.5)), ((46.5, 90.5), (47.5, 90.5)), ((84.5, 78.5), (84.5, 79.5)), ((80.5, 87.5), (80.5, 88.5)), ((88.5, 81.5), (88.5, 82.5)), ((48.5, 77.5), (48.5, 78.5)), ((83.5, 79.5), (83.5, 80.5)), ((51.5, 88.5), (52.5, 88.5)), ((83.5, 84.5), (83.5, 85.5)), ((82.5, 85.5), (83.5, 85.5)), ((85.5, 79.5), (86.5, 79.5)), ((57.5, 88.5), (57.5, 89.5)), ((63.5, 89.5), (64.5, 89.5)), ((86.5, 79.5), (87.5, 79.5)), ((65.5, 89.5), (66.5, 89.5)), ((46.5, 80.5), (47.5, 80.5)), ((73.5, 89.5), (74.5, 89.5)), ((77.5, 88.5), (78.5, 88.5)), ((82.5, 82.5), (83.5, 82.5)), ((74.5, 89.5), (75.5, 89.5)), ((46.5, 79.5), (46.5, 80.5)), ((51.5, 86.5), (51.5, 87.5)), ((88.5, 86.5), (88.5, 87.5)), ((61.5, 89.5), (62.5, 89.5)), ((87.5, 79.5), (87.5, 80.5)), ((84.5, 89.5), (85.5, 89.5)), ((75.5, 89.5), (76.5, 89.5)), ((57.5, 89.5), (58.5, 89.5)), ((88.5, 84.5), (88.5, 85.5)), ((78.5, 88.5), (79.5, 88.5)), ((58.5, 89.5), (59.5, 89.5)), ((72.5, 89.5), (73.5, 89.5)), ((87.5, 81.5), (88.5, 81.5)), ((84.5, 78.5), (85.5, 78.5)), ((53.5, 88.5), (54.5, 88.5)), ((48.5, 77.5), (49.5, 77.5)), ((45.5, 88.5), (46.5, 88.5)), ((83.5, 90.5), (83.5, 91.5)), ((88.5, 82.5), (88.5, 83.5)), ((88.5, 85.5), (88.5, 86.5)), ((52.5, 79.5), (52.5, 80.5)), ((45.5, 87.5), (45.5, 88.5)), ((49.5, 77.5), (50.5, 77.5)), ((46.5, 79.5), (47.5, 79.5)), ((59.5, 89.5), (60.5, 89.5)), ((45.5, 83.5), (46.5, 83.5)), ((76.5, 88.5), (76.5, 89.5)), ((88.5, 87.5), (88.5, 88.5)), ((50.5, 86.5), (51.5, 86.5)), ((46.5, 89.5), (46.5, 90.5)), ((82.5, 91.5), (83.5, 91.5)), ((85.5, 89.5), (86.5, 89.5)), ((81.5, 86.5), (81.5, 87.5)), ((51.5, 87.5), (51.5, 88.5)), ((86.5, 89.5), (87.5, 89.5)), ((50.5, 81.5), (50.5, 82.5)), ((64.5, 89.5), (65.5, 89.5)), ((50.5, 84.5), (50.5, 85.5)), ((45.5, 84.5), (45.5, 85.5)), ((45.5, 83.5), (45.5, 84.5)), ((45.5, 86.5), (45.5, 87.5)), ((87.5, 88.5), (87.5, 89.5)), ((46.5, 88.5), (46.5, 89.5)), ((50.5, 82.5), (50.5, 83.5)), ((82.5, 91.5), (82.5, 92.5)), ((52.5, 88.5), (53.5, 88.5)), ((50.5, 81.5), (51.5, 81.5)), ((88.5, 83.5), (88.5, 84.5)), ((51.5, 76.5), (51.5, 77.5)), ((52.5, 92.5), (52.5, 93.5))}"
67,HNCDL_340,20180723,0.8112449799196787,2.8284271247461903,0.22210785029782404,120.703125,0.7463768115942029,0.15833333333333333,"{(57, 91), (68, 91), (49, 87), (79, 88), (81, 85), (84, 84), (72, 91), (62, 90), (53, 87), (63, 89), (73, 90), (74, 89), (55, 93), (56, 92), (47, 89), (77, 90), (83, 85), (85, 82), (60, 92), (51, 89), (50, 91), (52, 88), (75, 90), (61, 91), (74, 91), (49, 80), (49, 89), (79, 90), (81, 87), (82, 86), (62, 92), (53, 89), (64, 89), (54, 88), (63, 91), (47, 82), (73, 92), (77, 92), (80, 88), (83, 87), (85, 84), (50, 84), (51, 91), (61, 93), (52, 90), (66, 89), (75, 92), (85, 89), (49, 82), (79, 92), (81, 89), (48, 86), (82, 88), (53, 91), (64, 91), (54, 90), (63, 93), (47, 84), (58, 90), (83, 89), (51, 84), (50, 86), (85, 86), (69, 90), (80, 90), (52, 92), (81, 91), (48, 88), (71, 90), (82, 90), (54, 92), (56, 89), (83, 82), (58, 92), (60, 89), (51, 86), (50, 88), (59, 91), (70, 91), (83, 91), (69, 92), (80, 92), (76, 88), (79, 87), (48, 81), (82, 83), (57, 93), (48, 90), (62, 89), (73, 89), (71, 92), (84, 86), (86, 83), (77, 89), (78, 88), (83, 84), (50, 81), (60, 91), (59, 93), (50, 90), (52, 87), (75, 89), (61, 90), (74, 93), (65, 90), (79, 89), (81, 86), (76, 90), (48, 83), (82, 85), (62, 91), (49, 91), (63, 90), (73, 91), (84, 88), (86, 85), (77, 91), (55, 88), (80, 87), (67, 90), (78, 90), (50, 83), (60, 93), (50, 92), (52, 89), (61, 92), (65, 92), (79, 91), (66, 91), (57, 88), (48, 85), (82, 87), (49, 84), (76, 92), (84, 81), (63, 92), (54, 89), (84, 90), (77, 93), (53, 93), (55, 90), (58, 89), (69, 89), (47, 86), (50, 85), (80, 89), (67, 92), (78, 92), (64, 93), (52, 91), (85, 88), (57, 90), (48, 87), (71, 89), (49, 86), (82, 89), (68, 90), (84, 83), (72, 90), (55, 92), (58, 91), (56, 91), (47, 88), (50, 87), (59, 90), (70, 90), (69, 91), (80, 91), (85, 81), (51, 88), (74, 90), (48, 80), (49, 79), (57, 92), (48, 89), (82, 91), (49, 88), (68, 92), (84, 85), (86, 82), (72, 92), (53, 88), (47, 81), (50, 80), (56, 93), (59, 92), (50, 89), (61, 89), (70, 92), (83, 86), (85, 83), (51, 90), (65, 89), (76, 89), (75, 91), (74, 92), (48, 82), (82, 84), (49, 81), (49, 90), (81, 88), (84, 87), (86, 84), (62, 93), (53, 90), (67, 89), (78, 89), (64, 90), (47, 83), (50, 82), (73, 93), (83, 88), (85, 85), (51, 92), (65, 91), (76, 91), (66, 90), (75, 93), (48, 84), (49, 83), (84, 80), (81, 90), (84, 89), (86, 86), (53, 92), (55, 89), (54, 91), (56, 88), (47, 85), (67, 91), (78, 91), (64, 92), (83, 81), (83, 90), (51, 85), (85, 87), (76, 93), (52, 93), (66, 92), (57, 89), (68, 89), (49, 85), (84, 82), (81, 92), (72, 89), (71, 91), (55, 91), (54, 93), (56, 90), (47, 87), (77, 88), (59, 89), (70, 89), (83, 83), (58, 93), (60, 90), (51, 87), (52, 86)}","{(57, 91), (68, 91), (49, 87), (79, 88), (84, 84), (87, 80), (72, 91), (71, 93), (62, 90), (87, 89), (63, 89), (73, 90), (74, 89), (56, 92), (77, 90), (85, 82), (60, 92), (51, 89), (61, 91), (52, 88), (75, 90), (46, 84), (74, 91), (49, 80), (49, 89), (79, 90), (81, 87), (87, 82), (72, 93), (62, 92), (53, 89), (63, 91), (73, 92), (47, 82), (77, 92), (80, 88), (83, 87), (85, 84), (50, 84), (51, 91), (61, 93), (52, 90), (75, 92), (85, 89), (49, 82), (88, 86), (79, 92), (81, 89), (48, 86), (82, 88), (87, 84), (53, 91), (64, 91), (54, 90), (63, 93), (47, 84), (86, 88), (67, 93), (58, 90), (83, 89), (85, 86), (50, 86), (69, 90), (80, 90), (52, 92), (88, 88), (81, 91), (48, 88), (71, 90), (82, 90), (86, 81), (54, 92), (56, 89), (85, 79), (58, 92), (60, 89), (51, 86), (50, 88), (59, 91), (70, 91), (69, 92), (80, 92), (48, 81), (68, 93), (48, 90), (62, 89), (73, 89), (71, 92), (84, 86), (86, 83), (77, 89), (60, 91), (70, 93), (50, 90), (75, 89), (61, 90), (88, 83), (65, 90), (79, 89), (76, 90), (46, 86), (48, 83), (62, 91), (73, 91), (63, 90), (84, 88), (86, 85), (77, 91), (67, 90), (78, 90), (50, 83), (61, 92), (52, 89), (88, 85), (65, 92), (79, 91), (66, 91), (46, 88), (48, 85), (82, 87), (49, 84), (76, 92), (84, 81), (63, 92), (54, 89), (86, 87), (87, 86), (64, 93), (55, 90), (58, 89), (80, 89), (47, 86), (50, 85), (67, 92), (78, 92), (52, 91), (85, 88), (88, 87), (66, 93), (57, 90), (48, 87), (82, 89), (49, 86), (68, 90), (84, 83), (86, 80), (72, 90), (86, 89), (87, 88), (55, 92), (58, 91), (56, 91), (47, 88), (50, 87), (59, 90), (70, 90), (69, 91), (80, 91), (85, 81), (51, 88), (74, 90), (46, 83), (48, 80), (49, 79), (57, 92), (48, 89), (82, 91), (49, 88), (68, 92), (84, 85), (86, 82), (87, 81), (72, 92), (53, 88), (47, 81), (59, 92), (50, 89), (61, 89), (70, 92), (83, 86), (85, 83), (88, 82), (51, 90), (76, 89), (75, 91), (74, 92), (46, 85), (48, 82), (49, 81), (49, 90), (81, 88), (84, 87), (86, 84), (87, 83), (62, 93), (53, 90), (78, 89), (64, 90), (73, 93), (47, 83), (50, 82), (83, 88), (85, 85), (88, 84), (65, 91), (76, 91), (66, 90), (46, 87), (48, 84), (49, 83), (84, 80), (81, 90), (84, 89), (86, 86), (87, 85), (53, 92), (55, 89), (54, 91), (67, 91), (47, 85), (78, 91), (64, 92), (83, 90), (85, 87), (65, 93), (66, 92), (57, 89), (49, 85), (84, 82), (81, 92), (71, 91), (87, 87), (55, 91), (56, 90), (47, 87), (59, 89), (85, 80), (69, 93), (60, 90), (51, 87)}","{((71.5, 92.5), (72.5, 92.5)), ((46.5, 85.5), (46.5, 86.5)), ((75.5, 93.5), (76.5, 93.5)), ((51.5, 83.5), (51.5, 84.5)), ((65.5, 88.5), (66.5, 88.5)), ((57.5, 93.5), (58.5, 93.5)), ((76.5, 93.5), (77.5, 93.5)), ((52.5, 86.5), (53.5, 86.5)), ((50.5, 92.5), (51.5, 92.5)), ((47.5, 79.5), (47.5, 80.5)), ((50.5, 80.5), (50.5, 81.5)), ((47.5, 90.5), (48.5, 90.5)), ((60.5, 88.5), (61.5, 88.5)), ((64.5, 92.5), (65.5, 92.5)), ((83.5, 79.5), (84.5, 79.5)), ((54.5, 87.5), (55.5, 87.5)), ((84.5, 80.5), (85.5, 80.5)), ((69.5, 92.5), (70.5, 92.5)), ((62.5, 93.5), (63.5, 93.5)), ((81.5, 91.5), (81.5, 92.5)), ((67.5, 88.5), (68.5, 88.5)), ((50.5, 79.5), (50.5, 80.5)), ((46.5, 84.5), (46.5, 85.5)), ((51.5, 93.5), (52.5, 93.5)), ((49.5, 91.5), (49.5, 92.5)), ((85.5, 86.5), (85.5, 87.5)), ((83.5, 79.5), (83.5, 80.5)), ((78.5, 92.5), (79.5, 92.5)), ((72.5, 88.5), (73.5, 88.5)), ((63.5, 93.5), (64.5, 93.5)), ((48.5, 90.5), (48.5, 91.5)), ((46.5, 80.5), (46.5, 81.5)), ((46.5, 83.5), (46.5, 84.5)), ((85.5, 87.5), (85.5, 88.5)), ((81.5, 82.5), (81.5, 83.5)), ((84.5, 89.5), (85.5, 89.5)), ((48.5, 78.5), (49.5, 78.5)), ((86.5, 82.5), (86.5, 83.5)), ((80.5, 92.5), (81.5, 92.5)), ((76.5, 87.5), (77.5, 87.5)), ((63.5, 88.5), (64.5, 88.5)), ((83.5, 90.5), (83.5, 91.5)), ((77.5, 87.5), (78.5, 87.5)), ((73.5, 88.5), (74.5, 88.5)), ((78.5, 86.5), (79.5, 86.5)), ((72.5, 92.5), (72.5, 93.5)), ((61.5, 88.5), (62.5, 88.5)), ((82.5, 80.5), (83.5, 80.5)), ((81.5, 82.5), (82.5, 82.5)), ((86.5, 84.5), (86.5, 85.5)), ((51.5, 85.5), (52.5, 85.5)), ((68.5, 92.5), (69.5, 92.5)), ((86.5, 85.5), (86.5, 86.5)), ((58.5, 88.5), (59.5, 88.5)), ((46.5, 87.5), (46.5, 88.5)), ((46.5, 81.5), (46.5, 82.5)), ((86.5, 83.5), (86.5, 84.5)), ((77.5, 92.5), (77.5, 93.5)), ((52.5, 93.5), (53.5, 93.5)), ((69.5, 88.5), (70.5, 88.5)), ((46.5, 88.5), (46.5, 89.5)), ((50.5, 82.5), (50.5, 83.5)), ((84.5, 79.5), (84.5, 80.5)), ((53.5, 87.5), (54.5, 87.5)), ((78.5, 86.5), (78.5, 87.5)), ((49.5, 92.5), (50.5, 92.5)), ((81.5, 91.5), (82.5, 91.5)), ((60.5, 93.5), (61.5, 93.5)), ((49.5, 78.5), (49.5, 79.5)), ((67.5, 92.5), (68.5, 92.5)), ((82.5, 80.5), (82.5, 81.5)), ((66.5, 92.5), (67.5, 92.5)), ((80.5, 84.5), (81.5, 84.5)), ((53.5, 93.5), (54.5, 93.5)), ((71.5, 88.5), (72.5, 88.5)), ((85.5, 88.5), (85.5, 89.5)), ((81.5, 83.5), (81.5, 84.5)), ((46.5, 89.5), (47.5, 89.5)), ((55.5, 87.5), (56.5, 87.5)), ((57.5, 87.5), (57.5, 88.5)), ((74.5, 93.5), (75.5, 93.5)), ((47.5, 89.5), (47.5, 90.5)), ((84.5, 89.5), (84.5, 90.5)), ((66.5, 88.5), (67.5, 88.5)), ((73.5, 93.5), (74.5, 93.5)), ((48.5, 78.5), (48.5, 79.5)), ((83.5, 90.5), (84.5, 90.5)), ((53.5, 86.5), (53.5, 87.5)), ((52.5, 85.5), (52.5, 86.5)), ((62.5, 88.5), (63.5, 88.5)), ((51.5, 84.5), (51.5, 85.5)), ((58.5, 93.5), (59.5, 93.5)), ((46.5, 82.5), (46.5, 83.5)), ((82.5, 81.5), (82.5, 82.5)), ((59.5, 88.5), (60.5, 88.5)), ((79.5, 92.5), (80.5, 92.5)), ((46.5, 80.5), (47.5, 80.5)), ((64.5, 88.5), (65.5, 88.5)), ((49.5, 79.5), (50.5, 79.5)), ((68.5, 88.5), (69.5, 88.5)), ((74.5, 88.5), (75.5, 88.5)), ((64.5, 92.5), (64.5, 93.5)), ((48.5, 91.5), (49.5, 91.5)), ((75.5, 87.5), (76.5, 87.5)), ((77.5, 92.5), (78.5, 92.5)), ((70.5, 92.5), (71.5, 92.5)), ((65.5, 92.5), (66.5, 92.5)), ((61.5, 93.5), (62.5, 93.5)), ((79.5, 86.5), (80.5, 86.5)), ((86.5, 81.5), (86.5, 82.5)), ((85.5, 80.5), (85.5, 81.5)), ((57.5, 88.5), (58.5, 88.5)), ((46.5, 86.5), (46.5, 87.5)), ((47.5, 79.5), (48.5, 79.5)), ((54.5, 93.5), (55.5, 93.5)), ((75.5, 87.5), (75.5, 88.5)), ((82.5, 91.5), (83.5, 91.5)), ((70.5, 88.5), (71.5, 88.5)), ((51.5, 92.5), (51.5, 93.5)), ((50.5, 81.5), (50.5, 82.5)), ((72.5, 93.5), (73.5, 93.5)), ((55.5, 93.5), (56.5, 93.5)), ((85.5, 81.5), (86.5, 81.5)), ((50.5, 83.5), (51.5, 83.5)), ((80.5, 85.5), (80.5, 86.5)), ((56.5, 87.5), (57.5, 87.5)), ((56.5, 93.5), (57.5, 93.5)), ((59.5, 93.5), (60.5, 93.5)), ((80.5, 84.5), (80.5, 85.5)), ((85.5, 86.5), (86.5, 86.5))}","{((45.5, 82.5), (46.5, 82.5)), ((49.5, 80.5), (49.5, 81.5)), ((81.5, 86.5), (82.5, 86.5)), ((72.5, 88.5), (72.5, 89.5)), ((50.5, 83.5), (50.5, 84.5)), ((87.5, 80.5), (87.5, 81.5)), ((50.5, 91.5), (51.5, 91.5)), ((55.5, 92.5), (56.5, 92.5)), ((51.5, 87.5), (52.5, 87.5)), ((83.5, 80.5), (83.5, 81.5)), ((83.5, 83.5), (83.5, 84.5)), ((51.5, 92.5), (52.5, 92.5)), ((83.5, 89.5), (84.5, 89.5)), ((64.5, 93.5), (65.5, 93.5)), ((51.5, 91.5), (51.5, 92.5)), ((49.5, 79.5), (49.5, 80.5)), ((67.5, 93.5), (68.5, 93.5)), ((83.5, 82.5), (83.5, 83.5)), ((83.5, 81.5), (83.5, 82.5)), ((59.5, 92.5), (60.5, 92.5)), ((49.5, 81.5), (50.5, 81.5)), ((66.5, 89.5), (67.5, 89.5)), ((80.5, 86.5), (80.5, 87.5)), ((46.5, 88.5), (47.5, 88.5)), ((45.5, 82.5), (45.5, 83.5)), ((71.5, 89.5), (72.5, 89.5)), ((87.5, 88.5), (88.5, 88.5)), ((82.5, 85.5), (82.5, 86.5)), ((75.5, 88.5), (76.5, 88.5)), ((83.5, 89.5), (83.5, 90.5)), ((45.5, 85.5), (45.5, 86.5)), ((56.5, 92.5), (57.5, 92.5)), ((63.5, 88.5), (63.5, 89.5)), ((85.5, 78.5), (85.5, 79.5)), ((84.5, 78.5), (84.5, 79.5)), ((50.5, 85.5), (51.5, 85.5)), ((88.5, 81.5), (88.5, 82.5)), ((58.5, 92.5), (59.5, 92.5)), ((67.5, 89.5), (68.5, 89.5)), ((83.5, 84.5), (83.5, 85.5)), ((57.5, 92.5), (58.5, 92.5)), ((82.5, 85.5), (83.5, 85.5)), ((70.5, 93.5), (71.5, 93.5)), ((85.5, 79.5), (86.5, 79.5)), ((76.5, 88.5), (77.5, 88.5)), ((54.5, 88.5), (55.5, 88.5)), ((63.5, 89.5), (64.5, 89.5)), ((86.5, 79.5), (87.5, 79.5)), ((65.5, 89.5), (66.5, 89.5)), ((68.5, 89.5), (69.5, 89.5)), ((77.5, 88.5), (78.5, 88.5)), ((51.5, 86.5), (51.5, 87.5)), ((76.5, 92.5), (77.5, 92.5)), ((88.5, 86.5), (88.5, 87.5)), ((51.5, 85.5), (51.5, 86.5)), ((87.5, 79.5), (87.5, 80.5)), ((78.5, 87.5), (79.5, 87.5)), ((60.5, 92.5), (60.5, 93.5)), ((88.5, 84.5), (88.5, 85.5)), ((56.5, 88.5), (57.5, 88.5)), ((79.5, 87.5), (80.5, 87.5)), ((69.5, 89.5), (70.5, 89.5)), ((87.5, 81.5), (88.5, 81.5)), ((84.5, 78.5), (85.5, 78.5)), ((53.5, 88.5), (54.5, 88.5)), ((75.5, 92.5), (76.5, 92.5)), ((50.5, 90.5), (50.5, 91.5)), ((45.5, 88.5), (46.5, 88.5)), ((88.5, 82.5), (88.5, 83.5)), ((88.5, 85.5), (88.5, 86.5)), ((73.5, 92.5), (74.5, 92.5)), ((45.5, 87.5), (45.5, 88.5)), ((47.5, 88.5), (47.5, 89.5)), ((82.5, 90.5), (82.5, 91.5)), ((68.5, 93.5), (69.5, 93.5)), ((78.5, 87.5), (78.5, 88.5)), ((66.5, 93.5), (67.5, 93.5)), ((53.5, 87.5), (53.5, 88.5)), ((54.5, 92.5), (55.5, 92.5)), ((69.5, 93.5), (70.5, 93.5)), ((48.5, 90.5), (49.5, 90.5)), ((88.5, 87.5), (88.5, 88.5)), ((70.5, 89.5), (71.5, 89.5)), ((65.5, 93.5), (66.5, 93.5)), ((85.5, 89.5), (86.5, 89.5)), ((49.5, 90.5), (50.5, 90.5)), ((74.5, 92.5), (75.5, 92.5)), ((52.5, 92.5), (53.5, 92.5)), ((86.5, 89.5), (87.5, 89.5)), ((82.5, 90.5), (83.5, 90.5)), ((53.5, 92.5), (54.5, 92.5)), ((52.5, 87.5), (53.5, 87.5)), ((64.5, 89.5), (65.5, 89.5)), ((50.5, 84.5), (50.5, 85.5)), ((45.5, 84.5), (45.5, 85.5)), ((45.5, 83.5), (45.5, 84.5)), ((45.5, 86.5), (45.5, 87.5)), ((87.5, 88.5), (87.5, 89.5)), ((71.5, 93.5), (72.5, 93.5)), ((73.5, 92.5), (73.5, 93.5)), ((88.5, 83.5), (88.5, 84.5)), ((80.5, 86.5), (81.5, 86.5)), ((55.5, 88.5), (56.5, 88.5))}"
68,HNCDL_340,20180723,0.7838383838383839,3.0,0.2766988545010295,124.21875,0.7794117647058824,0.21138211382113822,"{(57, 91), (68, 91), (49, 87), (79, 88), (81, 85), (84, 84), (72, 91), (62, 90), (53, 87), (63, 89), (73, 90), (74, 89), (55, 93), (56, 92), (77, 90), (83, 85), (85, 82), (60, 92), (51, 89), (50, 91), (52, 88), (75, 90), (61, 91), (74, 91), (49, 89), (79, 90), (81, 87), (82, 86), (62, 92), (53, 89), (64, 89), (54, 88), (63, 91), (73, 92), (77, 92), (58, 88), (83, 87), (85, 84), (50, 84), (80, 88), (51, 91), (61, 93), (52, 90), (66, 89), (75, 92), (49, 82), (84, 79), (79, 92), (81, 89), (48, 86), (82, 88), (53, 91), (64, 91), (54, 90), (63, 93), (47, 84), (83, 80), (58, 90), (83, 89), (85, 86), (50, 86), (69, 90), (80, 90), (52, 92), (82, 81), (81, 91), (48, 88), (71, 90), (82, 90), (54, 92), (56, 89), (83, 82), (58, 92), (60, 89), (51, 86), (50, 88), (59, 91), (70, 91), (69, 92), (80, 92), (76, 88), (79, 87), (82, 83), (57, 93), (48, 90), (62, 89), (73, 89), (71, 92), (84, 86), (86, 83), (77, 89), (78, 88), (83, 84), (60, 91), (59, 93), (50, 90), (52, 87), (75, 89), (61, 90), (74, 93), (65, 90), (79, 89), (81, 86), (46, 86), (48, 83), (82, 85), (76, 90), (62, 91), (49, 91), (63, 90), (73, 91), (84, 88), (77, 91), (55, 88), (80, 87), (67, 90), (78, 90), (50, 83), (60, 93), (61, 92), (52, 89), (65, 92), (79, 91), (66, 91), (57, 88), (48, 85), (82, 87), (49, 84), (76, 92), (84, 81), (63, 92), (54, 89), (53, 93), (55, 90), (58, 89), (69, 89), (47, 86), (50, 85), (59, 88), (80, 89), (67, 92), (78, 92), (52, 91), (74, 88), (85, 88), (57, 90), (48, 87), (71, 89), (49, 86), (82, 89), (68, 90), (84, 83), (72, 90), (55, 92), (58, 91), (56, 91), (47, 88), (50, 87), (59, 90), (70, 90), (69, 91), (80, 91), (85, 81), (51, 88), (74, 90), (82, 82), (57, 92), (48, 89), (82, 91), (49, 88), (68, 92), (84, 85), (72, 92), (53, 88), (78, 87), (56, 93), (59, 92), (50, 89), (61, 89), (70, 92), (83, 86), (85, 83), (51, 90), (65, 89), (76, 89), (75, 91), (74, 92), (48, 82), (82, 84), (49, 81), (49, 90), (81, 88), (84, 87), (86, 84), (62, 93), (53, 90), (67, 89), (80, 86), (78, 89), (47, 83), (50, 82), (64, 90), (83, 79), (83, 88), (85, 85), (51, 92), (65, 91), (76, 91), (66, 90), (75, 93), (48, 84), (49, 83), (84, 80), (81, 90), (84, 89), (53, 92), (55, 89), (54, 91), (56, 88), (47, 85), (67, 91), (78, 91), (64, 92), (83, 81), (83, 90), (51, 85), (85, 87), (75, 88), (76, 93), (66, 92), (57, 89), (68, 89), (49, 85), (84, 82), (72, 89), (71, 91), (55, 91), (54, 93), (56, 90), (47, 87), (77, 88), (59, 89), (70, 89), (83, 83), (85, 80), (58, 93), (60, 90), (51, 87), (52, 86)}","{(57, 91), (68, 91), (49, 87), (79, 88), (84, 84), (87, 80), (72, 91), (71, 93), (62, 90), (87, 89), (63, 89), (73, 90), (74, 89), (77, 90), (83, 85), (85, 82), (60, 92), (51, 89), (61, 91), (52, 88), (75, 90), (46, 84), (74, 91), (49, 89), (79, 90), (81, 87), (82, 86), (87, 82), (72, 93), (62, 92), (53, 89), (64, 89), (54, 88), (63, 91), (47, 82), (73, 92), (58, 88), (83, 87), (85, 84), (50, 84), (80, 88), (51, 91), (61, 93), (52, 90), (85, 89), (49, 82), (88, 86), (81, 89), (48, 86), (82, 88), (87, 84), (53, 91), (64, 91), (54, 90), (63, 93), (47, 84), (86, 88), (67, 93), (58, 90), (83, 89), (85, 86), (50, 86), (69, 90), (80, 90), (88, 88), (81, 91), (48, 88), (71, 90), (82, 90), (86, 81), (56, 89), (85, 79), (58, 92), (60, 89), (51, 86), (50, 88), (61, 88), (59, 91), (70, 91), (69, 92), (76, 88), (79, 87), (48, 81), (68, 93), (48, 90), (62, 89), (73, 89), (71, 92), (84, 86), (86, 83), (77, 89), (78, 88), (60, 91), (70, 93), (50, 90), (75, 89), (61, 90), (88, 83), (65, 90), (79, 89), (81, 86), (46, 86), (48, 83), (76, 90), (62, 91), (73, 91), (63, 90), (84, 88), (86, 85), (77, 91), (55, 88), (80, 87), (67, 90), (78, 90), (61, 92), (52, 89), (88, 85), (65, 92), (79, 91), (66, 91), (46, 88), (48, 85), (82, 87), (49, 84), (57, 88), (84, 81), (63, 92), (54, 89), (86, 87), (87, 86), (64, 93), (55, 90), (58, 89), (80, 89), (47, 86), (50, 85), (59, 88), (67, 92), (52, 91), (74, 88), (88, 87), (85, 88), (66, 93), (57, 90), (48, 87), (82, 89), (49, 86), (68, 90), (84, 83), (86, 80), (87, 79), (72, 90), (86, 89), (87, 88), (58, 91), (56, 91), (47, 88), (50, 87), (59, 90), (70, 90), (69, 91), (80, 91), (85, 81), (51, 88), (74, 90), (46, 83), (68, 92), (48, 89), (49, 88), (84, 85), (86, 82), (87, 81), (72, 92), (53, 88), (47, 81), (59, 92), (50, 89), (61, 89), (70, 92), (83, 86), (85, 83), (88, 82), (51, 90), (65, 89), (76, 89), (75, 91), (46, 85), (48, 82), (74, 92), (49, 81), (49, 90), (81, 88), (84, 87), (86, 84), (87, 83), (62, 93), (53, 90), (78, 89), (64, 90), (45, 86), (47, 83), (73, 93), (83, 88), (85, 85), (88, 84), (65, 91), (76, 91), (66, 90), (46, 87), (48, 84), (49, 83), (84, 80), (81, 90), (84, 89), (86, 86), (87, 85), (64, 92), (55, 89), (54, 91), (56, 88), (47, 85), (67, 91), (78, 91), (60, 88), (85, 87), (65, 93), (66, 92), (57, 89), (49, 85), (84, 82), (86, 79), (72, 89), (71, 91), (73, 88), (87, 87), (55, 91), (56, 90), (47, 87), (77, 88), (59, 89), (85, 80), (69, 93), (60, 90), (51, 87), (75, 88), (46, 82)}","{((71.5, 92.5), (72.5, 92.5)), ((49.5, 80.5), (49.5, 81.5)), ((75.5, 93.5), (76.5, 93.5)), ((65.5, 88.5), (66.5, 88.5)), ((57.5, 93.5), (58.5, 93.5)), ((83.5, 89.5), (84.5, 89.5)), ((52.5, 86.5), (53.5, 86.5)), ((80.5, 91.5), (80.5, 92.5)), ((50.5, 92.5), (51.5, 92.5)), ((73.5, 87.5), (73.5, 88.5)), ((81.5, 80.5), (81.5, 81.5)), ((47.5, 81.5), (47.5, 82.5)), ((47.5, 90.5), (48.5, 90.5)), ((60.5, 88.5), (61.5, 88.5)), ((64.5, 92.5), (65.5, 92.5)), ((54.5, 87.5), (55.5, 87.5)), ((69.5, 92.5), (70.5, 92.5)), ((62.5, 93.5), (63.5, 93.5)), ((85.5, 81.5), (85.5, 82.5)), ((83.5, 89.5), (83.5, 90.5)), ((45.5, 85.5), (45.5, 86.5)), ((85.5, 84.5), (86.5, 84.5)), ((47.5, 81.5), (48.5, 81.5)), ((67.5, 88.5), (68.5, 88.5)), ((46.5, 84.5), (46.5, 85.5)), ((85.5, 86.5), (85.5, 87.5)), ((78.5, 92.5), (79.5, 92.5)), ((84.5, 88.5), (85.5, 88.5)), ((63.5, 92.5), (64.5, 92.5)), ((72.5, 88.5), (73.5, 88.5)), ((82.5, 78.5), (82.5, 79.5)), ((48.5, 90.5), (48.5, 91.5)), ((85.5, 87.5), (85.5, 88.5)), ((46.5, 83.5), (46.5, 84.5)), ((81.5, 82.5), (81.5, 83.5)), ((86.5, 82.5), (86.5, 83.5)), ((85.5, 79.5), (85.5, 80.5)), ((76.5, 87.5), (77.5, 87.5)), ((63.5, 88.5), (64.5, 88.5)), ((63.5, 92.5), (63.5, 93.5)), ((78.5, 86.5), (79.5, 86.5)), ((46.5, 82.5), (47.5, 82.5)), ((47.5, 88.5), (47.5, 89.5)), ((61.5, 88.5), (62.5, 88.5)), ((50.5, 84.5), (51.5, 84.5)), ((48.5, 80.5), (48.5, 81.5)), ((51.5, 85.5), (52.5, 85.5)), ((68.5, 92.5), (69.5, 92.5)), ((76.5, 92.5), (76.5, 93.5)), ((83.5, 78.5), (84.5, 78.5)), ((46.5, 87.5), (46.5, 88.5)), ((57.5, 87.5), (58.5, 87.5)), ((80.5, 91.5), (81.5, 91.5)), ((79.5, 85.5), (80.5, 85.5)), ((86.5, 83.5), (86.5, 84.5)), ((52.5, 93.5), (53.5, 93.5)), ((69.5, 88.5), (70.5, 88.5)), ((79.5, 85.5), (79.5, 86.5)), ((50.5, 82.5), (50.5, 83.5)), ((53.5, 87.5), (54.5, 87.5)), ((81.5, 91.5), (82.5, 91.5)), ((52.5, 92.5), (52.5, 93.5)), ((77.5, 86.5), (77.5, 87.5)), ((60.5, 93.5), (61.5, 93.5)), ((67.5, 92.5), (68.5, 92.5)), ((50.5, 83.5), (50.5, 84.5)), ((51.5, 92.5), (52.5, 92.5)), ((45.5, 86.5), (46.5, 86.5)), ((66.5, 92.5), (67.5, 92.5)), ((80.5, 84.5), (81.5, 84.5)), ((81.5, 81.5), (81.5, 82.5)), ((84.5, 88.5), (84.5, 89.5)), ((53.5, 93.5), (54.5, 93.5)), ((49.5, 91.5), (50.5, 91.5)), ((71.5, 88.5), (72.5, 88.5)), ((81.5, 83.5), (81.5, 84.5)), ((84.5, 79.5), (85.5, 79.5)), ((55.5, 87.5), (56.5, 87.5)), ((49.5, 81.5), (50.5, 81.5)), ((74.5, 93.5), (75.5, 93.5)), ((47.5, 89.5), (47.5, 90.5)), ((50.5, 91.5), (50.5, 92.5)), ((46.5, 88.5), (47.5, 88.5)), ((66.5, 88.5), (67.5, 88.5)), ((73.5, 93.5), (74.5, 93.5)), ((85.5, 82.5), (86.5, 82.5)), ((84.5, 78.5), (84.5, 79.5)), ((53.5, 86.5), (53.5, 87.5)), ((52.5, 85.5), (52.5, 86.5)), ((62.5, 88.5), (63.5, 88.5)), ((51.5, 84.5), (51.5, 85.5)), ((45.5, 85.5), (46.5, 85.5)), ((58.5, 93.5), (59.5, 93.5)), ((46.5, 82.5), (46.5, 83.5)), ((81.5, 80.5), (82.5, 80.5)), ((59.5, 88.5), (60.5, 88.5)), ((79.5, 92.5), (80.5, 92.5)), ((64.5, 88.5), (65.5, 88.5)), ((85.5, 84.5), (85.5, 85.5)), ((76.5, 92.5), (77.5, 92.5)), ((68.5, 88.5), (69.5, 88.5)), ((48.5, 80.5), (49.5, 80.5)), ((48.5, 91.5), (49.5, 91.5)), ((75.5, 87.5), (76.5, 87.5)), ((77.5, 92.5), (78.5, 92.5)), ((70.5, 92.5), (71.5, 92.5)), ((82.5, 90.5), (82.5, 91.5)), ((65.5, 92.5), (66.5, 92.5)), ((61.5, 93.5), (62.5, 93.5)), ((85.5, 80.5), (85.5, 81.5)), ((46.5, 86.5), (46.5, 87.5)), ((54.5, 93.5), (55.5, 93.5)), ((82.5, 78.5), (83.5, 78.5)), ((77.5, 86.5), (78.5, 86.5)), ((82.5, 79.5), (82.5, 80.5)), ((73.5, 87.5), (74.5, 87.5)), ((74.5, 87.5), (75.5, 87.5)), ((70.5, 88.5), (71.5, 88.5)), ((85.5, 85.5), (85.5, 86.5)), ((82.5, 90.5), (83.5, 90.5)), ((50.5, 81.5), (50.5, 82.5)), ((55.5, 93.5), (56.5, 93.5)), ((58.5, 87.5), (59.5, 87.5)), ((72.5, 92.5), (73.5, 92.5)), ((56.5, 87.5), (57.5, 87.5)), ((59.5, 87.5), (59.5, 88.5)), ((73.5, 92.5), (73.5, 93.5)), ((56.5, 93.5), (57.5, 93.5)), ((59.5, 93.5), (60.5, 93.5)), ((80.5, 84.5), (80.5, 85.5))}","{((57.5, 91.5), (57.5, 92.5)), ((49.5, 81.5), (49.5, 82.5)), ((50.5, 91.5), (51.5, 91.5)), ((87.5, 80.5), (87.5, 81.5)), ((80.5, 85.5), (81.5, 85.5)), ((51.5, 87.5), (52.5, 87.5)), ((59.5, 87.5), (60.5, 87.5)), ((83.5, 80.5), (83.5, 81.5)), ((83.5, 83.5), (83.5, 84.5)), ((45.5, 81.5), (46.5, 81.5)), ((60.5, 87.5), (61.5, 87.5)), ((74.5, 91.5), (75.5, 91.5)), ((52.5, 91.5), (53.5, 91.5)), ((82.5, 89.5), (83.5, 89.5)), ((64.5, 93.5), (65.5, 93.5)), ((67.5, 93.5), (68.5, 93.5)), ((83.5, 82.5), (83.5, 83.5)), ((83.5, 81.5), (83.5, 82.5)), ((87.5, 78.5), (87.5, 79.5)), ((59.5, 92.5), (60.5, 92.5)), ((83.5, 79.5), (84.5, 79.5)), ((66.5, 89.5), (67.5, 89.5)), ((72.5, 87.5), (72.5, 88.5)), ((45.5, 82.5), (45.5, 83.5)), ((56.5, 91.5), (57.5, 91.5)), ((87.5, 88.5), (88.5, 88.5)), ((53.5, 91.5), (54.5, 91.5)), ((50.5, 85.5), (51.5, 85.5)), ((88.5, 81.5), (88.5, 82.5)), ((58.5, 92.5), (59.5, 92.5)), ((54.5, 91.5), (55.5, 91.5)), ((67.5, 89.5), (68.5, 89.5)), ((83.5, 79.5), (83.5, 80.5)), ((51.5, 91.5), (52.5, 91.5)), ((79.5, 91.5), (80.5, 91.5)), ((57.5, 92.5), (58.5, 92.5)), ((70.5, 93.5), (71.5, 93.5)), ((65.5, 89.5), (66.5, 89.5)), ((68.5, 89.5), (69.5, 89.5)), ((46.5, 80.5), (47.5, 80.5)), ((85.5, 78.5), (86.5, 78.5)), ((82.5, 84.5), (83.5, 84.5)), ((63.5, 93.5), (64.5, 93.5)), ((77.5, 91.5), (78.5, 91.5)), ((44.5, 85.5), (45.5, 85.5)), ((51.5, 86.5), (51.5, 87.5)), ((86.5, 78.5), (87.5, 78.5)), ((88.5, 86.5), (88.5, 87.5)), ((72.5, 87.5), (73.5, 87.5)), ((82.5, 89.5), (82.5, 90.5)), ((51.5, 85.5), (51.5, 86.5)), ((87.5, 79.5), (87.5, 80.5)), ((84.5, 89.5), (85.5, 89.5)), ((46.5, 80.5), (46.5, 81.5)), ((44.5, 86.5), (45.5, 86.5)), ((81.5, 85.5), (82.5, 85.5)), ((60.5, 92.5), (60.5, 93.5)), ((88.5, 84.5), (88.5, 85.5)), ((69.5, 89.5), (70.5, 89.5)), ((87.5, 81.5), (88.5, 81.5)), ((84.5, 78.5), (85.5, 78.5)), ((50.5, 90.5), (50.5, 91.5)), ((47.5, 80.5), (48.5, 80.5)), ((45.5, 88.5), (46.5, 88.5)), ((77.5, 87.5), (78.5, 87.5)), ((88.5, 82.5), (88.5, 83.5)), ((88.5, 85.5), (88.5, 86.5)), ((73.5, 92.5), (74.5, 92.5)), ((44.5, 85.5), (44.5, 86.5)), ((78.5, 91.5), (79.5, 91.5)), ((45.5, 87.5), (45.5, 88.5)), ((68.5, 93.5), (69.5, 93.5)), ((66.5, 93.5), (67.5, 93.5)), ((79.5, 86.5), (80.5, 86.5)), ((81.5, 90.5), (81.5, 91.5)), ((49.5, 83.5), (50.5, 83.5)), ((69.5, 93.5), (70.5, 93.5)), ((48.5, 90.5), (49.5, 90.5)), ((88.5, 87.5), (88.5, 88.5)), ((70.5, 89.5), (71.5, 89.5)), ((65.5, 93.5), (66.5, 93.5)), ((49.5, 82.5), (49.5, 83.5)), ((82.5, 84.5), (82.5, 85.5)), ((85.5, 89.5), (86.5, 89.5)), ((49.5, 90.5), (50.5, 90.5)), ((65.5, 88.5), (65.5, 89.5)), ((86.5, 89.5), (87.5, 89.5)), ((61.5, 87.5), (61.5, 88.5)), ((52.5, 87.5), (53.5, 87.5)), ((72.5, 93.5), (73.5, 93.5)), ((75.5, 91.5), (76.5, 91.5)), ((74.5, 91.5), (74.5, 92.5)), ((50.5, 84.5), (50.5, 85.5)), ((45.5, 84.5), (45.5, 85.5)), ((76.5, 91.5), (77.5, 91.5)), ((45.5, 83.5), (45.5, 84.5)), ((80.5, 85.5), (80.5, 86.5)), ((55.5, 91.5), (56.5, 91.5)), ((45.5, 81.5), (45.5, 82.5)), ((45.5, 86.5), (45.5, 87.5)), ((87.5, 88.5), (87.5, 89.5)), ((71.5, 93.5), (72.5, 93.5)), ((81.5, 90.5), (82.5, 90.5)), ((88.5, 83.5), (88.5, 84.5)), ((78.5, 86.5), (78.5, 87.5)), ((71.5, 88.5), (71.5, 89.5))}"
69,HNCDL_340,20180723,0.0,,,0.0,0.0,0.0,"{(57, 91), (68, 91), (49, 87), (79, 88), (81, 85), (84, 84), (72, 91), (62, 90), (53, 87), (63, 89), (73, 90), (74, 89), (55, 93), (56, 92), (77, 90), (83, 85), (85, 82), (60, 92), (51, 89), (50, 91), (52, 88), (75, 90), (61, 91), (74, 91), (49, 89), (79, 90), (81, 87), (82, 86), (62, 92), (64, 89), (63, 91), (73, 92), (77, 92), (58, 88), (83, 87), (85, 84), (80, 88), (51, 91), (61, 93), (52, 90), (66, 89), (75, 92), (84, 79), (79, 92), (81, 89), (48, 86), (71, 88), (82, 88), (53, 91), (64, 91), (54, 90), (83, 80), (58, 90), (83, 89), (85, 86), (50, 86), (69, 90), (80, 90), (52, 92), (81, 91), (48, 88), (71, 90), (82, 90), (86, 81), (54, 92), (83, 82), (85, 79), (58, 92), (60, 89), (51, 86), (50, 88), (59, 91), (70, 91), (76, 88), (79, 87), (81, 84), (82, 83), (57, 93), (71, 92), (62, 89), (73, 89), (84, 86), (86, 83), (77, 89), (78, 88), (83, 84), (60, 91), (59, 93), (50, 90), (52, 87), (75, 89), (61, 90), (65, 90), (79, 89), (81, 86), (76, 90), (82, 85), (62, 91), (73, 91), (63, 90), (54, 87), (84, 88), (86, 85), (77, 91), (67, 90), (80, 87), (78, 90), (60, 93), (61, 92), (52, 89), (76, 92), (79, 91), (66, 91), (57, 88), (48, 85), (82, 87), (49, 84), (84, 81), (63, 92), (72, 88), (55, 90), (58, 89), (69, 89), (47, 86), (50, 85), (59, 88), (80, 89), (78, 92), (52, 91), (74, 88), (57, 90), (48, 87), (71, 89), (49, 86), (82, 89), (68, 90), (84, 83), (86, 80), (72, 90), (55, 92), (58, 91), (56, 91), (47, 88), (50, 87), (59, 90), (70, 90), (69, 91), (80, 91), (85, 81), (51, 88), (74, 90), (82, 82), (57, 92), (48, 89), (49, 88), (84, 85), (86, 82), (72, 92), (78, 87), (56, 93), (59, 92), (50, 89), (61, 89), (70, 92), (83, 86), (85, 83), (51, 90), (65, 89), (76, 89), (75, 91), (74, 92), (82, 84), (49, 90), (81, 88), (84, 87), (86, 84), (62, 93), (53, 90), (67, 89), (80, 86), (78, 89), (64, 90), (83, 79), (83, 88), (85, 85), (65, 91), (76, 91), (66, 90), (48, 84), (84, 80), (81, 90), (53, 92), (67, 91), (54, 91), (78, 91), (47, 85), (64, 92), (83, 81), (85, 87), (75, 88), (68, 89), (49, 85), (79, 86), (84, 82), (72, 89), (71, 91), (73, 88), (55, 91), (54, 93), (56, 90), (47, 87), (77, 88), (59, 89), (70, 89), (83, 83), (85, 80), (58, 93), (60, 90), (51, 87), (52, 86)}",set(),"{((71.5, 92.5), (72.5, 92.5)), ((46.5, 85.5), (46.5, 86.5)), ((52.5, 87.5), (52.5, 88.5)), ((71.5, 87.5), (72.5, 87.5)), ((57.5, 93.5), (58.5, 93.5)), ((65.5, 88.5), (66.5, 88.5)), ((52.5, 86.5), (53.5, 86.5)), ((62.5, 92.5), (63.5, 92.5)), ((82.5, 89.5), (83.5, 89.5)), ((48.5, 89.5), (48.5, 90.5)), ((52.5, 88.5), (52.5, 89.5)), ((60.5, 88.5), (61.5, 88.5)), ((69.5, 92.5), (70.5, 92.5)), ((67.5, 88.5), (68.5, 88.5)), ((80.5, 83.5), (81.5, 83.5)), ((50.5, 85.5), (51.5, 85.5)), ((46.5, 84.5), (46.5, 85.5)), ((56.5, 89.5), (57.5, 89.5)), ((85.5, 86.5), (85.5, 87.5)), ((78.5, 92.5), (79.5, 92.5)), ((79.5, 91.5), (80.5, 91.5)), ((81.5, 81.5), (82.5, 81.5)), ((57.5, 88.5), (57.5, 89.5)), ((65.5, 91.5), (66.5, 91.5)), ((63.5, 92.5), (64.5, 92.5)), ((82.5, 78.5), (82.5, 79.5)), ((82.5, 89.5), (82.5, 90.5)), ((81.5, 82.5), (81.5, 83.5)), ((86.5, 82.5), (86.5, 83.5)), ((84.5, 87.5), (85.5, 87.5)), ((84.5, 78.5), (85.5, 78.5)), ((75.5, 92.5), (76.5, 92.5)), ((53.5, 92.5), (53.5, 93.5)), ((76.5, 87.5), (77.5, 87.5)), ((56.5, 87.5), (56.5, 88.5)), ((79.5, 91.5), (79.5, 92.5)), ((63.5, 88.5), (64.5, 88.5)), ((53.5, 86.5), (54.5, 86.5)), ((73.5, 92.5), (74.5, 92.5)), ((47.5, 83.5), (47.5, 84.5)), ((47.5, 88.5), (47.5, 89.5)), ((61.5, 88.5), (62.5, 88.5)), ((54.5, 89.5), (55.5, 89.5)), ((86.5, 84.5), (86.5, 85.5)), ((51.5, 85.5), (52.5, 85.5)), ((83.5, 88.5), (84.5, 88.5)), ((52.5, 89.5), (53.5, 89.5)), ((53.5, 89.5), (54.5, 89.5)), ((74.5, 92.5), (75.5, 92.5)), ((83.5, 78.5), (84.5, 78.5)), ((64.5, 91.5), (65.5, 91.5)), ((46.5, 87.5), (46.5, 88.5)), ((52.5, 87.5), (53.5, 87.5)), ((57.5, 87.5), (58.5, 87.5)), ((70.5, 87.5), (71.5, 87.5)), ((47.5, 89.5), (48.5, 89.5)), ((50.5, 84.5), (50.5, 85.5)), ((49.5, 83.5), (49.5, 84.5)), ((80.5, 91.5), (81.5, 91.5)), ((86.5, 83.5), (86.5, 84.5)), ((79.5, 85.5), (80.5, 85.5)), ((69.5, 88.5), (70.5, 88.5)), ((83.5, 88.5), (83.5, 89.5)), ((81.5, 90.5), (82.5, 90.5)), ((53.5, 87.5), (54.5, 87.5)), ((80.5, 83.5), (80.5, 84.5)), ((77.5, 86.5), (77.5, 87.5)), ((55.5, 89.5), (56.5, 89.5)), ((60.5, 93.5), (61.5, 93.5)), ((50.5, 91.5), (51.5, 91.5)), ((82.5, 80.5), (82.5, 81.5)), ((54.5, 86.5), (54.5, 87.5)), ((51.5, 92.5), (52.5, 92.5)), ((81.5, 81.5), (81.5, 82.5)), ((66.5, 91.5), (67.5, 91.5)), ((53.5, 93.5), (54.5, 93.5)), ((51.5, 91.5), (51.5, 92.5)), ((78.5, 85.5), (78.5, 86.5)), ((69.5, 91.5), (69.5, 92.5)), ((64.5, 91.5), (64.5, 92.5)), ((49.5, 91.5), (50.5, 91.5)), ((86.5, 79.5), (86.5, 80.5)), ((46.5, 88.5), (47.5, 88.5)), ((66.5, 88.5), (67.5, 88.5)), ((85.5, 78.5), (85.5, 79.5)), ((52.5, 85.5), (52.5, 86.5)), ((62.5, 88.5), (63.5, 88.5)), ((58.5, 93.5), (59.5, 93.5)), ((85.5, 79.5), (86.5, 79.5)), ((59.5, 88.5), (60.5, 88.5)), ((64.5, 88.5), (65.5, 88.5)), ((76.5, 92.5), (77.5, 92.5)), ((68.5, 88.5), (69.5, 88.5)), ((72.5, 87.5), (73.5, 87.5)), ((49.5, 84.5), (50.5, 84.5)), ((56.5, 88.5), (57.5, 88.5)), ((46.5, 84.5), (47.5, 84.5)), ((75.5, 87.5), (76.5, 87.5)), ((68.5, 91.5), (69.5, 91.5)), ((77.5, 92.5), (78.5, 92.5)), ((70.5, 92.5), (71.5, 92.5)), ((49.5, 90.5), (49.5, 91.5)), ((61.5, 93.5), (62.5, 93.5)), ((86.5, 81.5), (86.5, 82.5)), ((81.5, 90.5), (81.5, 91.5)), ((46.5, 86.5), (46.5, 87.5)), ((70.5, 87.5), (70.5, 88.5)), ((48.5, 90.5), (49.5, 90.5)), ((54.5, 93.5), (55.5, 93.5)), ((82.5, 78.5), (83.5, 78.5)), ((77.5, 86.5), (78.5, 86.5)), ((82.5, 79.5), (82.5, 80.5)), ((73.5, 87.5), (74.5, 87.5)), ((74.5, 87.5), (75.5, 87.5)), ((52.5, 92.5), (53.5, 92.5)), ((85.5, 85.5), (85.5, 86.5)), ((84.5, 87.5), (84.5, 88.5)), ((78.5, 85.5), (79.5, 85.5)), ((86.5, 80.5), (86.5, 81.5)), ((62.5, 92.5), (62.5, 93.5)), ((55.5, 93.5), (56.5, 93.5)), ((58.5, 87.5), (59.5, 87.5)), ((67.5, 91.5), (68.5, 91.5)), ((72.5, 92.5), (73.5, 92.5)), ((56.5, 87.5), (57.5, 87.5)), ((59.5, 87.5), (59.5, 88.5)), ((47.5, 83.5), (48.5, 83.5)), ((85.5, 85.5), (86.5, 85.5)), ((56.5, 93.5), (57.5, 93.5)), ((48.5, 83.5), (49.5, 83.5)), ((59.5, 93.5), (60.5, 93.5)), ((80.5, 84.5), (80.5, 85.5))}",set()
70,HNCDL_340,20180723,0.0,,,0.0,0.0,0.0,"{(49, 87), (79, 88), (84, 84), (72, 91), (62, 90), (73, 90), (63, 89), (56, 92), (77, 90), (85, 82), (60, 92), (51, 89), (61, 91), (75, 90), (74, 91), (49, 89), (79, 90), (62, 92), (73, 92), (63, 91), (80, 88), (85, 84), (51, 91), (52, 90), (75, 92), (84, 79), (81, 89), (82, 88), (53, 91), (64, 91), (80, 90), (85, 86), (48, 88), (71, 90), (86, 81), (54, 92), (83, 82), (85, 79), (58, 92), (59, 91), (50, 88), (70, 91), (76, 88), (79, 87), (82, 83), (57, 93), (62, 89), (73, 89), (84, 86), (86, 83), (77, 89), (78, 88), (83, 84), (60, 91), (59, 93), (50, 90), (75, 89), (61, 90), (76, 90), (79, 89), (62, 91), (73, 91), (63, 90), (84, 88), (86, 85), (77, 91), (78, 90), (60, 93), (61, 92), (79, 91), (84, 81), (72, 88), (80, 89), (52, 91), (74, 88), (48, 87), (71, 89), (82, 89), (84, 83), (86, 80), (72, 90), (55, 92), (56, 91), (70, 90), (85, 81), (74, 90), (57, 92), (49, 88), (84, 85), (86, 82), (72, 92), (78, 87), (59, 92), (50, 89), (85, 83), (51, 90), (76, 89), (75, 91), (74, 92), (82, 84), (84, 78), (81, 88), (84, 87), (86, 84), (53, 90), (78, 89), (64, 90), (83, 88), (85, 85), (76, 91), (84, 80), (53, 92), (78, 91), (54, 91), (85, 78), (85, 87), (84, 82), (86, 79), (72, 89), (71, 91), (73, 88), (55, 91), (70, 89), (77, 88), (83, 83), (85, 80), (58, 93), (74, 89), (75, 88)}",set(),"{((77.5, 86.5), (77.5, 87.5)), ((49.5, 87.5), (50.5, 87.5)), ((71.5, 92.5), (72.5, 92.5)), ((75.5, 91.5), (75.5, 92.5)), ((50.5, 91.5), (51.5, 91.5)), ((71.5, 87.5), (72.5, 87.5)), ((55.5, 92.5), (56.5, 92.5)), ((71.5, 91.5), (71.5, 92.5)), ((57.5, 93.5), (58.5, 93.5)), ((83.5, 80.5), (83.5, 81.5)), ((64.5, 89.5), (64.5, 90.5)), ((54.5, 90.5), (55.5, 90.5)), ((59.5, 90.5), (60.5, 90.5)), ((56.5, 90.5), (56.5, 91.5)), ((48.5, 86.5), (49.5, 86.5)), ((80.5, 87.5), (81.5, 87.5)), ((81.5, 83.5), (81.5, 84.5)), ((64.5, 90.5), (64.5, 91.5)), ((82.5, 88.5), (83.5, 88.5)), ((86.5, 79.5), (86.5, 80.5)), ((62.5, 91.5), (63.5, 91.5)), ((86.5, 78.5), (86.5, 79.5)), ((71.5, 87.5), (71.5, 88.5)), ((56.5, 91.5), (57.5, 91.5)), ((81.5, 84.5), (82.5, 84.5)), ((79.5, 90.5), (80.5, 90.5)), ((80.5, 89.5), (80.5, 90.5)), ((81.5, 89.5), (82.5, 89.5)), ((60.5, 89.5), (61.5, 89.5)), ((63.5, 88.5), (63.5, 89.5)), ((84.5, 77.5), (85.5, 77.5)), ((52.5, 91.5), (52.5, 92.5)), ((69.5, 89.5), (69.5, 90.5)), ((50.5, 88.5), (51.5, 88.5)), ((47.5, 87.5), (47.5, 88.5)), ((85.5, 86.5), (85.5, 87.5)), ((62.5, 88.5), (63.5, 88.5)), ((83.5, 79.5), (83.5, 80.5)), ((51.5, 91.5), (52.5, 91.5)), ((83.5, 84.5), (83.5, 85.5)), ((69.5, 91.5), (70.5, 91.5)), ((50.5, 87.5), (50.5, 88.5)), ((58.5, 93.5), (59.5, 93.5)), ((58.5, 90.5), (59.5, 90.5)), ((82.5, 81.5), (82.5, 82.5)), ((55.5, 90.5), (56.5, 90.5)), ((63.5, 89.5), (64.5, 89.5)), ((69.5, 90.5), (69.5, 91.5)), ((85.5, 78.5), (86.5, 78.5)), ((82.5, 84.5), (83.5, 84.5)), ((77.5, 91.5), (78.5, 91.5)), ((63.5, 91.5), (64.5, 91.5)), ((72.5, 87.5), (73.5, 87.5)), ((56.5, 92.5), (56.5, 93.5)), ((82.5, 87.5), (83.5, 87.5)), ((79.5, 90.5), (79.5, 91.5)), ((82.5, 88.5), (82.5, 89.5)), ((81.5, 82.5), (81.5, 83.5)), ((47.5, 86.5), (48.5, 86.5)), ((61.5, 92.5), (62.5, 92.5)), ((60.5, 89.5), (60.5, 90.5)), ((60.5, 92.5), (60.5, 93.5)), ((79.5, 87.5), (80.5, 87.5)), ((86.5, 82.5), (86.5, 83.5)), ((49.5, 89.5), (49.5, 90.5)), ((82.5, 81.5), (83.5, 81.5)), ((84.5, 87.5), (85.5, 87.5)), ((51.5, 89.5), (52.5, 89.5)), ((53.5, 89.5), (53.5, 90.5)), ((50.5, 90.5), (50.5, 91.5)), ((76.5, 87.5), (77.5, 87.5)), ((48.5, 88.5), (48.5, 89.5)), ((75.5, 87.5), (76.5, 87.5)), ((83.5, 78.5), (83.5, 79.5)), ((78.5, 86.5), (79.5, 86.5)), ((51.5, 88.5), (51.5, 89.5)), ((73.5, 92.5), (74.5, 92.5)), ((53.5, 90.5), (54.5, 90.5)), ((78.5, 91.5), (79.5, 91.5)), ((69.5, 88.5), (69.5, 89.5)), ((57.5, 91.5), (58.5, 91.5)), ((61.5, 88.5), (62.5, 88.5)), ((70.5, 91.5), (71.5, 91.5)), ((86.5, 81.5), (86.5, 82.5)), ((47.5, 86.5), (47.5, 87.5)), ((83.5, 77.5), (83.5, 78.5)), ((81.5, 82.5), (82.5, 82.5)), ((86.5, 84.5), (86.5, 85.5)), ((81.5, 87.5), (82.5, 87.5)), ((54.5, 92.5), (55.5, 92.5)), ((77.5, 86.5), (78.5, 86.5)), ((73.5, 87.5), (74.5, 87.5)), ((83.5, 88.5), (84.5, 88.5)), ((60.5, 92.5), (61.5, 92.5)), ((52.5, 89.5), (53.5, 89.5)), ((74.5, 87.5), (75.5, 87.5)), ((70.5, 88.5), (71.5, 88.5)), ((74.5, 92.5), (75.5, 92.5)), ((49.5, 90.5), (50.5, 90.5)), ((52.5, 92.5), (53.5, 92.5)), ((85.5, 85.5), (85.5, 86.5)), ((47.5, 88.5), (48.5, 88.5)), ((84.5, 87.5), (84.5, 88.5)), ((53.5, 92.5), (54.5, 92.5)), ((61.5, 88.5), (61.5, 89.5)), ((86.5, 80.5), (86.5, 81.5)), ((83.5, 77.5), (84.5, 77.5)), ((75.5, 91.5), (76.5, 91.5)), ((80.5, 89.5), (81.5, 89.5)), ((86.5, 83.5), (86.5, 84.5)), ((83.5, 86.5), (83.5, 87.5)), ((48.5, 89.5), (49.5, 89.5)), ((76.5, 91.5), (77.5, 91.5)), ((72.5, 92.5), (73.5, 92.5)), ((79.5, 86.5), (79.5, 87.5)), ((49.5, 86.5), (49.5, 87.5)), ((83.5, 85.5), (83.5, 86.5)), ((69.5, 88.5), (70.5, 88.5)), ((62.5, 91.5), (62.5, 92.5)), ((85.5, 77.5), (85.5, 78.5)), ((85.5, 85.5), (86.5, 85.5)), ((56.5, 93.5), (57.5, 93.5)), ((58.5, 90.5), (58.5, 91.5)), ((59.5, 93.5), (60.5, 93.5))}",set()
71,HNCDL_340,20180723,inf,,,0.0,0.0,0.0,set(),set(),set(),set()
72,HNCDL_340,20180723,inf,,,0.0,0.0,0.0,set(),set(),set(),set()
73,HNCDL_340,20180723,inf,,,0.0,0.0,0.0,set(),set(),set(),set()
74,HNCDL_340,20180723,inf,,,0.0,0.0,0.0,set(),set(),set(),set()
75,HNCDL_340,20180723,inf,,,0.0,0.0,0.0,set(),set(),set(),set()
76,HNCDL_340,20180723,inf,,,0.0,0.0,0.0,set(),set(),set(),set()
77,HNCDL_340,20180723,inf,,,0.0,0.0,0.0,set(),set(),set(),set()
78,HNCDL_340,20180723,inf,,,0.0,0.0,0.0,set(),set(),set(),set()
79,HNCDL_340,20180723,inf,,,0.0,0.0,0.0,set(),set(),set(),set()
80,HNCDL_340,20180723,inf,,,0.0,0.0,0.0,set(),set(),set(),set()
81,HNCDL_340,20180723,inf,,,0.0,0.0,0.0,set(),set(),set(),set()
82,HNCDL_340,20180723,inf,,,0.0,0.0,0.0,set(),set(),set(),set()
83,HNCDL_340,20180723,inf,,,0.0,0.0,0.0,set(),set(),set(),set()
84,HNCDL_340,20180723,inf,,,0.0,0.0,0.0,set(),set(),set(),set()
85,HNCDL_340,20180723,inf,,,0.0,0.0,0.0,set(),set(),set(),set()
86,HNCDL_340,20180723,inf,,,0.0,0.0,0.0,set(),set(),set(),set()
87,HNCDL_340,20180723,inf,,,0.0,0.0,0.0,set(),set(),set(),set()
88,HNCDL_340,20180723,inf,,,0.0,0.0,0.0,set(),set(),set(),set()
89,HNCDL_340,20180723,inf,,,0.0,0.0,0.0,set(),set(),set(),set()
90,HNCDL_340,20180723,inf,,,0.0,0.0,0.0,set(),set(),set(),set()
91,HNCDL_340,20180723,inf,,,0.0,0.0,0.0,set(),set(),set(),set()
92,HNCDL_340,20180723,inf,,,0.0,0.0,0.0,set(),set(),set(),set()
93,HNCDL_340,20180723,inf,,,0.0,0.0,0.0,set(),set(),set(),set()
94,HNCDL_340,20180723,inf,,,0.0,0.0,0.0,set(),set(),set(),set()
95,HNCDL_340,20180723,inf,,,0.0,0.0,0.0,set(),set(),set(),set()
96,HNCDL_340,20180723,inf,,,0.0,0.0,0.0,set(),set(),set(),set()
97,HNCDL_340,20180723,inf,,,0.0,0.0,0.0,set(),set(),set(),set()
98,HNCDL_340,20180723,inf,,,0.0,0.0,0.0,set(),set(),set(),set()
99,HNCDL_340,20180723,inf,,,0.0,0.0,0.0,set(),set(),set(),set()
100,HNCDL_340,20180723,inf,,,0.0,0.0,0.0,set(),set(),set(),set()
101,HNCDL_340,20180723,inf,,,0.0,0.0,0.0,set(),set(),set(),set()
102,HNCDL_340,20180723,inf,,,0.0,0.0,0.0,set(),set(),set(),set()
103,HNCDL_340,20180723,inf,,,0.0,0.0,0.0,set(),set(),set(),set()
104,HNCDL_340,20180723,inf,,,0.0,0.0,0.0,set(),set(),set(),set()
105,HNCDL_340,20180723,inf,,,0.0,0.0,0.0,set(),set(),set(),set()
106,HNCDL_340,20180723,inf,,,0.0,0.0,0.0,set(),set(),set(),set()
107,HNCDL_340,20180723,inf,,,0.0,0.0,0.0,set(),set(),set(),set()
108,HNCDL_340,20180723,inf,,,0.0,0.0,0.0,set(),set(),set(),set()
109,HNCDL_340,20180723,inf,,,0.0,0.0,0.0,set(),set(),set(),set()
110,HNCDL_340,20180723,inf,,,0.0,0.0,0.0,set(),set(),set(),set()
111,HNCDL_340,20180723,inf,,,0.0,0.0,0.0,set(),set(),set(),set()
112,HNCDL_340,20180723,inf,,,0.0,0.0,0.0,set(),set(),set(),set()
113,HNCDL_340,20180723,inf,,,0.0,0.0,0.0,set(),set(),set(),set()
114,HNCDL_340,20180723,inf,,,0.0,0.0,0.0,set(),set(),set(),set()
115,HNCDL_340,20180723,inf,,,0.0,0.0,0.0,set(),set(),set(),set()
116,HNCDL_340,20180723,inf,,,0.0,0.0,0.0,set(),set(),set(),set()
117,HNCDL_340,20180723,inf,,,0.0,0.0,0.0,set(),set(),set(),set()
118,HNCDL_340,20180723,inf,,,0.0,0.0,0.0,set(),set(),set(),set()
119,HNCDL_340,20180723,inf,,,0.0,0.0,0.0,set(),set(),set(),set()
120,HNCDL_340,20180723,inf,,,0.0,0.0,0.0,set(),set(),set(),set()
121,HNCDL_340,20180723,inf,,,0.0,0.0,0.0,set(),set(),set(),set()
122,HNCDL_340,20180723,inf,,,0.0,0.0,0.0,set(),set(),set(),set()
123,HNCDL_340,20180723,inf,,,0.0,0.0,0.0,set(),set(),set(),set()
124,HNCDL_340,20180723,inf,,,0.0,0.0,0.0,set(),set(),set(),set()
125,HNCDL_340,20180723,inf,,,0.0,0.0,0.0,set(),set(),set(),set()
126,HNCDL_340,20180723,inf,,,0.0,0.0,0.0,set(),set(),set(),set()
127,HNCDL_340,20180723,inf,,,0.0,0.0,0.0,set(),set(),set(),set()
128,HNCDL_340,20180723,inf,,,0.0,0.0,0.0,set(),set(),set(),set()
129,HNCDL_340,20180723,inf,,,0.0,0.0,0.0,set(),set(),set(),set()
130,HNCDL_340,20180723,inf,,,0.0,0.0,0.0,set(),set(),set(),set()
131,HNCDL_340,20180723,inf,,,0.0,0.0,0.0,set(),set(),set(),set()
132,HNCDL_340,20180723,inf,,,0.0,0.0,0.0,set(),set(),set(),set()
133,HNCDL_340,20180723,inf,,,0.0,0.0,0.0,set(),set(),set(),set()
134,HNCDL_340,20180723,inf,,,0.0,0.0,0.0,set(),set(),set(),set()
0,HNCDL_447,20170421,inf,,,0.0,0.0,0.0,set(),set(),set(),set()
1,HNCDL_447,20170421,inf,,,0.0,0.0,0.0,set(),set(),set(),set()
2,HNCDL_447,20170421,inf,,,0.0,0.0,0.0,set(),set(),set(),set()
3,HNCDL_447,20170421,inf,,,0.0,0.0,0.0,set(),set(),set(),set()
4,HNCDL_447,20170421,inf,,,0.0,0.0,0.0,set(),set(),set(),set()
5,HNCDL_447,20170421,inf,,,0.0,0.0,0.0,set(),set(),set(),set()
6,HNCDL_447,20170421,inf,,,0.0,0.0,0.0,set(),set(),set(),set()
7,HNCDL_447,20170421,inf,,,0.0,0.0,0.0,set(),set(),set(),set()
8,HNCDL_447,20170421,inf,,,0.0,0.0,0.0,set(),set(),set(),set()
9,HNCDL_447,20170421,inf,,,0.0,0.0,0.0,set(),set(),set(),set()
10,HNCDL_447,20170421,inf,,,0.0,0.0,0.0,set(),set(),set(),set()
11,HNCDL_447,20170421,inf,,,0.0,0.0,0.0,set(),set(),set(),set()
12,HNCDL_447,20170421,inf,,,0.0,0.0,0.0,set(),set(),set(),set()
13,HNCDL_447,20170421,inf,,,0.0,0.0,0.0,set(),set(),set(),set()
14,HNCDL_447,20170421,inf,,,0.0,0.0,0.0,set(),set(),set(),set()
15,HNCDL_447,20170421,inf,,,0.0,0.0,0.0,set(),set(),set(),set()
16,HNCDL_447,20170421,inf,,,0.0,0.0,0.0,set(),set(),set(),set()
17,HNCDL_447,20170421,inf,,,0.0,0.0,0.0,set(),set(),set(),set()
18,HNCDL_447,20170421,inf,,,0.0,0.0,0.0,set(),set(),set(),set()
19,HNCDL_447,20170421,inf,,,0.0,0.0,0.0,set(),set(),set(),set()
20,HNCDL_447,20170421,inf,,,0.0,0.0,0.0,set(),set(),set(),set()
21,HNCDL_447,20170421,inf,,,0.0,0.0,0.0,set(),set(),set(),set()
22,HNCDL_447,20170421,inf,,,0.0,0.0,0.0,set(),set(),set(),set()
23,HNCDL_447,20170421,inf,,,0.0,0.0,0.0,set(),set(),set(),set()
24,HNCDL_447,20170421,inf,,,0.0,0.0,0.0,set(),set(),set(),set()
25,HNCDL_447,20170421,inf,,,0.0,0.0,0.0,set(),set(),set(),set()
26,HNCDL_447,20170421,inf,,,0.0,0.0,0.0,set(),set(),set(),set()
27,HNCDL_447,20170421,inf,,,0.0,0.0,0.0,set(),set(),set(),set()
28,HNCDL_447,20170421,inf,,,0.0,0.0,0.0,set(),set(),set(),set()
29,HNCDL_447,20170421,inf,,,0.0,0.0,0.0,set(),set(),set(),set()
30,HNCDL_447,20170421,inf,,,0.0,0.0,0.0,set(),set(),set(),set()
31,HNCDL_447,20170421,inf,,,0.0,0.0,0.0,set(),set(),set(),set()
32,HNCDL_447,20170421,inf,,,0.0,0.0,0.0,set(),set(),set(),set()
33,HNCDL_447,20170421,inf,,,0.0,0.0,0.0,set(),set(),set(),set()
34,HNCDL_447,20170421,inf,,,0.0,0.0,0.0,set(),set(),set(),set()
35,HNCDL_447,20170421,inf,,,0.0,0.0,0.0,set(),set(),set(),set()
36,HNCDL_447,20170421,inf,,,0.0,0.0,0.0,set(),set(),set(),set()
37,HNCDL_447,20170421,inf,,,0.0,0.0,0.0,set(),set(),set(),set()
38,HNCDL_447,20170421,inf,,,0.0,0.0,0.0,set(),set(),set(),set()
39,HNCDL_447,20170421,inf,,,0.0,0.0,0.0,set(),set(),set(),set()
40,HNCDL_447,20170421,inf,,,0.0,0.0,0.0,set(),set(),set(),set()
41,HNCDL_447,20170421,inf,,,0.0,0.0,0.0,set(),set(),set(),set()
42,HNCDL_447,20170421,inf,,,0.0,0.0,0.0,set(),set(),set(),set()
43,HNCDL_447,20170421,inf,,,0.0,0.0,0.0,set(),set(),set(),set()
44,HNCDL_447,20170421,inf,,,0.0,0.0,0.0,set(),set(),set(),set()
45,HNCDL_447,20170421,inf,,,0.0,0.0,0.0,set(),set(),set(),set()
46,HNCDL_447,20170421,inf,,,0.0,0.0,0.0,set(),set(),set(),set()
47,HNCDL_447,20170421,0.0,,,96.09375,1.0,1.0,set(),"{(68, 91), (79, 88), (90, 88), (72, 91), (62, 90), (64, 87), (63, 89), (87, 89), (73, 90), (77, 90), (91, 89), (93, 86), (92, 88), (74, 91), (85, 91), (75, 90), (66, 87), (79, 90), (81, 87), (90, 90), (82, 86), (71, 86), (64, 89), (63, 91), (87, 91), (91, 91), (93, 88), (69, 88), (83, 87), (94, 87), (80, 88), (92, 90), (66, 89), (85, 89), (88, 86), (81, 89), (72, 86), (71, 88), (82, 88), (64, 91), (86, 88), (69, 90), (83, 89), (85, 86), (94, 89), (80, 90), (88, 88), (81, 91), (71, 90), (73, 87), (82, 90), (86, 90), (77, 87), (91, 86), (67, 86), (78, 86), (89, 86), (83, 91), (70, 91), (61, 88), (75, 87), (76, 86), (65, 88), (79, 87), (90, 87), (76, 88), (88, 90), (62, 89), (73, 89), (63, 88), (84, 86), (77, 89), (67, 88), (92, 87), (78, 88), (89, 88), (61, 90), (75, 89), (65, 90), (79, 89), (81, 86), (68, 86), (90, 89), (76, 90), (73, 91), (63, 90), (84, 88), (95, 88), (77, 91), (67, 90), (69, 87), (80, 87), (70, 86), (92, 89), (78, 90), (89, 90), (93, 90), (74, 86), (79, 91), (66, 91), (68, 88), (71, 87), (82, 87), (90, 91), (72, 88), (86, 87), (84, 90), (87, 86), (95, 90), (69, 89), (80, 89), (70, 88), (74, 88), (88, 87), (85, 88), (68, 90), (71, 89), (82, 89), (72, 90), (86, 89), (77, 86), (87, 88), (69, 91), (80, 91), (70, 90), (91, 88), (74, 90), (65, 87), (90, 86), (66, 86), (76, 87), (88, 89), (85, 90), (82, 91), (63, 87), (86, 91), (64, 88), (67, 87), (78, 87), (89, 87), (87, 90), (61, 89), (91, 90), (93, 87), (83, 86), (65, 89), (76, 89), (66, 88), (75, 91), (88, 91), (81, 88), (84, 87), (95, 87), (64, 90), (67, 89), (69, 86), (80, 86), (78, 89), (89, 89), (93, 89), (92, 91), (83, 88), (94, 88), (65, 91), (76, 91), (66, 90), (68, 87), (81, 90), (72, 87), (86, 86), (73, 86), (84, 89), (95, 89), (67, 91), (78, 91), (89, 91), (70, 87), (93, 91), (83, 90), (74, 87), (85, 87), (75, 86), (94, 90), (68, 89), (79, 86), (72, 89), (71, 91), (62, 88), (87, 87), (73, 88), (84, 91), (70, 89), (77, 88), (91, 87), (92, 86), (74, 89), (65, 86), (75, 88)}",set(),"{((95.5, 88.5), (95.5, 89.5)), ((92.5, 85.5), (93.5, 85.5)), ((80.5, 85.5), (81.5, 85.5)), ((73.5, 91.5), (74.5, 91.5)), ((93.5, 90.5), (93.5, 91.5)), ((67.5, 85.5), (68.5, 85.5)), ((60.5, 87.5), (61.5, 87.5)), ((74.5, 91.5), (75.5, 91.5)), ((94.5, 90.5), (95.5, 90.5)), ((68.5, 85.5), (69.5, 85.5)), ((95.5, 87.5), (95.5, 88.5)), ((64.5, 85.5), (65.5, 85.5)), ((66.5, 91.5), (67.5, 91.5)), ((89.5, 91.5), (90.5, 91.5)), ((65.5, 85.5), (66.5, 85.5)), ((62.5, 86.5), (63.5, 86.5)), ((61.5, 90.5), (62.5, 90.5)), ((62.5, 91.5), (63.5, 91.5)), ((75.5, 85.5), (76.5, 85.5)), ((72.5, 91.5), (73.5, 91.5)), ((93.5, 85.5), (93.5, 86.5)), ((93.5, 86.5), (94.5, 86.5)), ((93.5, 90.5), (94.5, 90.5)), ((79.5, 91.5), (80.5, 91.5)), ((69.5, 91.5), (70.5, 91.5)), ((82.5, 85.5), (83.5, 85.5)), ((65.5, 91.5), (66.5, 91.5)), ((83.5, 91.5), (84.5, 91.5)), ((60.5, 90.5), (61.5, 90.5)), ((77.5, 91.5), (78.5, 91.5)), ((85.5, 91.5), (86.5, 91.5)), ((63.5, 91.5), (64.5, 91.5)), ((94.5, 86.5), (95.5, 86.5)), ((91.5, 91.5), (92.5, 91.5)), ((76.5, 85.5), (77.5, 85.5)), ((81.5, 85.5), (82.5, 85.5)), ((60.5, 89.5), (60.5, 90.5)), ((72.5, 85.5), (73.5, 85.5)), ((90.5, 91.5), (91.5, 91.5)), ((68.5, 91.5), (69.5, 91.5)), ((74.5, 85.5), (75.5, 85.5)), ((71.5, 85.5), (72.5, 85.5)), ((78.5, 91.5), (79.5, 91.5)), ((90.5, 85.5), (91.5, 85.5)), ((73.5, 85.5), (74.5, 85.5)), ((70.5, 91.5), (71.5, 91.5)), ((69.5, 85.5), (70.5, 85.5)), ((91.5, 85.5), (92.5, 85.5)), ((92.5, 91.5), (93.5, 91.5)), ((84.5, 85.5), (85.5, 85.5)), ((83.5, 85.5), (84.5, 85.5)), ((63.5, 86.5), (64.5, 86.5)), ((82.5, 91.5), (83.5, 91.5)), ((87.5, 91.5), (88.5, 91.5)), ((64.5, 91.5), (65.5, 91.5)), ((84.5, 91.5), (85.5, 91.5)), ((64.5, 85.5), (64.5, 86.5)), ((78.5, 85.5), (79.5, 85.5)), ((60.5, 87.5), (60.5, 88.5)), ((95.5, 86.5), (95.5, 87.5)), ((88.5, 91.5), (89.5, 91.5)), ((87.5, 85.5), (88.5, 85.5)), ((75.5, 91.5), (76.5, 91.5)), ((95.5, 89.5), (95.5, 90.5)), ((80.5, 91.5), (81.5, 91.5)), ((71.5, 91.5), (72.5, 91.5)), ((66.5, 85.5), (67.5, 85.5)), ((79.5, 85.5), (80.5, 85.5)), ((76.5, 91.5), (77.5, 91.5)), ((67.5, 91.5), (68.5, 91.5)), ((60.5, 88.5), (60.5, 89.5)), ((62.5, 86.5), (62.5, 87.5)), ((86.5, 91.5), (87.5, 91.5)), ((88.5, 85.5), (89.5, 85.5)), ((89.5, 85.5), (90.5, 85.5)), ((62.5, 90.5), (62.5, 91.5)), ((77.5, 85.5), (78.5, 85.5)), ((85.5, 85.5), (86.5, 85.5)), ((61.5, 87.5), (62.5, 87.5)), ((86.5, 85.5), (87.5, 85.5)), ((81.5, 91.5), (82.5, 91.5)), ((70.5, 85.5), (71.5, 85.5))}"
48,HNCDL_447,20170421,0.0,,,96.09375,1.0,1.0,set(),"{(79, 88), (90, 88), (62, 90), (64, 87), (63, 89), (87, 89), (73, 90), (77, 90), (91, 89), (93, 86), (92, 88), (74, 91), (85, 91), (75, 90), (66, 87), (79, 90), (81, 87), (90, 90), (71, 86), (82, 86), (64, 89), (87, 91), (91, 91), (93, 88), (69, 88), (83, 87), (94, 87), (80, 88), (92, 90), (66, 89), (85, 89), (88, 86), (81, 89), (72, 86), (71, 88), (82, 88), (86, 88), (69, 90), (83, 89), (85, 86), (94, 89), (80, 90), (88, 88), (81, 91), (71, 90), (62, 87), (73, 87), (63, 86), (82, 90), (86, 90), (77, 87), (91, 86), (67, 86), (78, 86), (89, 86), (83, 91), (61, 88), (75, 87), (76, 86), (65, 88), (79, 87), (90, 87), (76, 88), (88, 90), (62, 89), (64, 86), (63, 88), (73, 89), (84, 86), (77, 89), (67, 88), (92, 87), (78, 88), (89, 88), (75, 89), (65, 90), (79, 89), (81, 86), (68, 86), (90, 89), (76, 90), (73, 91), (63, 90), (84, 88), (95, 88), (77, 91), (67, 90), (69, 87), (80, 87), (70, 86), (92, 89), (78, 90), (89, 90), (93, 90), (74, 86), (79, 91), (90, 91), (68, 88), (71, 87), (82, 87), (72, 88), (86, 87), (84, 90), (87, 86), (69, 89), (80, 89), (70, 88), (74, 88), (88, 87), (85, 88), (68, 90), (71, 89), (82, 89), (72, 90), (86, 89), (77, 86), (87, 88), (80, 91), (70, 90), (91, 88), (74, 90), (65, 87), (90, 86), (66, 86), (76, 87), (88, 89), (85, 90), (82, 91), (63, 87), (86, 91), (64, 88), (67, 87), (78, 87), (89, 87), (87, 90), (91, 90), (93, 87), (83, 86), (65, 89), (76, 89), (66, 88), (75, 91), (88, 91), (81, 88), (84, 87), (95, 87), (64, 90), (67, 89), (69, 86), (80, 86), (78, 89), (89, 89), (93, 89), (92, 91), (83, 88), (94, 88), (76, 91), (66, 90), (68, 87), (81, 90), (72, 87), (86, 86), (73, 86), (84, 89), (95, 89), (78, 91), (89, 91), (70, 87), (93, 91), (83, 90), (74, 87), (85, 87), (75, 86), (94, 90), (68, 89), (79, 86), (72, 89), (84, 91), (62, 88), (87, 87), (73, 88), (70, 89), (77, 88), (91, 87), (92, 86), (74, 89), (65, 86), (75, 88)}",set(),"{((95.5, 88.5), (95.5, 89.5)), ((92.5, 85.5), (93.5, 85.5)), ((80.5, 85.5), (81.5, 85.5)), ((73.5, 91.5), (74.5, 91.5)), ((62.5, 85.5), (62.5, 86.5)), ((93.5, 90.5), (93.5, 91.5)), ((67.5, 85.5), (68.5, 85.5)), ((71.5, 90.5), (72.5, 90.5)), ((60.5, 87.5), (61.5, 87.5)), ((74.5, 91.5), (75.5, 91.5)), ((63.5, 90.5), (64.5, 90.5)), ((68.5, 85.5), (69.5, 85.5)), ((95.5, 87.5), (95.5, 88.5)), ((64.5, 85.5), (65.5, 85.5)), ((69.5, 90.5), (70.5, 90.5)), ((89.5, 91.5), (90.5, 91.5)), ((65.5, 85.5), (66.5, 85.5)), ((60.5, 88.5), (61.5, 88.5)), ((61.5, 90.5), (62.5, 90.5)), ((75.5, 85.5), (76.5, 85.5)), ((61.5, 86.5), (61.5, 87.5)), ((72.5, 91.5), (73.5, 91.5)), ((93.5, 85.5), (93.5, 86.5)), ((62.5, 90.5), (63.5, 90.5)), ((72.5, 90.5), (72.5, 91.5)), ((93.5, 86.5), (94.5, 86.5)), ((62.5, 85.5), (63.5, 85.5)), ((93.5, 90.5), (94.5, 90.5)), ((79.5, 91.5), (80.5, 91.5)), ((82.5, 85.5), (83.5, 85.5)), ((83.5, 91.5), (84.5, 91.5)), ((77.5, 91.5), (78.5, 91.5)), ((85.5, 91.5), (86.5, 91.5)), ((94.5, 86.5), (95.5, 86.5)), ((91.5, 91.5), (92.5, 91.5)), ((76.5, 85.5), (77.5, 85.5)), ((94.5, 89.5), (95.5, 89.5)), ((81.5, 85.5), (82.5, 85.5)), ((72.5, 85.5), (73.5, 85.5)), ((68.5, 90.5), (69.5, 90.5)), ((63.5, 85.5), (64.5, 85.5)), ((65.5, 90.5), (66.5, 90.5)), ((90.5, 91.5), (91.5, 91.5)), ((74.5, 85.5), (75.5, 85.5)), ((71.5, 85.5), (72.5, 85.5)), ((78.5, 91.5), (79.5, 91.5)), ((61.5, 89.5), (61.5, 90.5)), ((90.5, 85.5), (91.5, 85.5)), ((73.5, 85.5), (74.5, 85.5)), ((69.5, 85.5), (70.5, 85.5)), ((94.5, 89.5), (94.5, 90.5)), ((91.5, 85.5), (92.5, 85.5)), ((92.5, 91.5), (93.5, 91.5)), ((84.5, 85.5), (85.5, 85.5)), ((83.5, 85.5), (84.5, 85.5)), ((82.5, 91.5), (83.5, 91.5)), ((87.5, 91.5), (88.5, 91.5)), ((84.5, 91.5), (85.5, 91.5)), ((78.5, 85.5), (79.5, 85.5)), ((88.5, 91.5), (89.5, 91.5)), ((60.5, 87.5), (60.5, 88.5)), ((95.5, 86.5), (95.5, 87.5)), ((61.5, 86.5), (62.5, 86.5)), ((61.5, 88.5), (61.5, 89.5)), ((87.5, 85.5), (88.5, 85.5)), ((75.5, 91.5), (76.5, 91.5)), ((80.5, 91.5), (81.5, 91.5)), ((70.5, 90.5), (71.5, 90.5)), ((66.5, 85.5), (67.5, 85.5)), ((79.5, 85.5), (80.5, 85.5)), ((76.5, 91.5), (77.5, 91.5)), ((66.5, 90.5), (67.5, 90.5)), ((86.5, 91.5), (87.5, 91.5)), ((88.5, 85.5), (89.5, 85.5)), ((89.5, 85.5), (90.5, 85.5)), ((67.5, 90.5), (68.5, 90.5)), ((77.5, 85.5), (78.5, 85.5)), ((85.5, 85.5), (86.5, 85.5)), ((86.5, 85.5), (87.5, 85.5)), ((81.5, 91.5), (82.5, 91.5)), ((64.5, 90.5), (65.5, 90.5)), ((70.5, 85.5), (71.5, 85.5))}"
49,HNCDL_447,20170421,0.4553571428571429,7.0,0.9599034433140723,86.71875,0.8809523809523809,0.7034883720930233,"{(68, 88), (71, 87), (71, 90), (82, 90), (84, 87), (73, 90), (72, 88), (86, 87), (87, 89), (84, 90), (86, 90), (69, 89), (70, 88), (83, 88), (74, 88), (88, 87), (85, 88), (68, 87), (71, 89), (82, 89), (73, 89), (72, 87), (84, 89), (72, 90), (86, 89), (87, 88), (70, 87), (67, 88), (70, 90), (69, 88), (83, 90), (85, 87), (74, 90), (88, 89), (85, 90), (85, 89), (68, 89), (81, 89), (82, 88), (71, 88), (72, 89), (84, 91), (73, 88), (87, 87), (84, 88), (87, 90), (86, 88), (70, 89), (69, 87), (83, 89), (74, 89), (88, 88)}","{(79, 88), (90, 88), (62, 90), (64, 87), (63, 89), (87, 89), (73, 90), (77, 90), (91, 89), (93, 86), (92, 88), (75, 90), (66, 87), (79, 90), (81, 87), (90, 90), (71, 86), (82, 86), (64, 89), (93, 88), (69, 88), (83, 87), (94, 87), (80, 88), (92, 90), (66, 89), (85, 89), (88, 86), (81, 89), (72, 86), (71, 88), (82, 88), (86, 88), (69, 90), (83, 89), (85, 86), (94, 89), (80, 90), (88, 88), (81, 91), (71, 90), (62, 87), (73, 87), (63, 86), (82, 90), (86, 90), (77, 87), (91, 86), (67, 86), (78, 86), (89, 86), (61, 88), (75, 87), (76, 86), (65, 88), (79, 87), (90, 87), (76, 88), (88, 90), (62, 89), (64, 86), (63, 88), (73, 89), (84, 86), (77, 89), (67, 88), (92, 87), (78, 88), (89, 88), (75, 89), (65, 90), (79, 89), (81, 86), (68, 86), (90, 89), (76, 90), (63, 90), (84, 88), (95, 88), (77, 91), (67, 90), (69, 87), (80, 87), (70, 86), (92, 89), (78, 90), (89, 90), (93, 90), (74, 86), (79, 91), (68, 88), (71, 87), (82, 87), (72, 88), (86, 87), (84, 90), (87, 86), (69, 89), (80, 89), (70, 88), (74, 88), (88, 87), (85, 88), (68, 90), (71, 89), (82, 89), (72, 90), (86, 89), (77, 86), (87, 88), (80, 91), (70, 90), (61, 87), (91, 88), (74, 90), (65, 87), (90, 86), (66, 86), (76, 87), (88, 89), (85, 90), (63, 87), (64, 88), (67, 87), (78, 87), (89, 87), (87, 90), (91, 90), (93, 87), (83, 86), (65, 89), (76, 89), (66, 88), (81, 88), (84, 87), (95, 87), (64, 90), (67, 89), (69, 86), (80, 86), (78, 89), (89, 89), (93, 89), (83, 88), (94, 88), (66, 90), (68, 87), (81, 90), (72, 87), (86, 86), (73, 86), (84, 89), (78, 91), (70, 87), (60, 88), (74, 87), (85, 87), (75, 86), (83, 90), (68, 89), (79, 86), (72, 89), (62, 88), (87, 87), (73, 88), (70, 89), (77, 88), (91, 87), (92, 86), (74, 89), (65, 86), (75, 88)}","{((67.5, 88.5), (67.5, 89.5)), ((86.5, 90.5), (87.5, 90.5)), ((69.5, 86.5), (70.5, 86.5)), ((87.5, 89.5), (88.5, 89.5)), ((70.5, 86.5), (71.5, 86.5)), ((67.5, 86.5), (67.5, 87.5)), ((74.5, 87.5), (74.5, 88.5)), ((83.5, 86.5), (84.5, 86.5)), ((71.5, 90.5), (72.5, 90.5)), ((83.5, 90.5), (83.5, 91.5)), ((72.5, 86.5), (72.5, 87.5)), ((85.5, 90.5), (86.5, 90.5)), ((69.5, 90.5), (70.5, 90.5)), ((88.5, 88.5), (88.5, 89.5)), ((84.5, 86.5), (85.5, 86.5)), ((73.5, 90.5), (74.5, 90.5)), ((84.5, 90.5), (84.5, 91.5)), ((74.5, 89.5), (74.5, 90.5)), ((80.5, 88.5), (80.5, 89.5)), ((81.5, 87.5), (82.5, 87.5)), ((87.5, 89.5), (87.5, 90.5)), ((74.5, 88.5), (74.5, 89.5)), ((88.5, 87.5), (88.5, 88.5)), ((66.5, 87.5), (66.5, 88.5)), ((66.5, 88.5), (67.5, 88.5)), ((73.5, 87.5), (74.5, 87.5)), ((67.5, 86.5), (68.5, 86.5)), ((69.5, 89.5), (69.5, 90.5)), ((71.5, 86.5), (72.5, 86.5)), ((82.5, 90.5), (83.5, 90.5)), ((87.5, 86.5), (88.5, 86.5)), ((67.5, 89.5), (68.5, 89.5)), ((81.5, 89.5), (81.5, 90.5)), ((80.5, 88.5), (81.5, 88.5)), ((70.5, 90.5), (71.5, 90.5)), ((80.5, 89.5), (81.5, 89.5)), ((83.5, 86.5), (83.5, 87.5)), ((66.5, 87.5), (67.5, 87.5)), ((83.5, 91.5), (84.5, 91.5)), ((68.5, 86.5), (69.5, 86.5)), ((68.5, 89.5), (69.5, 89.5)), ((81.5, 90.5), (82.5, 90.5)), ((72.5, 87.5), (73.5, 87.5)), ((88.5, 86.5), (88.5, 87.5)), ((86.5, 86.5), (87.5, 86.5)), ((82.5, 87.5), (83.5, 87.5)), ((84.5, 90.5), (85.5, 90.5)), ((81.5, 87.5), (81.5, 88.5)), ((72.5, 90.5), (73.5, 90.5)), ((85.5, 86.5), (86.5, 86.5))}","{((60.5, 86.5), (60.5, 87.5)), ((88.5, 90.5), (89.5, 90.5)), ((92.5, 85.5), (93.5, 85.5)), ((80.5, 85.5), (81.5, 85.5)), ((59.5, 87.5), (60.5, 87.5)), ((67.5, 85.5), (68.5, 85.5)), ((62.5, 85.5), (62.5, 86.5)), ((63.5, 90.5), (64.5, 90.5)), ((68.5, 85.5), (69.5, 85.5)), ((95.5, 87.5), (95.5, 88.5)), ((64.5, 85.5), (65.5, 85.5)), ((65.5, 85.5), (66.5, 85.5)), ((60.5, 88.5), (61.5, 88.5)), ((61.5, 90.5), (62.5, 90.5)), ((75.5, 85.5), (76.5, 85.5)), ((93.5, 89.5), (94.5, 89.5)), ((89.5, 90.5), (90.5, 90.5)), ((93.5, 85.5), (93.5, 86.5)), ((62.5, 90.5), (63.5, 90.5)), ((93.5, 86.5), (94.5, 86.5)), ((60.5, 86.5), (61.5, 86.5)), ((83.5, 90.5), (84.5, 90.5)), ((74.5, 90.5), (75.5, 90.5)), ((62.5, 85.5), (63.5, 85.5)), ((79.5, 91.5), (80.5, 91.5)), ((82.5, 85.5), (83.5, 85.5)), ((59.5, 88.5), (60.5, 88.5)), ((77.5, 91.5), (78.5, 91.5)), ((94.5, 86.5), (95.5, 86.5)), ((92.5, 90.5), (93.5, 90.5)), ((76.5, 85.5), (77.5, 85.5)), ((81.5, 85.5), (82.5, 85.5)), ((72.5, 85.5), (73.5, 85.5)), ((68.5, 90.5), (69.5, 90.5)), ((90.5, 90.5), (91.5, 90.5)), ((63.5, 85.5), (64.5, 85.5)), ((65.5, 90.5), (66.5, 90.5)), ((74.5, 85.5), (75.5, 85.5)), ((75.5, 90.5), (76.5, 90.5)), ((71.5, 85.5), (72.5, 85.5)), ((78.5, 91.5), (79.5, 91.5)), ((91.5, 90.5), (92.5, 90.5)), ((61.5, 89.5), (61.5, 90.5)), ((90.5, 85.5), (91.5, 85.5)), ((73.5, 85.5), (74.5, 85.5)), ((94.5, 88.5), (95.5, 88.5)), ((69.5, 85.5), (70.5, 85.5)), ((81.5, 90.5), (81.5, 91.5)), ((91.5, 85.5), (92.5, 85.5)), ((87.5, 90.5), (88.5, 90.5)), ((84.5, 85.5), (85.5, 85.5)), ((83.5, 85.5), (84.5, 85.5)), ((76.5, 90.5), (76.5, 91.5)), ((78.5, 85.5), (79.5, 85.5)), ((95.5, 86.5), (95.5, 87.5)), ((61.5, 86.5), (62.5, 86.5)), ((61.5, 88.5), (61.5, 89.5)), ((87.5, 85.5), (88.5, 85.5)), ((94.5, 88.5), (94.5, 89.5)), ((80.5, 91.5), (81.5, 91.5)), ((79.5, 85.5), (80.5, 85.5)), ((66.5, 85.5), (67.5, 85.5)), ((76.5, 91.5), (77.5, 91.5)), ((66.5, 90.5), (67.5, 90.5)), ((88.5, 85.5), (89.5, 85.5)), ((59.5, 87.5), (59.5, 88.5)), ((89.5, 85.5), (90.5, 85.5)), ((67.5, 90.5), (68.5, 90.5)), ((77.5, 85.5), (78.5, 85.5)), ((85.5, 85.5), (86.5, 85.5)), ((93.5, 89.5), (93.5, 90.5)), ((86.5, 85.5), (87.5, 85.5)), ((64.5, 90.5), (65.5, 90.5)), ((70.5, 85.5), (71.5, 85.5))}"
50,HNCDL_447,20170421,0.6666666666666666,8.0,0.6333719341365305,93.75,0.8695652173913043,0.4708994708994709,"{(79, 88), (90, 88), (72, 91), (73, 90), (87, 89), (74, 89), (77, 90), (74, 91), (85, 91), (75, 90), (66, 87), (79, 90), (81, 87), (71, 86), (69, 88), (83, 87), (80, 88), (88, 86), (81, 89), (71, 88), (82, 88), (86, 88), (69, 90), (83, 89), (80, 90), (88, 88), (81, 91), (71, 90), (73, 87), (82, 90), (86, 90), (67, 86), (89, 86), (83, 91), (76, 88), (90, 87), (88, 90), (73, 89), (77, 89), (67, 88), (78, 88), (89, 88), (75, 89), (76, 90), (79, 89), (90, 89), (68, 86), (73, 91), (84, 88), (78, 90), (69, 87), (70, 86), (68, 88), (71, 87), (82, 87), (72, 88), (86, 87), (84, 90), (69, 89), (80, 89), (70, 88), (74, 88), (88, 87), (85, 88), (68, 90), (71, 89), (82, 89), (72, 90), (86, 89), (87, 88), (67, 85), (70, 90), (74, 90), (88, 89), (85, 90), (66, 86), (82, 91), (86, 91), (87, 90), (67, 87), (89, 87), (76, 89), (75, 91), (66, 88), (68, 85), (81, 88), (84, 87), (67, 89), (69, 86), (78, 89), (89, 89), (83, 88), (76, 91), (68, 87), (81, 90), (72, 87), (84, 89), (70, 87), (83, 90), (74, 87), (85, 87), (68, 89), (72, 89), (71, 91), (73, 88), (87, 87), (84, 91), (70, 89), (77, 88), (85, 89), (75, 88)}","{(79, 88), (90, 88), (62, 90), (64, 87), (63, 89), (87, 89), (73, 90), (77, 90), (91, 89), (93, 86), (92, 88), (75, 90), (66, 87), (79, 90), (81, 87), (95, 86), (71, 86), (82, 86), (90, 90), (64, 89), (93, 88), (58, 88), (83, 87), (94, 87), (69, 88), (80, 88), (92, 90), (66, 89), (85, 89), (88, 86), (81, 89), (72, 86), (71, 88), (82, 88), (65, 86), (86, 88), (69, 90), (60, 87), (85, 86), (61, 86), (83, 89), (94, 89), (80, 90), (88, 88), (81, 91), (71, 90), (62, 87), (73, 87), (63, 86), (82, 90), (86, 90), (77, 87), (91, 86), (67, 86), (78, 86), (89, 86), (61, 88), (75, 87), (65, 88), (79, 87), (90, 87), (76, 88), (88, 90), (62, 89), (64, 86), (63, 88), (73, 89), (84, 86), (77, 89), (67, 88), (69, 85), (92, 87), (78, 88), (89, 88), (75, 89), (65, 90), (79, 89), (81, 86), (68, 86), (71, 85), (90, 89), (76, 90), (63, 90), (84, 88), (95, 88), (67, 90), (69, 87), (80, 87), (70, 86), (92, 89), (78, 90), (89, 90), (93, 90), (74, 86), (79, 91), (68, 88), (71, 87), (82, 87), (72, 88), (86, 87), (84, 90), (87, 86), (69, 89), (80, 89), (59, 88), (70, 88), (74, 88), (65, 85), (88, 87), (85, 88), (68, 90), (71, 89), (82, 89), (63, 85), (72, 90), (86, 89), (77, 86), (87, 88), (67, 85), (80, 91), (70, 90), (61, 87), (91, 88), (93, 85), (74, 90), (65, 87), (90, 86), (66, 86), (76, 87), (88, 89), (85, 90), (63, 87), (64, 88), (67, 87), (78, 87), (89, 87), (87, 90), (61, 89), (91, 90), (93, 87), (83, 86), (94, 86), (65, 89), (76, 89), (66, 88), (68, 85), (81, 88), (84, 87), (95, 87), (64, 90), (67, 89), (69, 86), (80, 86), (70, 85), (78, 89), (89, 89), (93, 89), (83, 88), (94, 88), (66, 90), (68, 87), (81, 90), (72, 87), (86, 86), (62, 86), (73, 86), (84, 89), (59, 87), (70, 87), (60, 88), (74, 87), (85, 87), (75, 86), (83, 90), (68, 89), (79, 86), (72, 89), (62, 88), (64, 85), (87, 87), (73, 88), (70, 89), (77, 88), (91, 87), (92, 86), (74, 89), (76, 86), (75, 88), (66, 85)}","{((81.5, 86.5), (82.5, 86.5)), ((70.5, 90.5), (70.5, 91.5)), ((73.5, 86.5), (74.5, 86.5)), ((65.5, 88.5), (66.5, 88.5)), ((73.5, 91.5), (74.5, 91.5)), ((66.5, 88.5), (66.5, 89.5)), ((74.5, 91.5), (75.5, 91.5)), ((68.5, 85.5), (69.5, 85.5)), ((69.5, 90.5), (70.5, 90.5)), ((65.5, 85.5), (66.5, 85.5)), ((66.5, 84.5), (67.5, 84.5)), ((68.5, 84.5), (68.5, 85.5)), ((66.5, 89.5), (67.5, 89.5)), ((72.5, 91.5), (73.5, 91.5)), ((80.5, 86.5), (80.5, 87.5)), ((90.5, 87.5), (90.5, 88.5)), ((79.5, 90.5), (80.5, 90.5)), ((89.5, 89.5), (90.5, 89.5)), ((86.5, 90.5), (86.5, 91.5)), ((78.5, 90.5), (79.5, 90.5)), ((71.5, 86.5), (72.5, 86.5)), ((90.5, 88.5), (90.5, 89.5)), ((72.5, 86.5), (73.5, 86.5)), ((77.5, 90.5), (78.5, 90.5)), ((83.5, 91.5), (84.5, 91.5)), ((85.5, 91.5), (86.5, 91.5)), ((86.5, 86.5), (87.5, 86.5)), ((78.5, 87.5), (79.5, 87.5)), ((88.5, 89.5), (88.5, 90.5)), ((66.5, 84.5), (66.5, 85.5)), ((86.5, 90.5), (87.5, 90.5)), ((79.5, 87.5), (80.5, 87.5)), ((68.5, 90.5), (69.5, 90.5)), ((89.5, 86.5), (90.5, 86.5)), ((67.5, 89.5), (67.5, 90.5)), ((83.5, 86.5), (84.5, 86.5)), ((76.5, 87.5), (77.5, 87.5)), ((75.5, 87.5), (76.5, 87.5)), ((77.5, 87.5), (78.5, 87.5)), ((82.5, 86.5), (83.5, 86.5)), ((67.5, 84.5), (68.5, 84.5)), ((70.5, 91.5), (71.5, 91.5)), ((69.5, 85.5), (70.5, 85.5)), ((84.5, 86.5), (85.5, 86.5)), ((87.5, 85.5), (87.5, 86.5)), ((65.5, 86.5), (65.5, 87.5)), ((87.5, 90.5), (88.5, 90.5)), ((88.5, 89.5), (89.5, 89.5)), ((80.5, 90.5), (80.5, 91.5)), ((82.5, 91.5), (83.5, 91.5)), ((74.5, 87.5), (75.5, 87.5)), ((76.5, 90.5), (76.5, 91.5)), ((89.5, 85.5), (89.5, 86.5)), ((71.5, 85.5), (71.5, 86.5)), ((84.5, 91.5), (85.5, 91.5)), ((90.5, 86.5), (90.5, 87.5)), ((65.5, 87.5), (65.5, 88.5)), ((87.5, 85.5), (88.5, 85.5)), ((75.5, 91.5), (76.5, 91.5)), ((80.5, 91.5), (81.5, 91.5)), ((71.5, 91.5), (72.5, 91.5)), ((65.5, 85.5), (65.5, 86.5)), ((88.5, 85.5), (89.5, 85.5)), ((80.5, 86.5), (81.5, 86.5)), ((76.5, 90.5), (77.5, 90.5)), ((67.5, 90.5), (68.5, 90.5)), ((81.5, 91.5), (82.5, 91.5)), ((74.5, 86.5), (74.5, 87.5)), ((85.5, 86.5), (86.5, 86.5)), ((70.5, 85.5), (71.5, 85.5))}","{((88.5, 90.5), (89.5, 90.5)), ((80.5, 85.5), (81.5, 85.5)), ((71.5, 90.5), (72.5, 90.5)), ((92.5, 84.5), (92.5, 85.5)), ((93.5, 84.5), (93.5, 85.5)), ((63.5, 90.5), (64.5, 90.5)), ((95.5, 87.5), (95.5, 88.5)), ((78.5, 90.5), (78.5, 91.5)), ((70.5, 84.5), (71.5, 84.5)), ((60.5, 85.5), (60.5, 86.5)), ((61.5, 90.5), (62.5, 90.5)), ((57.5, 87.5), (57.5, 88.5)), ((75.5, 85.5), (76.5, 85.5)), ((93.5, 89.5), (94.5, 89.5)), ((89.5, 90.5), (90.5, 90.5)), ((62.5, 90.5), (63.5, 90.5)), ((63.5, 84.5), (64.5, 84.5)), ((60.5, 89.5), (61.5, 89.5)), ((64.5, 84.5), (65.5, 84.5)), ((83.5, 90.5), (84.5, 90.5)), ((69.5, 84.5), (70.5, 84.5)), ((74.5, 90.5), (75.5, 90.5)), ((65.5, 84.5), (66.5, 84.5)), ((58.5, 86.5), (58.5, 87.5)), ((79.5, 91.5), (80.5, 91.5)), ((82.5, 85.5), (83.5, 85.5)), ((62.5, 84.5), (62.5, 85.5)), ((59.5, 88.5), (60.5, 88.5)), ((60.5, 85.5), (61.5, 85.5)), ((71.5, 84.5), (71.5, 85.5)), ((59.5, 86.5), (60.5, 86.5)), ((93.5, 85.5), (94.5, 85.5)), ((84.5, 90.5), (85.5, 90.5)), ((92.5, 90.5), (93.5, 90.5)), ((72.5, 90.5), (73.5, 90.5)), ((76.5, 85.5), (77.5, 85.5)), ((81.5, 85.5), (82.5, 85.5)), ((72.5, 85.5), (73.5, 85.5)), ((95.5, 85.5), (95.5, 86.5)), ((90.5, 90.5), (91.5, 90.5)), ((65.5, 90.5), (66.5, 90.5)), ((74.5, 85.5), (75.5, 85.5)), ((75.5, 90.5), (76.5, 90.5)), ((71.5, 85.5), (72.5, 85.5)), ((85.5, 90.5), (86.5, 90.5)), ((62.5, 84.5), (63.5, 84.5)), ((78.5, 91.5), (79.5, 91.5)), ((94.5, 85.5), (95.5, 85.5)), ((91.5, 90.5), (92.5, 90.5)), ((61.5, 89.5), (61.5, 90.5)), ((90.5, 85.5), (91.5, 85.5)), ((57.5, 88.5), (58.5, 88.5)), ((73.5, 85.5), (74.5, 85.5)), ((94.5, 88.5), (95.5, 88.5)), ((81.5, 90.5), (81.5, 91.5)), ((73.5, 90.5), (74.5, 90.5)), ((91.5, 85.5), (92.5, 85.5)), ((58.5, 88.5), (59.5, 88.5)), ((61.5, 85.5), (62.5, 85.5)), ((84.5, 85.5), (85.5, 85.5)), ((58.5, 86.5), (59.5, 86.5)), ((83.5, 85.5), (84.5, 85.5)), ((68.5, 84.5), (69.5, 84.5)), ((82.5, 90.5), (83.5, 90.5)), ((78.5, 85.5), (79.5, 85.5)), ((95.5, 86.5), (95.5, 87.5)), ((57.5, 87.5), (58.5, 87.5)), ((94.5, 88.5), (94.5, 89.5)), ((79.5, 85.5), (80.5, 85.5)), ((70.5, 90.5), (71.5, 90.5)), ((66.5, 90.5), (67.5, 90.5)), ((92.5, 84.5), (93.5, 84.5)), ((60.5, 88.5), (60.5, 89.5)), ((89.5, 85.5), (90.5, 85.5)), ((81.5, 90.5), (82.5, 90.5)), ((77.5, 85.5), (78.5, 85.5)), ((85.5, 85.5), (86.5, 85.5)), ((93.5, 89.5), (93.5, 90.5)), ((86.5, 85.5), (87.5, 85.5)), ((64.5, 90.5), (65.5, 90.5))}"
51,HNCDL_447,20170421,0.7230320699708455,7.280109889280518,0.5509487633138128,91.40625,0.8478260869565217,0.37055837563451777,"{(79, 88), (90, 88), (72, 91), (73, 90), (87, 89), (77, 90), (91, 89), (92, 88), (74, 91), (85, 91), (75, 90), (66, 87), (79, 90), (81, 87), (90, 90), (71, 86), (87, 91), (69, 88), (83, 87), (80, 88), (85, 89), (88, 86), (81, 89), (72, 86), (71, 88), (82, 88), (86, 88), (69, 90), (83, 89), (80, 90), (88, 88), (81, 91), (71, 90), (73, 87), (82, 90), (86, 90), (77, 87), (91, 86), (67, 86), (89, 86), (83, 91), (75, 87), (66, 84), (65, 88), (79, 87), (90, 87), (76, 88), (88, 90), (73, 89), (64, 86), (77, 89), (67, 88), (69, 85), (92, 87), (78, 88), (89, 88), (75, 89), (76, 90), (79, 89), (90, 89), (68, 86), (73, 91), (84, 88), (77, 91), (78, 90), (69, 87), (80, 87), (70, 86), (89, 90), (79, 91), (68, 88), (71, 87), (82, 87), (72, 88), (86, 87), (84, 90), (87, 86), (69, 89), (80, 89), (70, 88), (74, 88), (65, 85), (88, 87), (85, 88), (68, 90), (71, 89), (82, 89), (72, 90), (86, 89), (87, 88), (67, 85), (80, 91), (70, 90), (91, 88), (74, 90), (65, 87), (90, 86), (66, 86), (76, 87), (88, 89), (85, 90), (82, 91), (86, 91), (87, 90), (67, 87), (78, 87), (89, 87), (76, 89), (75, 91), (66, 88), (68, 85), (81, 88), (84, 87), (67, 89), (69, 86), (78, 89), (70, 85), (89, 89), (83, 88), (76, 91), (68, 87), (81, 90), (72, 87), (86, 86), (84, 89), (78, 91), (70, 87), (83, 90), (74, 87), (65, 84), (85, 87), (68, 89), (72, 89), (71, 91), (73, 88), (64, 85), (67, 84), (87, 87), (84, 91), (70, 89), (77, 88), (91, 87), (74, 89), (65, 86), (75, 88), (66, 85)}","{(79, 88), (90, 88), (73, 90), (64, 87), (63, 89), (87, 89), (77, 90), (91, 89), (93, 86), (58, 86), (94, 85), (92, 88), (75, 90), (66, 87), (79, 90), (81, 87), (95, 86), (71, 86), (82, 86), (90, 90), (64, 89), (93, 88), (58, 88), (60, 85), (83, 87), (94, 87), (69, 88), (80, 88), (92, 90), (66, 89), (85, 89), (88, 86), (81, 89), (72, 86), (71, 88), (73, 85), (62, 85), (82, 88), (65, 86), (86, 88), (80, 90), (60, 87), (85, 86), (61, 86), (83, 89), (94, 89), (88, 88), (71, 90), (62, 87), (73, 87), (63, 86), (82, 90), (86, 90), (77, 87), (91, 86), (89, 86), (92, 85), (67, 86), (78, 86), (60, 89), (61, 88), (75, 87), (65, 88), (79, 87), (90, 87), (76, 88), (88, 90), (62, 89), (64, 86), (63, 88), (73, 89), (84, 86), (77, 89), (67, 88), (69, 85), (92, 87), (78, 88), (89, 88), (75, 89), (76, 90), (79, 89), (81, 86), (57, 86), (71, 85), (68, 86), (90, 89), (84, 88), (95, 88), (78, 90), (58, 87), (69, 87), (59, 86), (70, 86), (80, 87), (92, 89), (89, 90), (74, 86), (57, 88), (71, 87), (82, 87), (68, 88), (72, 88), (86, 87), (84, 90), (87, 86), (69, 89), (60, 86), (59, 88), (61, 85), (70, 88), (80, 89), (74, 88), (65, 85), (88, 87), (85, 88), (71, 89), (82, 89), (63, 85), (72, 90), (86, 89), (77, 86), (87, 88), (67, 85), (70, 90), (61, 87), (91, 88), (93, 85), (74, 90), (65, 87), (90, 86), (66, 86), (76, 87), (88, 89), (85, 90), (63, 87), (95, 85), (64, 88), (67, 87), (78, 87), (89, 87), (87, 90), (61, 89), (91, 90), (93, 87), (83, 86), (94, 86), (65, 89), (76, 89), (66, 88), (68, 85), (81, 88), (72, 85), (84, 87), (95, 87), (67, 89), (69, 86), (80, 86), (59, 85), (70, 85), (78, 89), (89, 89), (93, 89), (83, 88), (94, 88), (57, 87), (68, 87), (81, 90), (72, 87), (86, 86), (62, 86), (73, 86), (84, 89), (95, 89), (59, 87), (70, 87), (91, 85), (60, 88), (74, 87), (85, 87), (75, 86), (83, 90), (68, 89), (79, 86), (72, 89), (62, 88), (64, 85), (87, 87), (73, 88), (59, 89), (77, 88), (91, 87), (70, 89), (92, 86), (74, 89), (76, 86), (75, 88), (66, 85)}","{((88.5, 90.5), (89.5, 90.5)), ((81.5, 86.5), (82.5, 86.5)), ((70.5, 90.5), (70.5, 91.5)), ((73.5, 86.5), (74.5, 86.5)), ((65.5, 88.5), (66.5, 88.5)), ((73.5, 91.5), (74.5, 91.5)), ((66.5, 88.5), (66.5, 89.5)), ((74.5, 91.5), (75.5, 91.5)), ((69.5, 90.5), (70.5, 90.5)), ((90.5, 89.5), (90.5, 90.5)), ((89.5, 90.5), (90.5, 90.5)), ((72.5, 91.5), (73.5, 91.5)), ((66.5, 89.5), (67.5, 89.5)), ((74.5, 86.5), (75.5, 86.5)), ((63.5, 84.5), (64.5, 84.5)), ((63.5, 85.5), (63.5, 86.5)), ((69.5, 84.5), (70.5, 84.5)), ((75.5, 86.5), (76.5, 86.5)), ((92.5, 87.5), (92.5, 88.5)), ((92.5, 86.5), (92.5, 87.5)), ((64.5, 83.5), (64.5, 84.5)), ((72.5, 86.5), (73.5, 86.5)), ((65.5, 83.5), (66.5, 83.5)), ((91.5, 88.5), (91.5, 89.5)), ((79.5, 91.5), (80.5, 91.5)), ((83.5, 91.5), (84.5, 91.5)), ((64.5, 88.5), (65.5, 88.5)), ((63.5, 84.5), (63.5, 85.5)), ((77.5, 91.5), (78.5, 91.5)), ((85.5, 91.5), (86.5, 91.5)), ((64.5, 83.5), (65.5, 83.5)), ((70.5, 84.5), (70.5, 85.5)), ((91.5, 86.5), (92.5, 86.5)), ((68.5, 90.5), (69.5, 90.5)), ((66.5, 83.5), (67.5, 83.5)), ((67.5, 89.5), (67.5, 90.5)), ((64.5, 86.5), (64.5, 87.5)), ((83.5, 86.5), (84.5, 86.5)), ((87.5, 90.5), (87.5, 91.5)), ((82.5, 86.5), (83.5, 86.5)), ((91.5, 88.5), (92.5, 88.5)), ((71.5, 85.5), (72.5, 85.5)), ((78.5, 86.5), (79.5, 86.5)), ((78.5, 91.5), (79.5, 91.5)), ((67.5, 84.5), (68.5, 84.5)), ((90.5, 85.5), (91.5, 85.5)), ((79.5, 86.5), (80.5, 86.5)), ((70.5, 91.5), (71.5, 91.5)), ((84.5, 86.5), (85.5, 86.5)), ((76.5, 86.5), (77.5, 86.5)), ((87.5, 90.5), (88.5, 90.5)), ((77.5, 86.5), (78.5, 86.5)), ((63.5, 86.5), (64.5, 86.5)), ((82.5, 91.5), (83.5, 91.5)), ((72.5, 85.5), (72.5, 86.5)), ((85.5, 85.5), (85.5, 86.5)), ((84.5, 91.5), (85.5, 91.5)), ((68.5, 84.5), (69.5, 84.5)), ((64.5, 87.5), (64.5, 88.5)), ((87.5, 85.5), (88.5, 85.5)), ((75.5, 91.5), (76.5, 91.5)), ((80.5, 91.5), (81.5, 91.5)), ((71.5, 91.5), (72.5, 91.5)), ((76.5, 91.5), (77.5, 91.5)), ((67.5, 83.5), (67.5, 84.5)), ((86.5, 91.5), (87.5, 91.5)), ((88.5, 85.5), (89.5, 85.5)), ((90.5, 89.5), (91.5, 89.5)), ((67.5, 90.5), (68.5, 90.5)), ((89.5, 85.5), (90.5, 85.5)), ((85.5, 85.5), (86.5, 85.5)), ((91.5, 85.5), (91.5, 86.5)), ((86.5, 85.5), (87.5, 85.5)), ((81.5, 91.5), (82.5, 91.5)), ((80.5, 86.5), (81.5, 86.5)), ((70.5, 85.5), (71.5, 85.5))}","{((95.5, 88.5), (95.5, 89.5)), ((80.5, 85.5), (81.5, 85.5)), ((62.5, 89.5), (63.5, 89.5)), ((71.5, 90.5), (72.5, 90.5)), ((71.5, 84.5), (72.5, 84.5)), ((95.5, 87.5), (95.5, 88.5)), ((70.5, 84.5), (71.5, 84.5)), ((66.5, 84.5), (67.5, 84.5)), ((56.5, 85.5), (56.5, 86.5)), ((90.5, 84.5), (90.5, 85.5)), ((57.5, 85.5), (58.5, 85.5)), ((75.5, 85.5), (76.5, 85.5)), ((93.5, 89.5), (94.5, 89.5)), ((79.5, 90.5), (80.5, 90.5)), ((60.5, 89.5), (61.5, 89.5)), ((64.5, 84.5), (65.5, 84.5)), ((78.5, 90.5), (79.5, 90.5)), ((83.5, 90.5), (84.5, 90.5)), ((56.5, 86.5), (56.5, 87.5)), ((74.5, 90.5), (75.5, 90.5)), ((65.5, 84.5), (66.5, 84.5)), ((69.5, 89.5), (69.5, 90.5)), ((93.5, 84.5), (94.5, 84.5)), ((67.5, 89.5), (68.5, 89.5)), ((82.5, 85.5), (83.5, 85.5)), ((60.5, 84.5), (61.5, 84.5)), ((77.5, 90.5), (78.5, 90.5)), ((63.5, 89.5), (64.5, 89.5)), ((65.5, 89.5), (66.5, 89.5)), ((58.5, 84.5), (58.5, 85.5)), ((68.5, 89.5), (69.5, 89.5)), ((95.5, 84.5), (95.5, 85.5)), ((84.5, 90.5), (85.5, 90.5)), ((61.5, 89.5), (62.5, 89.5)), ((72.5, 90.5), (73.5, 90.5)), ((76.5, 85.5), (77.5, 85.5)), ((94.5, 89.5), (95.5, 89.5)), ((81.5, 85.5), (82.5, 85.5)), ((56.5, 88.5), (57.5, 88.5)), ((94.5, 84.5), (95.5, 84.5)), ((95.5, 85.5), (95.5, 86.5)), ((86.5, 90.5), (87.5, 90.5)), ((58.5, 89.5), (59.5, 89.5)), ((90.5, 90.5), (91.5, 90.5)), ((56.5, 87.5), (56.5, 88.5)), ((61.5, 84.5), (62.5, 84.5)), ((74.5, 85.5), (75.5, 85.5)), ((75.5, 90.5), (76.5, 90.5)), ((85.5, 90.5), (86.5, 90.5)), ((62.5, 84.5), (63.5, 84.5)), ((58.5, 84.5), (59.5, 84.5)), ((91.5, 90.5), (92.5, 90.5)), ((72.5, 84.5), (73.5, 84.5)), ((73.5, 85.5), (74.5, 85.5)), ((57.5, 88.5), (58.5, 88.5)), ((73.5, 90.5), (74.5, 90.5)), ((59.5, 84.5), (60.5, 84.5)), ((59.5, 89.5), (60.5, 89.5)), ((84.5, 85.5), (85.5, 85.5)), ((83.5, 85.5), (84.5, 85.5)), ((92.5, 89.5), (93.5, 89.5)), ((82.5, 90.5), (83.5, 90.5)), ((56.5, 85.5), (57.5, 85.5)), ((90.5, 84.5), (91.5, 84.5)), ((95.5, 86.5), (95.5, 87.5)), ((78.5, 85.5), (79.5, 85.5)), ((91.5, 84.5), (92.5, 84.5)), ((64.5, 89.5), (65.5, 89.5)), ((79.5, 85.5), (80.5, 85.5)), ((70.5, 90.5), (71.5, 90.5)), ((73.5, 84.5), (73.5, 85.5)), ((92.5, 84.5), (93.5, 84.5)), ((80.5, 90.5), (81.5, 90.5)), ((76.5, 90.5), (77.5, 90.5)), ((92.5, 89.5), (92.5, 90.5)), ((81.5, 90.5), (82.5, 90.5)), ((77.5, 85.5), (78.5, 85.5)), ((58.5, 88.5), (58.5, 89.5))}"
52,HNCDL_447,20170421,0.7843137254901961,4.0,0.3026484960081702,64.453125,0.7432432432432432,0.13043478260869565,"{(79, 88), (90, 88), (72, 91), (73, 90), (87, 89), (77, 90), (91, 89), (93, 86), (92, 88), (74, 91), (85, 91), (75, 90), (66, 87), (68, 84), (79, 90), (81, 87), (90, 90), (71, 86), (87, 91), (69, 88), (83, 87), (80, 88), (85, 89), (88, 86), (81, 89), (72, 86), (71, 88), (82, 88), (86, 88), (91, 84), (69, 90), (83, 89), (85, 86), (80, 90), (88, 88), (90, 85), (81, 91), (71, 90), (73, 87), (64, 84), (82, 90), (86, 90), (77, 87), (91, 86), (67, 86), (92, 85), (89, 86), (83, 91), (75, 87), (66, 84), (65, 88), (79, 87), (90, 87), (76, 88), (88, 90), (73, 89), (64, 86), (84, 86), (77, 89), (67, 88), (69, 85), (92, 87), (78, 88), (89, 88), (75, 89), (76, 90), (79, 89), (90, 89), (68, 86), (71, 85), (73, 91), (84, 88), (77, 91), (78, 90), (69, 87), (80, 87), (70, 86), (89, 90), (88, 85), (65, 83), (79, 91), (68, 88), (71, 87), (82, 87), (72, 88), (86, 87), (84, 90), (87, 86), (67, 83), (69, 89), (80, 89), (70, 88), (74, 88), (65, 85), (90, 84), (88, 87), (85, 88), (71, 89), (82, 89), (72, 90), (86, 89), (87, 88), (67, 85), (92, 84), (89, 85), (80, 91), (70, 90), (91, 88), (93, 85), (74, 90), (65, 87), (90, 86), (66, 86), (76, 87), (88, 89), (85, 90), (82, 91), (86, 91), (87, 90), (67, 87), (69, 84), (78, 87), (89, 87), (93, 87), (83, 86), (76, 89), (75, 91), (66, 88), (68, 85), (88, 91), (81, 88), (84, 87), (67, 89), (69, 86), (78, 89), (70, 85), (89, 89), (83, 88), (76, 91), (68, 87), (81, 90), (72, 87), (86, 86), (73, 86), (84, 89), (78, 91), (70, 87), (91, 85), (83, 90), (74, 87), (65, 84), (85, 87), (66, 83), (68, 89), (72, 89), (84, 91), (73, 88), (64, 85), (67, 84), (87, 87), (70, 89), (77, 88), (91, 87), (92, 86), (74, 89), (65, 86), (75, 88), (66, 85)}","{(79, 88), (90, 88), (73, 90), (87, 89), (77, 90), (91, 89), (93, 86), (92, 88), (75, 90), (68, 84), (79, 90), (81, 87), (90, 90), (71, 86), (82, 86), (93, 88), (69, 88), (83, 87), (80, 88), (85, 89), (88, 86), (81, 89), (72, 86), (71, 88), (73, 85), (82, 88), (86, 88), (91, 84), (80, 90), (83, 89), (85, 86), (75, 85), (88, 88), (90, 85), (82, 90), (73, 87), (86, 90), (77, 87), (91, 86), (78, 86), (69, 83), (92, 85), (89, 86), (75, 87), (76, 88), (79, 87), (90, 87), (88, 90), (73, 89), (84, 86), (77, 89), (78, 88), (69, 85), (92, 87), (70, 84), (89, 88), (75, 89), (76, 90), (79, 89), (81, 86), (68, 86), (71, 85), (90, 89), (84, 88), (78, 90), (69, 87), (80, 87), (70, 86), (89, 90), (74, 86), (68, 88), (71, 87), (82, 87), (72, 88), (86, 87), (84, 90), (87, 86), (80, 89), (70, 88), (74, 88), (88, 87), (90, 84), (85, 88), (71, 89), (82, 89), (86, 89), (77, 86), (87, 88), (89, 85), (91, 88), (93, 85), (74, 90), (76, 87), (90, 86), (88, 89), (85, 90), (87, 90), (78, 87), (69, 84), (89, 87), (93, 87), (83, 86), (76, 89), (68, 85), (71, 84), (81, 88), (72, 85), (84, 87), (78, 89), (69, 86), (80, 86), (70, 85), (89, 89), (91, 83), (83, 88), (74, 85), (68, 87), (81, 90), (72, 87), (86, 86), (73, 86), (84, 89), (70, 87), (91, 85), (83, 90), (74, 87), (85, 87), (75, 86), (79, 86), (72, 89), (73, 88), (87, 87), (77, 88), (91, 87), (92, 86), (74, 89), (76, 86), (75, 88)}","{((68.5, 83.5), (69.5, 83.5)), ((90.5, 83.5), (91.5, 83.5)), ((88.5, 90.5), (89.5, 90.5)), ((81.5, 86.5), (82.5, 86.5)), ((91.5, 83.5), (92.5, 83.5)), ((73.5, 86.5), (74.5, 86.5)), ((65.5, 88.5), (66.5, 88.5)), ((73.5, 91.5), (74.5, 91.5)), ((93.5, 84.5), (93.5, 85.5)), ((66.5, 88.5), (66.5, 89.5)), ((74.5, 91.5), (75.5, 91.5)), ((89.5, 83.5), (90.5, 83.5)), ((69.5, 90.5), (70.5, 90.5)), ((90.5, 89.5), (90.5, 90.5)), ((70.5, 84.5), (71.5, 84.5)), ((87.5, 84.5), (88.5, 84.5)), ((89.5, 90.5), (90.5, 90.5)), ((72.5, 91.5), (73.5, 91.5)), ((93.5, 85.5), (93.5, 86.5)), ((66.5, 89.5), (67.5, 89.5)), ((71.5, 90.5), (71.5, 91.5)), ((82.5, 85.5), (82.5, 86.5)), ((74.5, 86.5), (75.5, 86.5)), ((63.5, 85.5), (63.5, 86.5)), ((89.5, 83.5), (89.5, 84.5)), ((69.5, 84.5), (70.5, 84.5)), ((75.5, 86.5), (76.5, 86.5)), ((92.5, 87.5), (92.5, 88.5)), ((88.5, 84.5), (89.5, 84.5)), ((67.5, 89.5), (68.5, 89.5)), ((87.5, 84.5), (87.5, 85.5)), ((91.5, 88.5), (91.5, 89.5)), ((79.5, 91.5), (80.5, 91.5)), ((82.5, 85.5), (83.5, 85.5)), ((83.5, 91.5), (84.5, 91.5)), ((64.5, 88.5), (65.5, 88.5)), ((71.5, 84.5), (71.5, 85.5)), ((63.5, 84.5), (63.5, 85.5)), ((77.5, 91.5), (78.5, 91.5)), ((85.5, 91.5), (86.5, 91.5)), ((93.5, 86.5), (93.5, 87.5)), ((66.5, 82.5), (67.5, 82.5)), ((72.5, 85.5), (73.5, 85.5)), ((73.5, 85.5), (73.5, 86.5)), ((68.5, 90.5), (69.5, 90.5)), ((69.5, 83.5), (69.5, 84.5)), ((64.5, 86.5), (64.5, 87.5)), ((88.5, 90.5), (88.5, 91.5)), ((68.5, 89.5), (68.5, 90.5)), ((91.5, 88.5), (92.5, 88.5)), ((64.5, 82.5), (65.5, 82.5)), ((71.5, 85.5), (72.5, 85.5)), ((78.5, 86.5), (79.5, 86.5)), ((65.5, 82.5), (66.5, 82.5)), ((78.5, 91.5), (79.5, 91.5)), ((79.5, 86.5), (80.5, 86.5)), ((63.5, 83.5), (64.5, 83.5)), ((76.5, 86.5), (77.5, 86.5)), ((84.5, 85.5), (85.5, 85.5)), ((77.5, 86.5), (78.5, 86.5)), ((83.5, 85.5), (84.5, 85.5)), ((63.5, 86.5), (64.5, 86.5)), ((92.5, 83.5), (92.5, 84.5)), ((82.5, 91.5), (83.5, 91.5)), ((87.5, 91.5), (88.5, 91.5)), ((67.5, 82.5), (67.5, 83.5)), ((84.5, 91.5), (85.5, 91.5)), ((64.5, 87.5), (64.5, 88.5)), ((67.5, 83.5), (68.5, 83.5)), ((75.5, 91.5), (76.5, 91.5)), ((80.5, 91.5), (81.5, 91.5)), ((70.5, 90.5), (71.5, 90.5)), ((71.5, 91.5), (72.5, 91.5)), ((76.5, 91.5), (77.5, 91.5)), ((63.5, 83.5), (63.5, 84.5)), ((92.5, 84.5), (93.5, 84.5)), ((86.5, 91.5), (87.5, 91.5)), ((90.5, 89.5), (91.5, 89.5)), ((85.5, 85.5), (86.5, 85.5)), ((64.5, 82.5), (64.5, 83.5)), ((92.5, 87.5), (93.5, 87.5)), ((86.5, 85.5), (87.5, 85.5)), ((81.5, 91.5), (82.5, 91.5)), ((80.5, 86.5), (81.5, 86.5))}","{((81.5, 85.5), (82.5, 85.5)), ((88.5, 84.5), (88.5, 85.5)), ((90.5, 82.5), (90.5, 83.5)), ((86.5, 90.5), (87.5, 90.5)), ((69.5, 82.5), (69.5, 83.5)), ((73.5, 84.5), (74.5, 84.5)), ((80.5, 85.5), (81.5, 85.5)), ((67.5, 86.5), (67.5, 87.5)), ((68.5, 82.5), (69.5, 82.5)), ((71.5, 84.5), (72.5, 84.5)), ((75.5, 90.5), (76.5, 90.5)), ((70.5, 88.5), (70.5, 89.5)), ((85.5, 90.5), (86.5, 90.5)), ((91.5, 83.5), (91.5, 84.5)), ((67.5, 87.5), (67.5, 88.5)), ((72.5, 84.5), (73.5, 84.5)), ((90.5, 82.5), (91.5, 82.5)), ((75.5, 85.5), (76.5, 85.5)), ((69.5, 83.5), (70.5, 83.5)), ((73.5, 90.5), (74.5, 90.5)), ((71.5, 89.5), (72.5, 89.5)), ((79.5, 90.5), (80.5, 90.5)), ((87.5, 90.5), (88.5, 90.5)), ((70.5, 89.5), (71.5, 89.5)), ((78.5, 90.5), (79.5, 90.5)), ((83.5, 90.5), (84.5, 90.5)), ((93.5, 87.5), (93.5, 88.5)), ((74.5, 90.5), (75.5, 90.5)), ((67.5, 85.5), (67.5, 86.5)), ((67.5, 88.5), (68.5, 88.5)), ((72.5, 89.5), (72.5, 90.5)), ((82.5, 90.5), (83.5, 90.5)), ((78.5, 85.5), (79.5, 85.5)), ((70.5, 83.5), (71.5, 83.5)), ((91.5, 84.5), (92.5, 84.5)), ((87.5, 85.5), (88.5, 85.5)), ((74.5, 84.5), (75.5, 84.5)), ((67.5, 84.5), (67.5, 85.5)), ((79.5, 85.5), (80.5, 85.5)), ((67.5, 83.5), (67.5, 84.5)), ((77.5, 90.5), (78.5, 90.5)), ((75.5, 84.5), (75.5, 85.5)), ((69.5, 88.5), (70.5, 88.5)), ((80.5, 90.5), (81.5, 90.5)), ((76.5, 90.5), (77.5, 90.5)), ((81.5, 90.5), (82.5, 90.5)), ((68.5, 82.5), (68.5, 83.5)), ((77.5, 85.5), (78.5, 85.5)), ((68.5, 88.5), (69.5, 88.5)), ((84.5, 90.5), (85.5, 90.5)), ((92.5, 88.5), (93.5, 88.5)), ((91.5, 82.5), (91.5, 83.5)), ((71.5, 83.5), (71.5, 84.5)), ((72.5, 90.5), (73.5, 90.5)), ((76.5, 85.5), (77.5, 85.5))}"
53,HNCDL_447,20170421,0.6292682926829268,8.246211251235321,0.9581278372547243,118.359375,0.8416666666666667,0.43171806167400884,"{(79, 88), (90, 88), (73, 90), (87, 89), (77, 90), (91, 89), (93, 86), (92, 88), (94, 85), (85, 91), (75, 90), (66, 87), (68, 84), (79, 90), (81, 87), (90, 90), (71, 86), (82, 86), (87, 91), (69, 88), (83, 87), (80, 88), (85, 89), (88, 86), (90, 83), (81, 89), (72, 86), (71, 88), (82, 88), (86, 88), (91, 84), (92, 83), (69, 90), (83, 89), (85, 86), (80, 90), (66, 82), (88, 88), (90, 85), (71, 90), (73, 87), (64, 84), (82, 90), (86, 90), (77, 87), (91, 86), (67, 86), (69, 83), (92, 85), (89, 86), (83, 91), (75, 87), (66, 84), (76, 88), (79, 87), (90, 87), (88, 90), (73, 89), (84, 86), (77, 89), (67, 88), (69, 85), (94, 84), (70, 84), (92, 87), (78, 88), (89, 88), (75, 89), (65, 81), (76, 90), (79, 89), (90, 89), (68, 86), (71, 85), (84, 88), (86, 85), (67, 81), (78, 90), (69, 87), (80, 87), (70, 86), (89, 90), (74, 86), (88, 85), (65, 83), (68, 88), (71, 87), (82, 87), (72, 88), (86, 87), (84, 90), (87, 86), (67, 83), (89, 83), (69, 89), (80, 89), (70, 88), (93, 83), (74, 88), (65, 85), (90, 84), (88, 87), (85, 88), (71, 89), (82, 89), (72, 90), (86, 89), (87, 88), (67, 85), (92, 84), (89, 85), (70, 90), (91, 88), (93, 85), (74, 90), (65, 87), (90, 86), (66, 86), (68, 83), (76, 87), (88, 89), (85, 90), (82, 91), (86, 91), (87, 90), (67, 87), (69, 84), (78, 87), (89, 87), (93, 87), (83, 86), (94, 86), (76, 89), (66, 88), (68, 85), (81, 88), (72, 85), (84, 87), (67, 89), (69, 86), (78, 89), (70, 85), (89, 89), (91, 83), (83, 88), (65, 82), (88, 84), (66, 81), (68, 87), (81, 90), (72, 87), (86, 86), (73, 86), (64, 83), (67, 82), (87, 85), (84, 89), (70, 87), (91, 85), (83, 90), (74, 87), (65, 84), (85, 87), (66, 83), (68, 89), (72, 89), (84, 91), (73, 88), (64, 85), (67, 84), (89, 84), (87, 87), (70, 89), (77, 88), (91, 87), (93, 84), (92, 86), (94, 83), (74, 89), (65, 86), (75, 88), (66, 85), (68, 82)}","{(79, 88), (90, 88), (67, 77), (87, 89), (70, 82), (91, 80), (93, 77), (92, 79), (94, 76), (77, 90), (65, 79), (66, 78), (68, 75), (75, 90), (68, 84), (90, 81), (95, 77), (79, 90), (81, 87), (72, 84), (71, 86), (82, 86), (91, 82), (93, 79), (92, 81), (94, 78), (80, 88), (83, 87), (66, 80), (68, 77), (85, 89), (88, 86), (90, 83), (95, 79), (81, 89), (72, 86), (71, 88), (73, 85), (82, 88), (70, 77), (86, 88), (91, 84), (93, 81), (69, 81), (94, 80), (92, 83), (80, 90), (83, 89), (85, 86), (75, 85), (66, 82), (68, 79), (88, 88), (90, 85), (82, 90), (73, 87), (69, 74), (86, 90), (77, 87), (91, 86), (78, 86), (69, 83), (94, 82), (92, 85), (89, 86), (66, 75), (75, 87), (76, 88), (79, 87), (90, 87), (88, 90), (71, 83), (73, 89), (84, 86), (91, 79), (67, 79), (69, 76), (92, 78), (77, 89), (78, 88), (69, 85), (89, 88), (70, 84), (66, 77), (96, 78), (75, 89), (90, 80), (76, 90), (79, 89), (81, 86), (68, 86), (71, 85), (90, 89), (84, 88), (67, 81), (69, 78), (94, 77), (92, 80), (78, 90), (80, 87), (89, 90), (70, 86), (96, 80), (74, 86), (88, 85), (90, 82), (71, 87), (73, 84), (82, 87), (95, 81), (67, 74), (72, 88), (86, 87), (84, 90), (87, 86), (67, 83), (69, 80), (94, 79), (70, 79), (92, 82), (89, 83), (80, 89), (70, 88), (93, 83), (65, 76), (74, 88), (88, 87), (90, 84), (85, 88), (68, 81), (82, 89), (67, 76), (69, 73), (86, 89), (77, 86), (87, 88), (89, 85), (69, 82), (92, 84), (70, 81), (93, 76), (91, 88), (65, 78), (68, 74), (74, 90), (76, 87), (90, 86), (88, 89), (68, 83), (71, 82), (85, 90), (95, 76), (67, 78), (69, 75), (87, 90), (78, 87), (69, 84), (89, 87), (70, 83), (91, 81), (93, 78), (83, 86), (65, 80), (66, 79), (68, 76), (76, 89), (68, 85), (71, 84), (95, 78), (81, 88), (72, 85), (84, 87), (67, 80), (69, 77), (70, 76), (78, 89), (69, 86), (80, 86), (70, 85), (89, 89), (91, 83), (93, 80), (96, 79), (83, 88), (74, 85), (88, 84), (66, 81), (68, 78), (95, 80), (67, 73), (72, 87), (86, 86), (73, 86), (84, 89), (67, 82), (69, 79), (89, 82), (70, 78), (81, 90), (70, 87), (91, 85), (93, 82), (94, 81), (66, 74), (83, 90), (74, 87), (85, 87), (75, 86), (68, 80), (79, 86), (67, 75), (73, 88), (87, 87), (67, 84), (89, 84), (70, 80), (77, 88), (91, 87), (93, 84), (92, 86), (65, 77), (66, 76), (68, 73), (74, 89), (76, 86), (75, 88), (68, 82)}","{((88.5, 90.5), (89.5, 90.5)), ((87.5, 83.5), (87.5, 84.5)), ((65.5, 88.5), (66.5, 88.5)), ((71.5, 90.5), (72.5, 90.5)), ((68.5, 82.5), (69.5, 82.5)), ((81.5, 91.5), (82.5, 91.5)), ((66.5, 88.5), (66.5, 89.5)), ((92.5, 82.5), (93.5, 82.5)), ((71.5, 84.5), (72.5, 84.5)), ((64.5, 81.5), (64.5, 82.5)), ((67.5, 80.5), (67.5, 81.5)), ((69.5, 90.5), (70.5, 90.5)), ((90.5, 89.5), (90.5, 90.5)), ((70.5, 84.5), (71.5, 84.5)), ((90.5, 82.5), (91.5, 82.5)), ((89.5, 90.5), (90.5, 90.5)), ((91.5, 82.5), (92.5, 82.5)), ((70.5, 83.5), (70.5, 84.5)), ((66.5, 89.5), (67.5, 89.5)), ((87.5, 83.5), (88.5, 83.5)), ((79.5, 90.5), (80.5, 90.5)), ((74.5, 86.5), (75.5, 86.5)), ((85.5, 84.5), (86.5, 84.5)), ((81.5, 85.5), (81.5, 86.5)), ((93.5, 86.5), (94.5, 86.5)), ((78.5, 90.5), (79.5, 90.5)), ((64.5, 80.5), (64.5, 81.5)), ((74.5, 90.5), (75.5, 90.5)), ((75.5, 86.5), (76.5, 86.5)), ((92.5, 87.5), (92.5, 88.5)), ((66.5, 80.5), (67.5, 80.5)), ((67.5, 89.5), (68.5, 89.5)), ((94.5, 85.5), (94.5, 86.5)), ((91.5, 88.5), (91.5, 89.5)), ((82.5, 85.5), (83.5, 85.5)), ((92.5, 87.5), (93.5, 87.5)), ((77.5, 90.5), (78.5, 90.5)), ((83.5, 91.5), (84.5, 91.5)), ((93.5, 82.5), (94.5, 82.5)), ((63.5, 84.5), (63.5, 85.5)), ((64.5, 80.5), (65.5, 80.5)), ((72.5, 84.5), (72.5, 85.5)), ((85.5, 91.5), (86.5, 91.5)), ((85.5, 84.5), (85.5, 85.5)), ((65.5, 80.5), (66.5, 80.5)), ((69.5, 83.5), (70.5, 83.5)), ((72.5, 90.5), (73.5, 90.5)), ((93.5, 86.5), (93.5, 87.5)), ((94.5, 82.5), (94.5, 83.5)), ((81.5, 85.5), (82.5, 85.5)), ((72.5, 85.5), (73.5, 85.5)), ((69.5, 82.5), (69.5, 83.5)), ((68.5, 90.5), (69.5, 90.5)), ((88.5, 82.5), (89.5, 82.5)), ((64.5, 86.5), (64.5, 87.5)), ((63.5, 85.5), (64.5, 85.5)), ((87.5, 90.5), (87.5, 91.5)), ((68.5, 89.5), (68.5, 90.5)), ((91.5, 88.5), (92.5, 88.5)), ((88.5, 82.5), (88.5, 83.5)), ((75.5, 90.5), (76.5, 90.5)), ((78.5, 86.5), (79.5, 86.5)), ((63.5, 82.5), (64.5, 82.5)), ((73.5, 85.5), (74.5, 85.5)), ((79.5, 86.5), (80.5, 86.5)), ((81.5, 90.5), (81.5, 91.5)), ((73.5, 90.5), (74.5, 90.5)), ((89.5, 82.5), (90.5, 82.5)), ((94.5, 84.5), (94.5, 85.5)), ((76.5, 86.5), (77.5, 86.5)), ((87.5, 90.5), (88.5, 90.5)), ((84.5, 85.5), (85.5, 85.5)), ((77.5, 86.5), (78.5, 86.5)), ((83.5, 85.5), (84.5, 85.5)), ((67.5, 81.5), (68.5, 81.5)), ((82.5, 91.5), (83.5, 91.5)), ((84.5, 91.5), (85.5, 91.5)), ((64.5, 85.5), (64.5, 86.5)), ((65.5, 87.5), (65.5, 88.5)), ((70.5, 90.5), (71.5, 90.5)), ((74.5, 85.5), (74.5, 86.5)), ((63.5, 83.5), (63.5, 84.5)), ((86.5, 91.5), (87.5, 91.5)), ((80.5, 90.5), (81.5, 90.5)), ((76.5, 90.5), (77.5, 90.5)), ((90.5, 89.5), (91.5, 89.5)), ((86.5, 84.5), (87.5, 84.5)), ((63.5, 82.5), (63.5, 83.5)), ((64.5, 87.5), (65.5, 87.5)), ((68.5, 81.5), (68.5, 82.5)), ((94.5, 83.5), (94.5, 84.5)), ((80.5, 86.5), (81.5, 86.5))}","{((70.5, 78.5), (70.5, 79.5)), ((72.5, 88.5), (72.5, 89.5)), ((80.5, 85.5), (81.5, 85.5)), ((92.5, 84.5), (92.5, 85.5)), ((91.5, 77.5), (91.5, 78.5)), ((69.5, 72.5), (69.5, 73.5)), ((89.5, 89.5), (89.5, 90.5)), ((93.5, 83.5), (93.5, 84.5)), ((71.5, 88.5), (72.5, 88.5)), ((93.5, 82.5), (93.5, 83.5)), ((70.5, 81.5), (71.5, 81.5)), ((66.5, 84.5), (67.5, 84.5)), ((75.5, 85.5), (76.5, 85.5)), ((90.5, 78.5), (90.5, 79.5)), ((70.5, 80.5), (70.5, 81.5)), ((94.5, 75.5), (95.5, 75.5)), ((92.5, 85.5), (92.5, 86.5)), ((65.5, 80.5), (65.5, 81.5)), ((96.5, 79.5), (96.5, 80.5)), ((69.5, 73.5), (69.5, 74.5)), ((95.5, 80.5), (96.5, 80.5)), ((95.5, 76.5), (95.5, 77.5)), ((89.5, 89.5), (90.5, 89.5)), ((89.5, 80.5), (89.5, 81.5)), ((83.5, 90.5), (84.5, 90.5)), ((69.5, 86.5), (69.5, 87.5)), ((65.5, 81.5), (65.5, 82.5)), ((91.5, 86.5), (91.5, 87.5)), ((70.5, 77.5), (70.5, 78.5)), ((66.5, 72.5), (66.5, 73.5)), ((71.5, 83.5), (72.5, 83.5)), ((90.5, 88.5), (90.5, 89.5)), ((67.5, 86.5), (68.5, 86.5)), ((70.5, 75.5), (70.5, 76.5)), ((88.5, 81.5), (88.5, 82.5)), ((91.5, 77.5), (92.5, 77.5)), ((94.5, 81.5), (95.5, 81.5)), ((90.5, 78.5), (91.5, 78.5)), ((73.5, 83.5), (73.5, 84.5)), ((95.5, 77.5), (96.5, 77.5)), ((87.5, 84.5), (87.5, 85.5)), ((96.5, 78.5), (96.5, 79.5)), ((89.5, 79.5), (90.5, 79.5)), ((91.5, 87.5), (91.5, 88.5)), ((66.5, 83.5), (66.5, 84.5)), ((75.5, 84.5), (75.5, 85.5)), ((69.5, 87.5), (69.5, 88.5)), ((70.5, 76.5), (70.5, 77.5)), ((92.5, 76.5), (92.5, 77.5)), ((64.5, 75.5), (64.5, 76.5)), ((84.5, 90.5), (85.5, 90.5)), ((71.5, 81.5), (71.5, 82.5)), ((69.5, 74.5), (69.5, 75.5)), ((76.5, 85.5), (77.5, 85.5)), ((65.5, 74.5), (65.5, 75.5)), ((86.5, 90.5), (87.5, 90.5)), ((94.5, 81.5), (94.5, 82.5)), ((91.5, 86.5), (92.5, 86.5)), ((73.5, 84.5), (74.5, 84.5)), ((72.5, 89.5), (73.5, 89.5)), ((64.5, 76.5), (64.5, 77.5)), ((95.5, 80.5), (95.5, 81.5)), ((64.5, 75.5), (65.5, 75.5)), ((89.5, 79.5), (89.5, 80.5)), ((92.5, 75.5), (93.5, 75.5)), ((69.5, 75.5), (70.5, 75.5)), ((88.5, 81.5), (89.5, 81.5)), ((64.5, 78.5), (64.5, 79.5)), ((65.5, 82.5), (66.5, 82.5)), ((85.5, 90.5), (86.5, 90.5)), ((65.5, 73.5), (65.5, 74.5)), ((72.5, 83.5), (73.5, 83.5)), ((66.5, 82.5), (66.5, 83.5)), ((64.5, 79.5), (64.5, 80.5)), ((68.5, 72.5), (69.5, 72.5)), ((73.5, 89.5), (73.5, 90.5)), ((71.5, 82.5), (71.5, 83.5)), ((70.5, 88.5), (71.5, 88.5)), ((67.5, 85.5), (67.5, 86.5)), ((93.5, 75.5), (94.5, 75.5)), ((96.5, 77.5), (96.5, 78.5)), ((82.5, 90.5), (83.5, 90.5)), ((78.5, 85.5), (79.5, 85.5)), ((64.5, 77.5), (64.5, 78.5)), ((74.5, 84.5), (75.5, 84.5)), ((67.5, 84.5), (67.5, 85.5)), ((79.5, 85.5), (80.5, 85.5)), ((92.5, 75.5), (92.5, 76.5)), ((92.5, 84.5), (93.5, 84.5)), ((95.5, 75.5), (95.5, 76.5)), ((68.5, 86.5), (69.5, 86.5)), ((67.5, 72.5), (68.5, 72.5)), ((69.5, 88.5), (70.5, 88.5)), ((65.5, 73.5), (66.5, 73.5)), ((70.5, 79.5), (70.5, 80.5)), ((81.5, 90.5), (82.5, 90.5)), ((77.5, 85.5), (78.5, 85.5)), ((66.5, 72.5), (67.5, 72.5)), ((90.5, 88.5), (91.5, 88.5)), ((85.5, 85.5), (86.5, 85.5)), ((86.5, 85.5), (87.5, 85.5))}"
54,HNCDL_447,20170421,0.7525252525252526,4.242640687119285,0.40508590286217283,101.953125,0.7767857142857143,0.2696078431372549,"{(79, 88), (90, 88), (95, 84), (73, 90), (87, 89), (77, 90), (91, 89), (93, 86), (92, 88), (94, 85), (85, 91), (75, 90), (66, 87), (68, 84), (79, 90), (81, 87), (71, 86), (82, 86), (91, 82), (92, 81), (69, 88), (83, 87), (80, 88), (66, 80), (66, 89), (85, 89), (88, 86), (90, 83), (81, 89), (72, 86), (71, 88), (82, 88), (64, 82), (87, 84), (86, 88), (91, 84), (92, 83), (69, 90), (83, 89), (85, 86), (80, 90), (66, 82), (88, 88), (90, 85), (71, 90), (73, 87), (64, 84), (82, 90), (86, 90), (77, 87), (91, 86), (67, 86), (69, 83), (92, 85), (89, 86), (75, 87), (66, 84), (65, 88), (79, 87), (90, 87), (76, 88), (88, 90), (73, 89), (64, 86), (84, 86), (77, 89), (67, 88), (69, 85), (94, 84), (70, 84), (92, 87), (78, 88), (89, 88), (75, 89), (65, 81), (88, 83), (76, 90), (79, 89), (90, 89), (68, 86), (71, 85), (84, 88), (86, 85), (67, 81), (78, 90), (69, 87), (80, 87), (70, 86), (89, 90), (74, 86), (88, 85), (65, 83), (90, 82), (68, 88), (71, 87), (82, 87), (72, 88), (86, 87), (84, 90), (87, 86), (67, 83), (92, 82), (89, 83), (69, 89), (80, 89), (70, 88), (93, 83), (74, 88), (65, 85), (90, 84), (88, 87), (85, 88), (68, 90), (71, 89), (82, 89), (72, 90), (86, 89), (87, 88), (67, 85), (92, 84), (89, 85), (70, 90), (91, 88), (93, 85), (74, 90), (65, 87), (90, 86), (66, 86), (68, 83), (76, 87), (88, 89), (85, 90), (87, 90), (67, 87), (69, 84), (78, 87), (89, 87), (93, 87), (83, 86), (94, 86), (76, 89), (66, 88), (68, 85), (81, 88), (84, 87), (67, 89), (69, 86), (78, 89), (70, 85), (89, 89), (91, 83), (83, 88), (85, 85), (65, 82), (88, 84), (66, 81), (68, 87), (81, 90), (72, 87), (86, 86), (73, 86), (64, 83), (67, 82), (87, 85), (84, 89), (70, 87), (91, 85), (93, 82), (83, 90), (74, 87), (65, 84), (85, 87), (66, 83), (68, 89), (72, 89), (84, 91), (73, 88), (64, 85), (67, 84), (89, 84), (87, 87), (70, 89), (77, 88), (91, 87), (93, 84), (92, 86), (94, 83), (74, 89), (65, 86), (75, 88), (66, 85), (68, 82)}","{(79, 88), (90, 88), (67, 77), (73, 90), (87, 89), (91, 80), (93, 77), (92, 79), (77, 90), (65, 79), (66, 78), (75, 90), (68, 84), (90, 81), (79, 90), (81, 87), (71, 86), (82, 86), (91, 82), (93, 79), (92, 81), (69, 88), (83, 87), (80, 88), (66, 80), (68, 77), (85, 89), (88, 86), (90, 83), (95, 79), (81, 89), (72, 86), (71, 88), (73, 85), (87, 84), (82, 88), (86, 88), (91, 84), (93, 81), (69, 81), (94, 80), (92, 83), (80, 90), (83, 89), (85, 86), (66, 82), (68, 79), (88, 88), (90, 85), (81, 91), (82, 90), (73, 87), (86, 90), (77, 87), (91, 86), (67, 86), (69, 83), (94, 82), (78, 86), (89, 86), (75, 87), (66, 84), (76, 88), (79, 87), (90, 87), (73, 89), (84, 86), (91, 79), (67, 79), (92, 78), (77, 89), (78, 88), (69, 85), (89, 88), (70, 84), (66, 77), (75, 89), (65, 81), (90, 80), (88, 83), (76, 90), (79, 89), (81, 86), (68, 86), (71, 85), (84, 88), (86, 85), (67, 81), (69, 78), (92, 80), (78, 90), (69, 87), (80, 87), (70, 86), (74, 86), (65, 83), (90, 82), (88, 85), (79, 91), (68, 88), (71, 87), (82, 87), (72, 88), (86, 87), (84, 90), (87, 86), (67, 83), (69, 80), (94, 79), (92, 82), (89, 83), (80, 89), (70, 88), (93, 83), (74, 88), (88, 87), (90, 84), (85, 88), (68, 81), (71, 89), (82, 89), (67, 76), (72, 90), (86, 89), (77, 86), (87, 88), (67, 85), (69, 82), (92, 84), (89, 85), (80, 91), (65, 78), (74, 90), (76, 87), (90, 86), (66, 86), (68, 83), (88, 89), (85, 90), (67, 78), (78, 87), (69, 84), (89, 87), (91, 81), (93, 78), (83, 86), (65, 80), (66, 79), (76, 89), (68, 85), (71, 84), (81, 88), (72, 85), (84, 87), (67, 80), (69, 77), (78, 89), (69, 86), (80, 86), (70, 85), (89, 89), (91, 83), (93, 80), (83, 88), (85, 85), (65, 82), (88, 84), (66, 81), (68, 78), (68, 87), (95, 80), (81, 90), (72, 87), (86, 86), (73, 86), (87, 85), (67, 82), (69, 79), (89, 82), (84, 89), (70, 87), (91, 85), (93, 82), (94, 81), (83, 90), (74, 87), (65, 84), (75, 86), (66, 83), (68, 80), (85, 87), (79, 86), (72, 89), (73, 88), (87, 87), (67, 84), (89, 84), (77, 88), (91, 87), (74, 89), (76, 86), (75, 88), (66, 85), (68, 82)}","{((88.5, 90.5), (89.5, 90.5)), ((84.5, 84.5), (85.5, 84.5)), ((93.5, 81.5), (93.5, 82.5)), ((71.5, 90.5), (72.5, 90.5)), ((68.5, 82.5), (69.5, 82.5)), ((91.5, 80.5), (91.5, 81.5)), ((89.5, 89.5), (89.5, 90.5)), ((67.5, 80.5), (67.5, 81.5)), ((86.5, 83.5), (87.5, 83.5)), ((94.5, 83.5), (95.5, 83.5)), ((69.5, 90.5), (70.5, 90.5)), ((70.5, 84.5), (71.5, 84.5)), ((89.5, 81.5), (90.5, 81.5)), ((66.5, 89.5), (67.5, 89.5)), ((70.5, 83.5), (70.5, 84.5)), ((79.5, 90.5), (80.5, 90.5)), ((74.5, 86.5), (75.5, 86.5)), ((89.5, 89.5), (90.5, 89.5)), ((85.5, 84.5), (86.5, 84.5)), ((81.5, 85.5), (81.5, 86.5)), ((93.5, 86.5), (94.5, 86.5)), ((63.5, 85.5), (63.5, 86.5)), ((78.5, 90.5), (79.5, 90.5)), ((92.5, 81.5), (93.5, 81.5)), ((64.5, 80.5), (64.5, 81.5)), ((74.5, 90.5), (75.5, 90.5)), ((75.5, 86.5), (76.5, 86.5)), ((92.5, 87.5), (92.5, 88.5)), ((63.5, 81.5), (64.5, 81.5)), ((66.5, 80.5), (67.5, 80.5)), ((91.5, 80.5), (92.5, 80.5)), ((94.5, 85.5), (94.5, 86.5)), ((91.5, 88.5), (91.5, 89.5)), ((82.5, 85.5), (83.5, 85.5)), ((65.5, 79.5), (65.5, 80.5)), ((92.5, 87.5), (93.5, 87.5)), ((77.5, 90.5), (78.5, 90.5)), ((83.5, 91.5), (84.5, 91.5)), ((64.5, 88.5), (65.5, 88.5)), ((65.5, 89.5), (66.5, 89.5)), ((93.5, 82.5), (94.5, 82.5)), ((71.5, 84.5), (71.5, 85.5)), ((63.5, 84.5), (63.5, 85.5)), ((64.5, 80.5), (65.5, 80.5)), ((90.5, 81.5), (91.5, 81.5)), ((69.5, 83.5), (70.5, 83.5)), ((72.5, 90.5), (73.5, 90.5)), ((85.5, 90.5), (85.5, 91.5)), ((87.5, 82.5), (88.5, 82.5)), ((63.5, 81.5), (63.5, 82.5)), ((93.5, 86.5), (93.5, 87.5)), ((94.5, 82.5), (94.5, 83.5)), ((81.5, 85.5), (82.5, 85.5)), ((72.5, 85.5), (73.5, 85.5)), ((86.5, 90.5), (87.5, 90.5)), ((94.5, 84.5), (95.5, 84.5)), ((89.5, 81.5), (89.5, 82.5)), ((69.5, 82.5), (69.5, 83.5)), ((68.5, 90.5), (69.5, 90.5)), ((88.5, 82.5), (89.5, 82.5)), ((67.5, 89.5), (67.5, 90.5)), ((64.5, 86.5), (64.5, 87.5)), ((83.5, 90.5), (83.5, 91.5)), ((65.5, 79.5), (66.5, 79.5)), ((91.5, 88.5), (92.5, 88.5)), ((75.5, 90.5), (76.5, 90.5)), ((71.5, 85.5), (72.5, 85.5)), ((78.5, 86.5), (79.5, 86.5)), ((85.5, 90.5), (86.5, 90.5)), ((73.5, 85.5), (74.5, 85.5)), ((79.5, 86.5), (80.5, 86.5)), ((73.5, 90.5), (74.5, 90.5)), ((94.5, 84.5), (94.5, 85.5)), ((76.5, 86.5), (77.5, 86.5)), ((87.5, 90.5), (88.5, 90.5)), ((77.5, 86.5), (78.5, 86.5)), ((83.5, 85.5), (84.5, 85.5)), ((92.5, 80.5), (92.5, 81.5)), ((63.5, 86.5), (64.5, 86.5)), ((67.5, 81.5), (68.5, 81.5)), ((95.5, 83.5), (95.5, 84.5)), ((65.5, 88.5), (65.5, 89.5)), ((84.5, 91.5), (85.5, 91.5)), ((84.5, 84.5), (84.5, 85.5)), ((82.5, 90.5), (83.5, 90.5)), ((66.5, 79.5), (66.5, 80.5)), ((64.5, 87.5), (64.5, 88.5)), ((87.5, 82.5), (87.5, 83.5)), ((70.5, 90.5), (71.5, 90.5)), ((74.5, 85.5), (74.5, 86.5)), ((86.5, 83.5), (86.5, 84.5)), ((63.5, 83.5), (63.5, 84.5)), ((80.5, 90.5), (81.5, 90.5)), ((76.5, 90.5), (77.5, 90.5)), ((90.5, 89.5), (91.5, 89.5)), ((67.5, 90.5), (68.5, 90.5)), ((81.5, 90.5), (82.5, 90.5)), ((63.5, 82.5), (63.5, 83.5)), ((68.5, 81.5), (68.5, 82.5)), ((80.5, 86.5), (81.5, 86.5))}","{((87.5, 89.5), (88.5, 89.5)), ((80.5, 85.5), (81.5, 85.5)), ((67.5, 86.5), (67.5, 87.5)), ((67.5, 76.5), (68.5, 76.5)), ((91.5, 77.5), (91.5, 78.5)), ((71.5, 84.5), (72.5, 84.5)), ((93.5, 78.5), (94.5, 78.5)), ((64.5, 81.5), (64.5, 82.5)), ((78.5, 90.5), (78.5, 91.5)), ((89.5, 88.5), (89.5, 89.5)), ((93.5, 82.5), (93.5, 83.5)), ((75.5, 85.5), (76.5, 85.5)), ((90.5, 78.5), (90.5, 79.5)), ((69.5, 78.5), (69.5, 79.5)), ((90.5, 87.5), (90.5, 88.5)), ((92.5, 76.5), (93.5, 76.5)), ((89.5, 80.5), (89.5, 81.5)), ((64.5, 84.5), (65.5, 84.5)), ((83.5, 90.5), (84.5, 90.5)), ((91.5, 86.5), (91.5, 87.5)), ((67.5, 88.5), (68.5, 88.5)), ((64.5, 83.5), (64.5, 84.5)), ((93.5, 77.5), (93.5, 78.5)), ((88.5, 81.5), (88.5, 82.5)), ((71.5, 83.5), (71.5, 84.5)), ((91.5, 77.5), (92.5, 77.5)), ((90.5, 78.5), (91.5, 78.5)), ((70.5, 83.5), (71.5, 83.5)), ((89.5, 79.5), (90.5, 79.5)), ((79.5, 91.5), (80.5, 91.5)), ((68.5, 76.5), (69.5, 76.5)), ((92.5, 76.5), (92.5, 77.5)), ((89.5, 88.5), (90.5, 88.5)), ((67.5, 75.5), (67.5, 76.5)), ((92.5, 83.5), (93.5, 83.5)), ((68.5, 88.5), (69.5, 88.5)), ((84.5, 90.5), (85.5, 90.5)), ((76.5, 85.5), (77.5, 85.5)), ((94.5, 81.5), (94.5, 82.5)), ((71.5, 89.5), (71.5, 90.5)), ((65.5, 84.5), (65.5, 85.5)), ((66.5, 86.5), (67.5, 86.5)), ((89.5, 79.5), (89.5, 80.5)), ((86.5, 89.5), (86.5, 90.5)), ((88.5, 81.5), (89.5, 81.5)), ((74.5, 85.5), (75.5, 85.5)), ((93.5, 76.5), (93.5, 77.5)), ((91.5, 84.5), (91.5, 85.5)), ((64.5, 78.5), (64.5, 79.5)), ((70.5, 88.5), (70.5, 89.5)), ((64.5, 77.5), (65.5, 77.5)), ((78.5, 91.5), (79.5, 91.5)), ((69.5, 79.5), (69.5, 80.5)), ((67.5, 87.5), (67.5, 88.5)), ((72.5, 84.5), (73.5, 84.5)), ((69.5, 76.5), (69.5, 77.5)), ((81.5, 90.5), (81.5, 91.5)), ((65.5, 76.5), (65.5, 77.5)), ((95.5, 79.5), (95.5, 80.5)), ((88.5, 89.5), (89.5, 89.5)), ((64.5, 79.5), (64.5, 80.5)), ((70.5, 89.5), (71.5, 89.5)), ((95.5, 78.5), (95.5, 79.5)), ((65.5, 86.5), (66.5, 86.5)), ((92.5, 83.5), (92.5, 84.5)), ((66.5, 75.5), (66.5, 76.5)), ((94.5, 80.5), (95.5, 80.5)), ((86.5, 89.5), (87.5, 89.5)), ((78.5, 85.5), (79.5, 85.5)), ((69.5, 81.5), (69.5, 82.5)), ((64.5, 77.5), (64.5, 78.5)), ((91.5, 84.5), (92.5, 84.5)), ((90.5, 87.5), (91.5, 87.5)), ((80.5, 91.5), (81.5, 91.5)), ((79.5, 85.5), (80.5, 85.5)), ((73.5, 84.5), (73.5, 85.5)), ((65.5, 85.5), (65.5, 86.5)), ((94.5, 78.5), (95.5, 78.5)), ((66.5, 75.5), (67.5, 75.5)), ((69.5, 88.5), (70.5, 88.5)), ((77.5, 85.5), (78.5, 85.5)), ((65.5, 76.5), (66.5, 76.5)), ((64.5, 82.5), (64.5, 83.5)), ((91.5, 85.5), (91.5, 86.5)), ((94.5, 80.5), (94.5, 81.5)), ((69.5, 77.5), (69.5, 78.5)), ((69.5, 80.5), (69.5, 81.5))}"
55,HNCDL_447,20170421,0.7727272727272727,4.0,0.3657905768787709,96.09375,0.7454545454545455,0.25,"{(79, 88), (90, 88), (73, 90), (64, 87), (87, 89), (77, 90), (91, 89), (93, 86), (92, 88), (94, 85), (85, 91), (75, 90), (66, 87), (68, 84), (79, 90), (81, 87), (71, 86), (82, 86), (91, 82), (69, 88), (83, 87), (80, 88), (66, 89), (85, 89), (88, 86), (90, 83), (81, 89), (72, 86), (71, 88), (82, 88), (64, 82), (87, 84), (86, 88), (91, 84), (92, 83), (69, 90), (83, 89), (85, 86), (80, 90), (66, 82), (88, 88), (90, 85), (71, 90), (73, 87), (64, 84), (82, 90), (86, 90), (77, 87), (91, 86), (67, 86), (69, 83), (92, 85), (89, 86), (83, 91), (75, 87), (66, 84), (65, 88), (79, 87), (90, 87), (76, 88), (88, 90), (73, 89), (64, 86), (84, 86), (77, 89), (67, 88), (69, 85), (94, 84), (70, 84), (92, 87), (78, 88), (89, 88), (75, 89), (65, 81), (88, 83), (76, 90), (79, 89), (90, 89), (68, 86), (71, 85), (84, 88), (86, 85), (67, 81), (78, 90), (69, 87), (80, 87), (70, 86), (89, 90), (88, 85), (65, 83), (90, 82), (68, 88), (71, 87), (82, 87), (72, 88), (86, 87), (84, 90), (87, 86), (67, 83), (92, 82), (89, 83), (69, 89), (80, 89), (70, 88), (93, 83), (74, 88), (65, 85), (90, 84), (88, 87), (85, 88), (68, 90), (71, 89), (82, 89), (72, 90), (86, 89), (87, 88), (67, 85), (92, 84), (89, 85), (70, 90), (91, 88), (93, 85), (74, 90), (65, 87), (90, 86), (66, 86), (68, 83), (76, 87), (88, 89), (85, 90), (82, 91), (86, 91), (87, 90), (67, 87), (69, 84), (78, 87), (89, 87), (93, 87), (83, 86), (94, 86), (76, 89), (66, 88), (68, 85), (81, 88), (84, 87), (67, 89), (69, 86), (78, 89), (70, 85), (89, 89), (91, 83), (83, 88), (85, 85), (65, 82), (88, 84), (66, 81), (68, 87), (81, 90), (72, 87), (86, 86), (73, 86), (64, 83), (67, 82), (87, 85), (84, 89), (70, 87), (91, 85), (93, 82), (83, 90), (74, 87), (65, 84), (85, 87), (66, 83), (68, 89), (72, 89), (84, 91), (73, 88), (64, 85), (67, 84), (89, 84), (87, 87), (70, 89), (77, 88), (91, 87), (93, 84), (92, 86), (94, 83), (74, 89), (65, 86), (75, 88), (66, 85), (68, 82)}","{(79, 88), (67, 77), (73, 90), (87, 89), (91, 80), (92, 79), (77, 90), (65, 79), (66, 78), (75, 90), (66, 87), (68, 84), (90, 81), (79, 90), (81, 87), (71, 86), (82, 86), (64, 80), (91, 82), (93, 79), (92, 81), (69, 88), (83, 87), (80, 88), (66, 80), (85, 89), (88, 86), (90, 83), (81, 89), (72, 86), (71, 88), (82, 88), (64, 82), (87, 84), (86, 88), (91, 84), (93, 81), (92, 83), (94, 80), (69, 90), (83, 89), (85, 86), (80, 90), (66, 82), (68, 79), (88, 88), (90, 85), (81, 91), (71, 90), (73, 87), (64, 84), (82, 90), (77, 87), (67, 86), (69, 83), (78, 86), (89, 86), (83, 91), (75, 87), (66, 84), (76, 86), (76, 88), (79, 87), (73, 89), (84, 86), (91, 79), (67, 79), (92, 78), (77, 89), (67, 88), (69, 85), (78, 88), (89, 88), (75, 89), (65, 81), (90, 80), (88, 83), (76, 90), (79, 89), (81, 86), (68, 86), (84, 88), (86, 85), (67, 81), (92, 80), (89, 81), (77, 91), (78, 90), (69, 87), (80, 87), (70, 86), (74, 86), (65, 83), (90, 82), (88, 85), (79, 91), (68, 88), (71, 87), (82, 87), (72, 88), (86, 87), (84, 90), (87, 86), (67, 83), (69, 80), (92, 82), (89, 83), (69, 89), (80, 89), (70, 88), (74, 88), (65, 85), (90, 84), (88, 87), (68, 81), (85, 88), (68, 90), (71, 89), (82, 89), (72, 90), (86, 89), (77, 86), (87, 88), (67, 85), (92, 84), (89, 85), (80, 91), (70, 90), (74, 90), (76, 87), (90, 86), (66, 86), (68, 83), (85, 90), (82, 91), (67, 78), (67, 87), (69, 84), (78, 87), (89, 87), (91, 81), (93, 78), (83, 86), (88, 82), (90, 79), (66, 79), (65, 80), (76, 89), (75, 91), (66, 88), (68, 85), (81, 88), (84, 87), (64, 81), (67, 80), (89, 80), (78, 89), (69, 86), (80, 86), (91, 83), (93, 80), (83, 88), (85, 85), (65, 82), (88, 84), (66, 81), (76, 91), (68, 87), (81, 90), (72, 87), (86, 86), (73, 86), (64, 83), (67, 82), (69, 79), (89, 82), (87, 85), (84, 89), (78, 91), (70, 87), (91, 85), (93, 82), (83, 90), (74, 87), (65, 84), (75, 86), (66, 83), (68, 80), (85, 87), (68, 89), (79, 86), (72, 89), (73, 88), (87, 87), (67, 84), (89, 84), (91, 78), (70, 89), (77, 88), (74, 89), (65, 86), (75, 88), (66, 85), (68, 82)}","{((88.5, 90.5), (89.5, 90.5)), ((84.5, 84.5), (85.5, 84.5)), ((93.5, 81.5), (93.5, 82.5)), ((73.5, 86.5), (74.5, 86.5)), ((71.5, 90.5), (72.5, 90.5)), ((68.5, 82.5), (69.5, 82.5)), ((81.5, 91.5), (82.5, 91.5)), ((63.5, 86.5), (63.5, 87.5)), ((89.5, 89.5), (89.5, 90.5)), ((67.5, 80.5), (67.5, 81.5)), ((86.5, 83.5), (87.5, 83.5)), ((69.5, 90.5), (70.5, 90.5)), ((70.5, 84.5), (71.5, 84.5)), ((89.5, 81.5), (90.5, 81.5)), ((66.5, 89.5), (67.5, 89.5)), ((70.5, 83.5), (70.5, 84.5)), ((79.5, 90.5), (80.5, 90.5)), ((74.5, 86.5), (75.5, 86.5)), ((89.5, 89.5), (90.5, 89.5)), ((85.5, 84.5), (86.5, 84.5)), ((81.5, 85.5), (81.5, 86.5)), ((93.5, 86.5), (94.5, 86.5)), ((63.5, 85.5), (63.5, 86.5)), ((86.5, 90.5), (86.5, 91.5)), ((78.5, 90.5), (79.5, 90.5)), ((92.5, 81.5), (93.5, 81.5)), ((64.5, 80.5), (64.5, 81.5)), ((74.5, 90.5), (75.5, 90.5)), ((75.5, 86.5), (76.5, 86.5)), ((92.5, 87.5), (92.5, 88.5)), ((63.5, 81.5), (64.5, 81.5)), ((66.5, 80.5), (67.5, 80.5)), ((94.5, 85.5), (94.5, 86.5)), ((91.5, 88.5), (91.5, 89.5)), ((82.5, 85.5), (83.5, 85.5)), ((92.5, 87.5), (93.5, 87.5)), ((77.5, 90.5), (78.5, 90.5)), ((83.5, 91.5), (84.5, 91.5)), ((64.5, 88.5), (65.5, 88.5)), ((65.5, 89.5), (66.5, 89.5)), ((93.5, 82.5), (94.5, 82.5)), ((71.5, 84.5), (71.5, 85.5)), ((63.5, 84.5), (63.5, 85.5)), ((64.5, 80.5), (65.5, 80.5)), ((85.5, 91.5), (86.5, 91.5)), ((65.5, 80.5), (66.5, 80.5)), ((90.5, 81.5), (91.5, 81.5)), ((69.5, 83.5), (70.5, 83.5)), ((72.5, 90.5), (73.5, 90.5)), ((87.5, 82.5), (88.5, 82.5)), ((63.5, 81.5), (63.5, 82.5)), ((93.5, 86.5), (93.5, 87.5)), ((94.5, 82.5), (94.5, 83.5)), ((81.5, 85.5), (82.5, 85.5)), ((72.5, 85.5), (73.5, 85.5)), ((86.5, 90.5), (87.5, 90.5)), ((89.5, 81.5), (89.5, 82.5)), ((73.5, 85.5), (73.5, 86.5)), ((69.5, 82.5), (69.5, 83.5)), ((68.5, 90.5), (69.5, 90.5)), ((88.5, 82.5), (89.5, 82.5)), ((67.5, 89.5), (67.5, 90.5)), ((91.5, 88.5), (92.5, 88.5)), ((75.5, 90.5), (76.5, 90.5)), ((71.5, 85.5), (72.5, 85.5)), ((78.5, 86.5), (79.5, 86.5)), ((91.5, 81.5), (92.5, 81.5)), ((79.5, 86.5), (80.5, 86.5)), ((81.5, 90.5), (81.5, 91.5)), ((73.5, 90.5), (74.5, 90.5)), ((94.5, 84.5), (94.5, 85.5)), ((76.5, 86.5), (77.5, 86.5)), ((87.5, 90.5), (88.5, 90.5)), ((63.5, 87.5), (64.5, 87.5)), ((77.5, 86.5), (78.5, 86.5)), ((83.5, 85.5), (84.5, 85.5)), ((67.5, 81.5), (68.5, 81.5)), ((82.5, 91.5), (83.5, 91.5)), ((65.5, 88.5), (65.5, 89.5)), ((84.5, 91.5), (85.5, 91.5)), ((84.5, 84.5), (84.5, 85.5)), ((64.5, 87.5), (64.5, 88.5)), ((87.5, 82.5), (87.5, 83.5)), ((70.5, 90.5), (71.5, 90.5)), ((86.5, 83.5), (86.5, 84.5)), ((63.5, 83.5), (63.5, 84.5)), ((80.5, 90.5), (81.5, 90.5)), ((76.5, 90.5), (77.5, 90.5)), ((90.5, 89.5), (91.5, 89.5)), ((67.5, 90.5), (68.5, 90.5)), ((63.5, 82.5), (63.5, 83.5)), ((68.5, 81.5), (68.5, 82.5)), ((94.5, 83.5), (94.5, 84.5)), ((80.5, 86.5), (81.5, 86.5))}","{((65.5, 77.5), (65.5, 78.5)), ((67.5, 88.5), (67.5, 89.5)), ((66.5, 76.5), (67.5, 76.5)), ((89.5, 87.5), (89.5, 88.5)), ((80.5, 85.5), (81.5, 85.5)), ((93.5, 79.5), (94.5, 79.5)), ((65.5, 88.5), (66.5, 88.5)), ((74.5, 91.5), (75.5, 91.5)), ((92.5, 82.5), (93.5, 82.5)), ((85.5, 89.5), (85.5, 90.5)), ((75.5, 85.5), (76.5, 85.5)), ((69.5, 78.5), (69.5, 79.5)), ((87.5, 88.5), (88.5, 88.5)), ((68.5, 80.5), (69.5, 80.5)), ((66.5, 88.5), (67.5, 88.5)), ((63.5, 84.5), (64.5, 84.5)), ((88.5, 79.5), (88.5, 80.5)), ((83.5, 90.5), (84.5, 90.5)), ((94.5, 79.5), (94.5, 80.5)), ((90.5, 77.5), (91.5, 77.5)), ((93.5, 77.5), (93.5, 78.5)), ((91.5, 77.5), (92.5, 77.5)), ((68.5, 78.5), (69.5, 78.5)), ((67.5, 77.5), (67.5, 78.5)), ((64.5, 86.5), (65.5, 86.5)), ((79.5, 91.5), (80.5, 91.5)), ((90.5, 85.5), (90.5, 86.5)), ((63.5, 79.5), (64.5, 79.5)), ((63.5, 80.5), (63.5, 81.5)), ((92.5, 82.5), (92.5, 83.5)), ((68.5, 80.5), (68.5, 81.5)), ((77.5, 91.5), (78.5, 91.5)), ((84.5, 90.5), (85.5, 90.5)), ((76.5, 85.5), (77.5, 85.5)), ((90.5, 77.5), (90.5, 78.5)), ((88.5, 79.5), (89.5, 79.5)), ((69.5, 84.5), (69.5, 85.5)), ((87.5, 81.5), (88.5, 81.5)), ((69.5, 83.5), (69.5, 84.5)), ((89.5, 86.5), (90.5, 86.5)), ((63.5, 79.5), (63.5, 80.5)), ((92.5, 77.5), (93.5, 77.5)), ((74.5, 90.5), (74.5, 91.5)), ((83.5, 90.5), (83.5, 91.5)), ((74.5, 85.5), (75.5, 85.5)), ((64.5, 84.5), (64.5, 85.5)), ((91.5, 84.5), (91.5, 85.5)), ((64.5, 78.5), (64.5, 79.5)), ((78.5, 91.5), (79.5, 91.5)), ((69.5, 79.5), (69.5, 80.5)), ((90.5, 85.5), (91.5, 85.5)), ((73.5, 85.5), (74.5, 85.5)), ((69.5, 85.5), (70.5, 85.5)), ((65.5, 86.5), (65.5, 87.5)), ((67.5, 78.5), (68.5, 78.5)), ((93.5, 80.5), (93.5, 81.5)), ((65.5, 77.5), (66.5, 77.5)), ((92.5, 83.5), (92.5, 84.5)), ((88.5, 80.5), (88.5, 81.5)), ((64.5, 78.5), (65.5, 78.5)), ((85.5, 89.5), (86.5, 89.5)), ((67.5, 76.5), (67.5, 77.5)), ((86.5, 89.5), (87.5, 89.5)), ((64.5, 85.5), (64.5, 86.5)), ((78.5, 85.5), (79.5, 85.5)), ((89.5, 78.5), (89.5, 79.5)), ((65.5, 87.5), (65.5, 88.5)), ((91.5, 84.5), (92.5, 84.5)), ((93.5, 78.5), (93.5, 79.5)), ((75.5, 91.5), (76.5, 91.5)), ((87.5, 81.5), (87.5, 82.5)), ((66.5, 76.5), (66.5, 77.5)), ((80.5, 91.5), (81.5, 91.5)), ((79.5, 85.5), (80.5, 85.5)), ((76.5, 91.5), (77.5, 91.5)), ((93.5, 80.5), (94.5, 80.5)), ((89.5, 86.5), (89.5, 87.5)), ((87.5, 88.5), (87.5, 89.5)), ((88.5, 88.5), (89.5, 88.5)), ((77.5, 85.5), (78.5, 85.5)), ((89.5, 78.5), (90.5, 78.5)), ((70.5, 85.5), (71.5, 85.5))}"
56,HNCDL_447,20170421,0.7613941018766757,6.0,0.4437775392123781,98.4375,0.7636363636363637,0.32057416267942584,"{(79, 88), (90, 88), (73, 90), (64, 87), (87, 89), (77, 90), (85, 91), (75, 90), (66, 87), (68, 84), (79, 90), (81, 87), (71, 86), (82, 86), (69, 88), (83, 87), (80, 88), (66, 89), (85, 89), (88, 86), (90, 83), (81, 89), (72, 86), (71, 88), (82, 88), (87, 84), (86, 88), (91, 84), (92, 83), (69, 90), (83, 89), (85, 86), (80, 90), (88, 88), (90, 85), (81, 91), (71, 90), (73, 87), (64, 84), (82, 90), (86, 90), (77, 87), (91, 86), (67, 86), (92, 85), (89, 86), (83, 91), (75, 87), (66, 84), (65, 88), (79, 87), (90, 87), (76, 88), (73, 89), (64, 86), (84, 86), (77, 89), (67, 88), (69, 85), (92, 87), (78, 88), (89, 88), (75, 89), (76, 90), (79, 89), (81, 86), (68, 86), (71, 85), (84, 88), (86, 85), (78, 90), (69, 87), (80, 87), (70, 86), (88, 85), (65, 83), (68, 88), (71, 87), (82, 87), (72, 88), (86, 87), (84, 90), (87, 86), (67, 83), (89, 83), (69, 89), (80, 89), (70, 88), (74, 88), (65, 85), (90, 84), (88, 87), (85, 88), (68, 90), (71, 89), (82, 89), (72, 90), (86, 89), (87, 88), (67, 85), (92, 84), (89, 85), (70, 90), (93, 85), (74, 90), (65, 87), (90, 86), (66, 86), (76, 87), (88, 89), (85, 90), (82, 91), (87, 90), (67, 87), (69, 84), (78, 87), (89, 87), (83, 86), (76, 89), (66, 88), (68, 85), (81, 88), (84, 87), (67, 89), (69, 86), (78, 89), (70, 85), (89, 89), (91, 83), (83, 88), (85, 85), (88, 84), (68, 87), (81, 90), (72, 87), (86, 86), (73, 86), (64, 83), (87, 85), (84, 89), (70, 87), (91, 85), (83, 90), (74, 87), (65, 84), (85, 87), (66, 83), (68, 89), (72, 89), (84, 91), (73, 88), (64, 85), (67, 84), (89, 84), (87, 87), (70, 89), (77, 88), (91, 87), (93, 84), (92, 86), (74, 89), (65, 86), (75, 88), (66, 85)}","{(79, 88), (90, 88), (67, 77), (73, 90), (87, 89), (91, 80), (92, 79), (77, 90), (65, 79), (66, 78), (75, 90), (68, 84), (90, 81), (79, 90), (81, 87), (71, 86), (82, 86), (64, 80), (91, 82), (93, 79), (92, 81), (69, 88), (83, 87), (80, 88), (66, 80), (85, 89), (88, 86), (90, 83), (81, 89), (72, 86), (71, 88), (82, 88), (64, 82), (87, 84), (86, 88), (91, 84), (93, 81), (92, 83), (94, 80), (69, 90), (83, 89), (85, 86), (80, 90), (66, 82), (68, 79), (88, 88), (90, 85), (81, 91), (71, 90), (73, 87), (64, 84), (82, 90), (77, 87), (91, 86), (67, 86), (69, 83), (94, 82), (92, 85), (78, 86), (89, 86), (75, 87), (66, 84), (76, 86), (76, 88), (79, 87), (90, 87), (73, 89), (84, 86), (91, 79), (67, 79), (92, 78), (77, 89), (67, 88), (69, 85), (78, 88), (89, 88), (75, 89), (65, 81), (90, 80), (88, 83), (76, 90), (79, 89), (81, 86), (68, 86), (71, 85), (84, 88), (86, 85), (67, 81), (92, 80), (89, 81), (77, 91), (78, 90), (69, 87), (80, 87), (70, 86), (74, 86), (65, 83), (90, 82), (88, 85), (79, 91), (68, 88), (71, 87), (82, 87), (72, 88), (86, 87), (84, 90), (87, 86), (67, 83), (69, 80), (92, 82), (89, 83), (69, 89), (80, 89), (70, 88), (93, 83), (74, 88), (65, 85), (90, 84), (88, 87), (68, 81), (85, 88), (71, 89), (82, 89), (72, 90), (86, 89), (77, 86), (87, 88), (67, 85), (92, 84), (89, 85), (80, 91), (70, 90), (74, 90), (76, 87), (90, 86), (66, 86), (68, 83), (85, 90), (67, 78), (67, 87), (69, 84), (78, 87), (89, 87), (91, 81), (93, 78), (83, 86), (88, 82), (65, 80), (66, 79), (76, 89), (75, 91), (68, 85), (81, 88), (84, 87), (86, 84), (64, 81), (67, 80), (87, 83), (78, 89), (69, 86), (80, 86), (70, 85), (91, 83), (93, 80), (83, 88), (85, 85), (65, 82), (88, 84), (66, 81), (76, 91), (68, 87), (81, 90), (72, 87), (86, 86), (73, 86), (64, 83), (67, 82), (69, 79), (89, 82), (87, 85), (84, 89), (78, 91), (70, 87), (91, 85), (93, 82), (94, 81), (83, 90), (74, 87), (65, 84), (75, 86), (66, 83), (68, 80), (85, 87), (79, 86), (72, 89), (73, 88), (87, 87), (67, 84), (89, 84), (91, 78), (70, 89), (77, 88), (91, 87), (92, 86), (74, 89), (65, 86), (75, 88), (66, 85), (68, 82)}","{((68.5, 83.5), (69.5, 83.5)), ((87.5, 89.5), (88.5, 89.5)), ((92.5, 85.5), (93.5, 85.5)), ((84.5, 84.5), (85.5, 84.5)), ((80.5, 85.5), (81.5, 85.5)), ((73.5, 86.5), (74.5, 86.5)), ((71.5, 90.5), (72.5, 90.5)), ((63.5, 86.5), (63.5, 87.5)), ((93.5, 84.5), (93.5, 85.5)), ((86.5, 83.5), (87.5, 83.5)), ((69.5, 90.5), (70.5, 90.5)), ((89.5, 88.5), (89.5, 89.5)), ((93.5, 83.5), (93.5, 84.5)), ((70.5, 84.5), (71.5, 84.5)), ((90.5, 82.5), (91.5, 82.5)), ((66.5, 89.5), (67.5, 89.5)), ((91.5, 82.5), (92.5, 82.5)), ((87.5, 83.5), (88.5, 83.5)), ((90.5, 87.5), (90.5, 88.5)), ((92.5, 85.5), (92.5, 86.5)), ((79.5, 90.5), (80.5, 90.5)), ((87.5, 89.5), (87.5, 90.5)), ((74.5, 86.5), (75.5, 86.5)), ((85.5, 84.5), (86.5, 84.5)), ((63.5, 85.5), (63.5, 86.5)), ((78.5, 90.5), (79.5, 90.5)), ((69.5, 84.5), (70.5, 84.5)), ((74.5, 90.5), (75.5, 90.5)), ((75.5, 86.5), (76.5, 86.5)), ((92.5, 86.5), (92.5, 87.5)), ((82.5, 85.5), (83.5, 85.5)), ((77.5, 90.5), (78.5, 90.5)), ((83.5, 91.5), (84.5, 91.5)), ((64.5, 88.5), (65.5, 88.5)), ((65.5, 89.5), (66.5, 89.5)), ((92.5, 82.5), (92.5, 83.5)), ((71.5, 84.5), (71.5, 85.5)), ((63.5, 84.5), (63.5, 85.5)), ((89.5, 88.5), (90.5, 88.5)), ((92.5, 83.5), (93.5, 83.5)), ((72.5, 90.5), (73.5, 90.5)), ((85.5, 90.5), (85.5, 91.5)), ((81.5, 85.5), (82.5, 85.5)), ((66.5, 82.5), (67.5, 82.5)), ((86.5, 90.5), (87.5, 90.5)), ((72.5, 85.5), (73.5, 85.5)), ((73.5, 85.5), (73.5, 86.5)), ((68.5, 90.5), (69.5, 90.5)), ((69.5, 83.5), (69.5, 84.5)), ((88.5, 82.5), (89.5, 82.5)), ((67.5, 89.5), (67.5, 90.5)), ((64.5, 82.5), (65.5, 82.5)), ((88.5, 82.5), (88.5, 83.5)), ((75.5, 90.5), (76.5, 90.5)), ((71.5, 85.5), (72.5, 85.5)), ((78.5, 86.5), (79.5, 86.5)), ((85.5, 90.5), (86.5, 90.5)), ((91.5, 87.5), (92.5, 87.5)), ((63.5, 82.5), (64.5, 82.5)), ((65.5, 82.5), (66.5, 82.5)), ((79.5, 86.5), (80.5, 86.5)), ((73.5, 90.5), (74.5, 90.5)), ((89.5, 82.5), (90.5, 82.5)), ((76.5, 86.5), (77.5, 86.5)), ((63.5, 87.5), (64.5, 87.5)), ((88.5, 89.5), (89.5, 89.5)), ((77.5, 86.5), (78.5, 86.5)), ((83.5, 85.5), (84.5, 85.5)), ((80.5, 90.5), (80.5, 91.5)), ((82.5, 91.5), (83.5, 91.5)), ((67.5, 82.5), (67.5, 83.5)), ((65.5, 88.5), (65.5, 89.5)), ((84.5, 91.5), (85.5, 91.5)), ((84.5, 84.5), (84.5, 85.5)), ((64.5, 87.5), (64.5, 88.5)), ((67.5, 83.5), (68.5, 83.5)), ((90.5, 87.5), (91.5, 87.5)), ((80.5, 91.5), (81.5, 91.5)), ((70.5, 90.5), (71.5, 90.5)), ((86.5, 83.5), (86.5, 84.5)), ((63.5, 83.5), (63.5, 84.5)), ((80.5, 85.5), (80.5, 86.5)), ((76.5, 90.5), (77.5, 90.5)), ((67.5, 90.5), (68.5, 90.5)), ((63.5, 82.5), (63.5, 83.5)), ((81.5, 91.5), (82.5, 91.5))}","{((65.5, 77.5), (65.5, 78.5)), ((85.5, 83.5), (86.5, 83.5)), ((66.5, 76.5), (67.5, 76.5)), ((88.5, 80.5), (89.5, 80.5)), ((93.5, 79.5), (94.5, 79.5)), ((92.5, 84.5), (92.5, 85.5)), ((68.5, 82.5), (69.5, 82.5)), ((74.5, 91.5), (75.5, 91.5)), ((85.5, 89.5), (85.5, 90.5)), ((93.5, 82.5), (93.5, 83.5)), ((75.5, 85.5), (76.5, 85.5)), ((90.5, 78.5), (90.5, 79.5)), ((69.5, 78.5), (69.5, 79.5)), ((87.5, 88.5), (88.5, 88.5)), ((68.5, 80.5), (69.5, 80.5)), ((66.5, 88.5), (67.5, 88.5)), ((63.5, 84.5), (64.5, 84.5)), ((83.5, 90.5), (84.5, 90.5)), ((91.5, 86.5), (91.5, 87.5)), ((94.5, 79.5), (94.5, 80.5)), ((67.5, 88.5), (68.5, 88.5)), ((90.5, 77.5), (91.5, 77.5)), ((68.5, 88.5), (68.5, 89.5)), ((93.5, 77.5), (93.5, 78.5)), ((91.5, 77.5), (92.5, 77.5)), ((68.5, 78.5), (69.5, 78.5)), ((67.5, 77.5), (67.5, 78.5)), ((64.5, 86.5), (65.5, 86.5)), ((89.5, 79.5), (90.5, 79.5)), ((79.5, 91.5), (80.5, 91.5)), ((63.5, 79.5), (64.5, 79.5)), ((63.5, 80.5), (63.5, 81.5)), ((93.5, 82.5), (94.5, 82.5)), ((68.5, 80.5), (68.5, 81.5)), ((77.5, 91.5), (78.5, 91.5)), ((84.5, 90.5), (85.5, 90.5)), ((76.5, 85.5), (77.5, 85.5)), ((90.5, 77.5), (90.5, 78.5)), ((63.5, 81.5), (63.5, 82.5)), ((94.5, 81.5), (94.5, 82.5)), ((91.5, 86.5), (92.5, 86.5)), ((69.5, 82.5), (69.5, 83.5)), ((86.5, 82.5), (86.5, 83.5)), ((87.5, 81.5), (88.5, 81.5)), ((63.5, 79.5), (63.5, 80.5)), ((92.5, 77.5), (93.5, 77.5)), ((74.5, 90.5), (74.5, 91.5)), ((89.5, 79.5), (89.5, 80.5)), ((74.5, 85.5), (75.5, 85.5)), ((68.5, 89.5), (68.5, 90.5)), ((64.5, 84.5), (64.5, 85.5)), ((64.5, 78.5), (64.5, 79.5)), ((78.5, 91.5), (79.5, 91.5)), ((69.5, 79.5), (69.5, 80.5)), ((73.5, 85.5), (74.5, 85.5)), ((81.5, 90.5), (81.5, 91.5)), ((85.5, 83.5), (85.5, 84.5)), ((67.5, 78.5), (68.5, 78.5)), ((66.5, 87.5), (66.5, 88.5)), ((66.5, 86.5), (66.5, 87.5)), ((86.5, 82.5), (87.5, 82.5)), ((92.5, 83.5), (92.5, 84.5)), ((65.5, 77.5), (66.5, 77.5)), ((88.5, 80.5), (88.5, 81.5)), ((64.5, 78.5), (65.5, 78.5)), ((85.5, 89.5), (86.5, 89.5)), ((67.5, 76.5), (67.5, 77.5)), ((86.5, 89.5), (87.5, 89.5)), ((82.5, 90.5), (83.5, 90.5)), ((64.5, 85.5), (64.5, 86.5)), ((78.5, 85.5), (79.5, 85.5)), ((93.5, 78.5), (93.5, 79.5)), ((75.5, 91.5), (76.5, 91.5)), ((87.5, 81.5), (87.5, 82.5)), ((66.5, 76.5), (66.5, 77.5)), ((79.5, 85.5), (80.5, 85.5)), ((76.5, 91.5), (77.5, 91.5)), ((87.5, 88.5), (87.5, 89.5)), ((88.5, 88.5), (89.5, 88.5)), ((81.5, 90.5), (82.5, 90.5)), ((77.5, 85.5), (78.5, 85.5)), ((68.5, 81.5), (68.5, 82.5)), ((65.5, 86.5), (66.5, 86.5)), ((94.5, 80.5), (94.5, 81.5))}"
57,HNCDL_447,20170421,0.535593220338983,10.63014581273465,1.2917787717346534,101.953125,0.8365384615384616,0.6146341463414634,"{(79, 88), (72, 91), (73, 90), (74, 89), (77, 90), (75, 90), (66, 87), (79, 90), (81, 87), (71, 86), (69, 88), (83, 87), (80, 88), (81, 89), (72, 86), (71, 88), (82, 88), (86, 88), (69, 90), (83, 89), (85, 86), (80, 90), (71, 90), (73, 87), (82, 90), (65, 88), (79, 87), (76, 88), (73, 89), (64, 86), (84, 86), (77, 89), (67, 88), (78, 88), (75, 89), (76, 90), (79, 89), (84, 88), (78, 90), (69, 87), (80, 87), (70, 86), (68, 88), (71, 87), (82, 87), (72, 88), (86, 87), (84, 90), (69, 89), (80, 89), (70, 88), (74, 88), (65, 85), (85, 88), (68, 90), (71, 89), (82, 89), (72, 90), (86, 89), (87, 88), (70, 90), (74, 90), (65, 87), (66, 86), (67, 87), (76, 89), (66, 88), (81, 88), (84, 87), (67, 89), (78, 89), (83, 88), (68, 87), (81, 90), (72, 87), (86, 86), (84, 89), (70, 87), (83, 90), (74, 87), (85, 87), (68, 89), (72, 89), (73, 88), (64, 85), (70, 89), (77, 88), (85, 89), (65, 86), (75, 88)}","{(79, 88), (90, 88), (73, 90), (87, 89), (91, 80), (92, 79), (77, 90), (93, 86), (65, 79), (75, 90), (68, 84), (90, 81), (79, 90), (81, 87), (71, 86), (82, 86), (64, 80), (91, 82), (93, 79), (92, 81), (69, 88), (83, 87), (80, 88), (66, 80), (85, 89), (88, 86), (90, 83), (81, 89), (72, 86), (71, 88), (82, 88), (64, 82), (87, 84), (86, 88), (91, 84), (93, 81), (92, 83), (94, 80), (80, 90), (83, 89), (85, 86), (66, 82), (88, 88), (90, 85), (71, 90), (73, 87), (64, 84), (82, 90), (86, 90), (77, 87), (91, 86), (67, 86), (69, 83), (94, 82), (92, 85), (78, 86), (89, 86), (75, 87), (66, 84), (76, 86), (76, 88), (79, 87), (90, 87), (73, 89), (84, 86), (91, 79), (67, 79), (92, 78), (77, 89), (67, 88), (69, 85), (92, 87), (78, 88), (89, 88), (75, 89), (65, 81), (90, 80), (88, 83), (76, 90), (79, 89), (81, 86), (68, 86), (71, 85), (84, 88), (86, 85), (67, 81), (92, 80), (89, 81), (78, 90), (69, 87), (80, 87), (70, 86), (74, 86), (65, 83), (90, 82), (88, 85), (68, 88), (71, 87), (82, 87), (72, 88), (86, 87), (84, 90), (87, 86), (67, 83), (92, 82), (89, 83), (69, 89), (80, 89), (70, 88), (93, 83), (74, 88), (65, 85), (90, 84), (88, 87), (68, 81), (85, 88), (71, 89), (82, 89), (72, 90), (86, 89), (77, 86), (87, 88), (67, 85), (69, 82), (92, 84), (89, 85), (70, 90), (91, 88), (93, 85), (74, 90), (76, 87), (90, 86), (66, 86), (68, 83), (88, 89), (85, 90), (67, 78), (67, 87), (69, 84), (78, 87), (89, 87), (91, 81), (93, 78), (83, 86), (65, 80), (88, 82), (66, 79), (76, 89), (68, 85), (81, 88), (84, 87), (86, 84), (64, 81), (67, 80), (87, 83), (78, 89), (69, 86), (80, 86), (70, 85), (89, 89), (91, 83), (93, 80), (83, 88), (85, 85), (65, 82), (88, 84), (66, 81), (68, 87), (81, 90), (72, 87), (86, 86), (73, 86), (64, 83), (67, 82), (89, 82), (87, 85), (84, 89), (70, 87), (91, 85), (93, 82), (94, 81), (83, 90), (74, 87), (65, 84), (75, 86), (66, 83), (68, 80), (85, 87), (79, 86), (72, 89), (73, 88), (87, 87), (67, 84), (89, 84), (91, 78), (70, 89), (77, 88), (91, 87), (93, 84), (92, 86), (74, 89), (65, 86), (75, 88), (66, 85), (68, 82)}","{((81.5, 86.5), (82.5, 86.5)), ((73.5, 86.5), (74.5, 86.5)), ((65.5, 88.5), (66.5, 88.5)), ((66.5, 85.5), (66.5, 86.5)), ((66.5, 88.5), (66.5, 89.5)), ((69.5, 90.5), (70.5, 90.5)), ((65.5, 85.5), (66.5, 85.5)), ((66.5, 89.5), (67.5, 89.5)), ((71.5, 90.5), (71.5, 91.5)), ((79.5, 90.5), (80.5, 90.5)), ((84.5, 89.5), (84.5, 90.5)), ((72.5, 90.5), (72.5, 91.5)), ((63.5, 84.5), (64.5, 84.5)), ((63.5, 85.5), (63.5, 86.5)), ((78.5, 90.5), (79.5, 90.5)), ((83.5, 90.5), (84.5, 90.5)), ((64.5, 84.5), (65.5, 84.5)), ((74.5, 90.5), (75.5, 90.5)), ((67.5, 86.5), (68.5, 86.5)), ((72.5, 86.5), (73.5, 86.5)), ((87.5, 87.5), (87.5, 88.5)), ((77.5, 90.5), (78.5, 90.5)), ((64.5, 88.5), (65.5, 88.5)), ((63.5, 84.5), (63.5, 85.5)), ((69.5, 85.5), (69.5, 86.5)), ((86.5, 88.5), (86.5, 89.5)), ((84.5, 89.5), (85.5, 89.5)), ((72.5, 90.5), (73.5, 90.5)), ((65.5, 84.5), (65.5, 85.5)), ((68.5, 90.5), (69.5, 90.5)), ((67.5, 89.5), (67.5, 90.5)), ((86.5, 86.5), (86.5, 87.5)), ((64.5, 86.5), (64.5, 87.5)), ((66.5, 86.5), (67.5, 86.5)), ((76.5, 87.5), (77.5, 87.5)), ((75.5, 87.5), (76.5, 87.5)), ((77.5, 87.5), (78.5, 87.5)), ((82.5, 86.5), (83.5, 86.5)), ((75.5, 90.5), (76.5, 90.5)), ((71.5, 85.5), (72.5, 85.5)), ((78.5, 86.5), (79.5, 86.5)), ((86.5, 87.5), (87.5, 87.5)), ((79.5, 86.5), (80.5, 86.5)), ((69.5, 85.5), (70.5, 85.5)), ((73.5, 90.5), (74.5, 90.5)), ((86.5, 88.5), (87.5, 88.5)), ((86.5, 85.5), (86.5, 86.5)), ((84.5, 85.5), (85.5, 85.5)), ((83.5, 85.5), (84.5, 85.5)), ((63.5, 86.5), (64.5, 86.5)), ((74.5, 87.5), (75.5, 87.5)), ((72.5, 85.5), (72.5, 86.5)), ((85.5, 89.5), (86.5, 89.5)), ((82.5, 90.5), (83.5, 90.5)), ((64.5, 87.5), (64.5, 88.5)), ((71.5, 91.5), (72.5, 91.5)), ((70.5, 90.5), (71.5, 90.5)), ((83.5, 85.5), (83.5, 86.5)), ((68.5, 86.5), (69.5, 86.5)), ((80.5, 90.5), (81.5, 90.5)), ((76.5, 90.5), (77.5, 90.5)), ((67.5, 90.5), (68.5, 90.5)), ((81.5, 90.5), (82.5, 90.5)), ((85.5, 85.5), (86.5, 85.5)), ((78.5, 86.5), (78.5, 87.5)), ((74.5, 86.5), (74.5, 87.5)), ((80.5, 86.5), (81.5, 86.5)), ((70.5, 85.5), (71.5, 85.5))}","{((85.5, 83.5), (86.5, 83.5)), ((87.5, 89.5), (88.5, 89.5)), ((88.5, 80.5), (89.5, 80.5)), ((84.5, 84.5), (85.5, 84.5)), ((80.5, 85.5), (81.5, 85.5)), ((93.5, 79.5), (94.5, 79.5)), ((71.5, 90.5), (72.5, 90.5)), ((93.5, 84.5), (93.5, 85.5)), ((92.5, 86.5), (93.5, 86.5)), ((89.5, 88.5), (89.5, 89.5)), ((93.5, 83.5), (93.5, 84.5)), ((70.5, 84.5), (71.5, 84.5)), ((66.5, 77.5), (67.5, 77.5)), ((93.5, 82.5), (93.5, 83.5)), ((66.5, 77.5), (66.5, 78.5)), ((75.5, 85.5), (76.5, 85.5)), ((90.5, 78.5), (90.5, 79.5)), ((93.5, 85.5), (93.5, 86.5)), ((66.5, 88.5), (67.5, 88.5)), ((69.5, 84.5), (70.5, 84.5)), ((94.5, 79.5), (94.5, 80.5)), ((67.5, 88.5), (68.5, 88.5)), ((90.5, 77.5), (91.5, 77.5)), ((69.5, 89.5), (69.5, 90.5)), ((68.5, 88.5), (68.5, 89.5)), ((92.5, 86.5), (92.5, 87.5)), ((93.5, 77.5), (93.5, 78.5)), ((91.5, 77.5), (92.5, 77.5)), ((67.5, 77.5), (67.5, 78.5)), ((64.5, 86.5), (65.5, 86.5)), ((89.5, 79.5), (90.5, 79.5)), ((65.5, 78.5), (66.5, 78.5)), ((82.5, 85.5), (83.5, 85.5)), ((63.5, 79.5), (64.5, 79.5)), ((91.5, 87.5), (91.5, 88.5)), ((63.5, 80.5), (63.5, 81.5)), ((68.5, 89.5), (69.5, 89.5)), ((93.5, 82.5), (94.5, 82.5)), ((71.5, 84.5), (71.5, 85.5)), ((68.5, 80.5), (68.5, 81.5)), ((89.5, 88.5), (90.5, 88.5)), ((67.5, 78.5), (67.5, 79.5)), ((84.5, 90.5), (85.5, 90.5)), ((76.5, 85.5), (77.5, 85.5)), ((90.5, 77.5), (90.5, 78.5)), ((63.5, 81.5), (63.5, 82.5)), ((81.5, 85.5), (82.5, 85.5)), ((72.5, 85.5), (73.5, 85.5)), ((94.5, 81.5), (94.5, 82.5)), ((69.5, 82.5), (69.5, 83.5)), ((86.5, 82.5), (86.5, 83.5)), ((87.5, 81.5), (88.5, 81.5)), ((69.5, 83.5), (69.5, 84.5)), ((63.5, 79.5), (63.5, 80.5)), ((92.5, 77.5), (93.5, 77.5)), ((89.5, 79.5), (89.5, 80.5)), ((86.5, 89.5), (86.5, 90.5)), ((74.5, 85.5), (75.5, 85.5)), ((64.5, 84.5), (64.5, 85.5)), ((64.5, 78.5), (64.5, 79.5)), ((91.5, 87.5), (92.5, 87.5)), ((85.5, 90.5), (86.5, 90.5)), ((73.5, 85.5), (74.5, 85.5)), ((67.5, 79.5), (68.5, 79.5)), ((85.5, 83.5), (85.5, 84.5)), ((68.5, 79.5), (68.5, 80.5)), ((66.5, 87.5), (66.5, 88.5)), ((88.5, 89.5), (89.5, 89.5)), ((66.5, 86.5), (66.5, 87.5)), ((86.5, 82.5), (87.5, 82.5)), ((68.5, 81.5), (69.5, 81.5)), ((88.5, 80.5), (88.5, 81.5)), ((64.5, 78.5), (65.5, 78.5)), ((86.5, 89.5), (87.5, 89.5)), ((84.5, 84.5), (84.5, 85.5)), ((64.5, 85.5), (64.5, 86.5)), ((78.5, 85.5), (79.5, 85.5)), ((69.5, 81.5), (69.5, 82.5)), ((93.5, 78.5), (93.5, 79.5)), ((87.5, 81.5), (87.5, 82.5)), ((79.5, 85.5), (80.5, 85.5)), ((63.5, 83.5), (63.5, 84.5)), ((63.5, 82.5), (63.5, 83.5)), ((77.5, 85.5), (78.5, 85.5)), ((90.5, 88.5), (91.5, 88.5)), ((65.5, 86.5), (66.5, 86.5)), ((94.5, 80.5), (94.5, 81.5))}"
58,HNCDL_447,20170421,0.010050251256281409,25.495097567963924,6.014458433586688,119.53125,0.9622641509433962,0.9948979591836735,"{(67, 88), (70, 90), (68, 89)}","{(79, 88), (64, 78), (73, 90), (87, 89), (91, 80), (92, 79), (77, 90), (83, 85), (65, 79), (66, 78), (75, 90), (68, 84), (90, 81), (79, 90), (81, 87), (71, 86), (82, 86), (64, 80), (87, 82), (91, 82), (93, 79), (92, 81), (69, 88), (83, 87), (85, 84), (80, 88), (66, 80), (85, 89), (88, 86), (90, 83), (81, 89), (72, 86), (71, 88), (82, 88), (64, 82), (87, 84), (86, 88), (91, 84), (93, 81), (69, 81), (92, 83), (80, 90), (83, 89), (85, 86), (66, 82), (88, 88), (90, 85), (71, 90), (73, 87), (82, 90), (77, 87), (91, 86), (67, 86), (69, 83), (78, 86), (89, 86), (75, 87), (66, 84), (88, 81), (76, 88), (79, 87), (73, 89), (84, 86), (86, 83), (91, 79), (67, 79), (77, 89), (78, 88), (69, 85), (70, 84), (75, 89), (65, 81), (90, 80), (88, 83), (76, 90), (79, 89), (81, 86), (68, 86), (71, 85), (64, 79), (84, 88), (86, 85), (67, 81), (92, 80), (89, 81), (78, 90), (69, 87), (80, 87), (70, 86), (74, 86), (65, 83), (90, 82), (88, 85), (68, 88), (71, 87), (82, 87), (72, 88), (86, 87), (84, 90), (87, 86), (67, 83), (69, 80), (92, 82), (89, 83), (80, 89), (70, 88), (93, 83), (74, 88), (88, 87), (90, 84), (85, 88), (68, 81), (71, 89), (82, 89), (72, 90), (86, 89), (77, 86), (87, 88), (67, 85), (69, 82), (92, 84), (89, 85), (70, 90), (65, 78), (74, 90), (76, 87), (90, 86), (66, 86), (68, 83), (84, 85), (67, 78), (78, 87), (69, 84), (89, 87), (91, 81), (83, 86), (65, 80), (90, 79), (66, 79), (88, 82), (76, 89), (68, 85), (71, 84), (63, 80), (81, 88), (84, 87), (86, 84), (64, 81), (67, 80), (89, 80), (87, 83), (78, 89), (69, 86), (80, 86), (70, 85), (91, 83), (93, 80), (83, 88), (85, 85), (65, 82), (88, 84), (66, 81), (68, 87), (81, 90), (72, 87), (86, 86), (73, 86), (87, 85), (67, 82), (89, 82), (84, 89), (70, 87), (91, 85), (93, 82), (83, 90), (74, 87), (65, 84), (75, 86), (66, 83), (68, 80), (85, 87), (79, 86), (72, 89), (73, 88), (87, 87), (67, 84), (89, 84), (91, 78), (70, 89), (77, 88), (65, 77), (74, 89), (76, 86), (75, 88), (66, 85), (68, 82)}","{((67.5, 88.5), (67.5, 89.5)), ((66.5, 87.5), (67.5, 87.5)), ((69.5, 90.5), (70.5, 90.5)), ((69.5, 89.5), (70.5, 89.5)), ((67.5, 87.5), (67.5, 88.5)), ((67.5, 88.5), (68.5, 88.5)), ((69.5, 89.5), (69.5, 90.5)), ((68.5, 88.5), (68.5, 89.5)), ((70.5, 89.5), (70.5, 90.5)), ((67.5, 89.5), (68.5, 89.5)), ((66.5, 88.5), (67.5, 88.5)), ((66.5, 87.5), (66.5, 88.5))}","{((91.5, 78.5), (92.5, 78.5)), ((87.5, 80.5), (87.5, 81.5)), ((80.5, 85.5), (81.5, 85.5)), ((67.5, 86.5), (67.5, 87.5)), ((93.5, 81.5), (93.5, 82.5)), ((71.5, 90.5), (72.5, 90.5)), ((91.5, 77.5), (91.5, 78.5)), ((66.5, 77.5), (67.5, 77.5)), ((93.5, 82.5), (93.5, 83.5)), ((75.5, 85.5), (76.5, 85.5)), ((63.5, 77.5), (64.5, 77.5)), ((83.5, 84.5), (84.5, 84.5)), ((87.5, 88.5), (88.5, 88.5)), ((79.5, 90.5), (80.5, 90.5)), ((84.5, 89.5), (84.5, 90.5)), ((92.5, 78.5), (93.5, 78.5)), ((85.5, 82.5), (86.5, 82.5)), ((88.5, 79.5), (88.5, 80.5)), ((78.5, 90.5), (79.5, 90.5)), ((83.5, 90.5), (84.5, 90.5)), ((64.5, 84.5), (65.5, 84.5)), ((74.5, 90.5), (75.5, 90.5)), ((90.5, 77.5), (91.5, 77.5)), ((93.5, 79.5), (93.5, 80.5)), ((64.5, 83.5), (64.5, 84.5)), ((71.5, 83.5), (71.5, 84.5)), ((67.5, 77.5), (67.5, 78.5)), ((70.5, 83.5), (71.5, 83.5)), ((63.5, 77.5), (63.5, 78.5)), ((68.5, 79.5), (69.5, 79.5)), ((63.5, 80.5), (63.5, 81.5)), ((77.5, 90.5), (78.5, 90.5)), ((71.5, 84.5), (71.5, 85.5)), ((82.5, 84.5), (83.5, 84.5)), ((92.5, 83.5), (93.5, 83.5)), ((67.5, 78.5), (67.5, 79.5)), ((68.5, 88.5), (69.5, 88.5)), ((69.5, 83.5), (70.5, 83.5)), ((90.5, 86.5), (91.5, 86.5)), ((84.5, 89.5), (85.5, 89.5)), ((72.5, 90.5), (73.5, 90.5)), ((76.5, 85.5), (77.5, 85.5)), ((63.5, 81.5), (63.5, 82.5)), ((90.5, 77.5), (90.5, 78.5)), ((81.5, 85.5), (82.5, 85.5)), ((72.5, 85.5), (73.5, 85.5)), ((88.5, 79.5), (89.5, 79.5)), ((69.5, 82.5), (69.5, 83.5)), ((64.5, 76.5), (64.5, 77.5)), ((65.5, 84.5), (65.5, 85.5)), ((89.5, 86.5), (90.5, 86.5)), ((66.5, 86.5), (67.5, 86.5)), ((74.5, 85.5), (75.5, 85.5)), ((85.5, 82.5), (85.5, 83.5)), ((75.5, 90.5), (76.5, 90.5)), ((91.5, 84.5), (91.5, 85.5)), ((63.5, 82.5), (64.5, 82.5)), ((71.5, 85.5), (72.5, 85.5)), ((63.5, 78.5), (63.5, 79.5)), ((69.5, 79.5), (69.5, 80.5)), ((69.5, 88.5), (69.5, 89.5)), ((73.5, 85.5), (74.5, 85.5)), ((84.5, 83.5), (84.5, 84.5)), ((86.5, 81.5), (86.5, 82.5)), ((67.5, 79.5), (68.5, 79.5)), ((73.5, 90.5), (74.5, 90.5)), ((65.5, 76.5), (65.5, 77.5)), ((62.5, 79.5), (62.5, 80.5)), ((88.5, 87.5), (88.5, 88.5)), ((93.5, 80.5), (93.5, 81.5)), ((65.5, 86.5), (66.5, 86.5)), ((65.5, 77.5), (66.5, 77.5)), ((92.5, 83.5), (92.5, 84.5)), ((82.5, 84.5), (82.5, 85.5)), ((85.5, 89.5), (86.5, 89.5)), ((86.5, 89.5), (87.5, 89.5)), ((82.5, 90.5), (83.5, 90.5)), ((78.5, 85.5), (79.5, 85.5)), ((89.5, 78.5), (89.5, 79.5)), ((69.5, 81.5), (69.5, 82.5)), ((87.5, 80.5), (88.5, 80.5)), ((64.5, 76.5), (65.5, 76.5)), ((91.5, 84.5), (92.5, 84.5)), ((93.5, 78.5), (93.5, 79.5)), ((70.5, 90.5), (71.5, 90.5)), ((62.5, 80.5), (63.5, 80.5)), ((79.5, 85.5), (80.5, 85.5)), ((65.5, 85.5), (65.5, 86.5)), ((89.5, 86.5), (89.5, 87.5)), ((80.5, 90.5), (81.5, 90.5)), ((87.5, 88.5), (87.5, 89.5)), ((84.5, 83.5), (85.5, 83.5)), ((76.5, 90.5), (77.5, 90.5)), ((86.5, 81.5), (87.5, 81.5)), ((81.5, 90.5), (82.5, 90.5)), ((77.5, 85.5), (78.5, 85.5)), ((62.5, 79.5), (63.5, 79.5)), ((64.5, 82.5), (64.5, 83.5)), ((91.5, 85.5), (91.5, 86.5)), ((89.5, 78.5), (90.5, 78.5)), ((88.5, 87.5), (89.5, 87.5)), ((69.5, 80.5), (69.5, 81.5))}"
59,HNCDL_447,20170421,0.0,,,128.90625,1.0,1.0,set(),"{(79, 88), (84, 84), (64, 78), (67, 77), (73, 90), (70, 82), (91, 80), (92, 79), (77, 90), (83, 85), (65, 79), (66, 78), (75, 90), (68, 84), (90, 81), (79, 90), (81, 87), (71, 86), (82, 86), (64, 80), (89, 79), (87, 82), (91, 82), (93, 79), (92, 81), (69, 88), (83, 87), (85, 84), (80, 88), (66, 80), (85, 89), (88, 86), (90, 83), (81, 89), (72, 86), (71, 88), (73, 85), (64, 82), (87, 84), (82, 88), (86, 88), (91, 84), (93, 81), (69, 81), (80, 90), (83, 89), (85, 86), (66, 82), (90, 85), (62, 78), (63, 77), (71, 90), (73, 87), (82, 90), (77, 87), (67, 86), (69, 83), (78, 86), (89, 86), (75, 87), (66, 84), (88, 81), (76, 88), (79, 87), (71, 83), (64, 77), (63, 79), (73, 89), (84, 86), (86, 83), (91, 79), (67, 79), (77, 89), (78, 88), (69, 85), (70, 84), (66, 77), (75, 89), (65, 81), (90, 80), (88, 83), (76, 90), (79, 89), (81, 86), (68, 86), (71, 85), (64, 79), (84, 88), (86, 85), (67, 81), (92, 80), (89, 81), (78, 90), (69, 87), (80, 87), (70, 86), (74, 86), (88, 85), (90, 82), (71, 87), (82, 87), (72, 88), (86, 87), (87, 86), (67, 83), (69, 80), (92, 82), (89, 83), (80, 89), (70, 88), (65, 76), (74, 88), (85, 88), (90, 84), (68, 81), (71, 89), (82, 89), (72, 90), (77, 86), (67, 85), (69, 82), (89, 85), (65, 78), (88, 80), (74, 90), (76, 87), (68, 83), (63, 78), (84, 85), (67, 78), (78, 87), (69, 84), (70, 83), (91, 81), (83, 86), (85, 83), (65, 80), (90, 79), (66, 79), (88, 82), (76, 89), (68, 85), (71, 84), (63, 80), (81, 88), (72, 85), (86, 84), (84, 87), (64, 81), (67, 80), (89, 80), (87, 83), (78, 89), (69, 86), (80, 86), (70, 85), (91, 83), (93, 80), (83, 88), (85, 85), (65, 82), (88, 84), (66, 81), (81, 90), (72, 87), (86, 86), (73, 86), (87, 85), (67, 82), (89, 82), (84, 89), (70, 87), (83, 90), (74, 87), (85, 87), (75, 86), (66, 83), (68, 80), (79, 86), (72, 89), (73, 88), (87, 87), (67, 84), (89, 84), (91, 78), (77, 88), (65, 77), (74, 89), (76, 86), (75, 88), (68, 82)}",set(),"{((91.5, 78.5), (92.5, 78.5)), ((66.5, 76.5), (67.5, 76.5)), ((87.5, 80.5), (87.5, 81.5)), ((80.5, 85.5), (81.5, 85.5)), ((83.5, 83.5), (83.5, 84.5)), ((71.5, 90.5), (72.5, 90.5)), ((83.5, 89.5), (84.5, 89.5)), ((66.5, 85.5), (66.5, 86.5)), ((69.5, 81.5), (70.5, 81.5)), ((65.5, 83.5), (65.5, 84.5)), ((91.5, 77.5), (91.5, 78.5)), ((71.5, 84.5), (72.5, 84.5)), ((87.5, 79.5), (88.5, 79.5)), ((84.5, 82.5), (84.5, 83.5)), ((62.5, 76.5), (63.5, 76.5)), ((85.5, 88.5), (85.5, 89.5)), ((90.5, 84.5), (90.5, 85.5)), ((61.5, 77.5), (61.5, 78.5)), ((75.5, 85.5), (76.5, 85.5)), ((91.5, 82.5), (92.5, 82.5)), ((61.5, 78.5), (62.5, 78.5)), ((79.5, 90.5), (80.5, 90.5)), ((83.5, 89.5), (83.5, 90.5)), ((68.5, 86.5), (68.5, 87.5)), ((92.5, 78.5), (93.5, 78.5)), ((92.5, 81.5), (93.5, 81.5)), ((78.5, 90.5), (79.5, 90.5)), ((85.5, 82.5), (86.5, 82.5)), ((74.5, 90.5), (75.5, 90.5)), ((65.5, 84.5), (66.5, 84.5)), ((90.5, 77.5), (91.5, 77.5)), ((62.5, 78.5), (62.5, 79.5)), ((67.5, 86.5), (68.5, 86.5)), ((93.5, 79.5), (93.5, 80.5)), ((87.5, 86.5), (88.5, 86.5)), ((67.5, 77.5), (67.5, 78.5)), ((65.5, 75.5), (65.5, 76.5)), ((63.5, 76.5), (64.5, 76.5)), ((68.5, 79.5), (69.5, 79.5)), ((88.5, 78.5), (88.5, 79.5)), ((86.5, 87.5), (86.5, 88.5)), ((63.5, 80.5), (63.5, 81.5)), ((88.5, 86.5), (89.5, 86.5)), ((77.5, 90.5), (78.5, 90.5)), ((82.5, 84.5), (83.5, 84.5)), ((64.5, 75.5), (64.5, 76.5)), ((92.5, 81.5), (92.5, 82.5)), ((67.5, 78.5), (67.5, 79.5)), ((68.5, 88.5), (69.5, 88.5)), ((87.5, 79.5), (87.5, 80.5)), ((84.5, 89.5), (85.5, 89.5)), ((72.5, 90.5), (73.5, 90.5)), ((76.5, 85.5), (77.5, 85.5)), ((90.5, 77.5), (90.5, 78.5)), ((63.5, 81.5), (63.5, 82.5)), ((81.5, 85.5), (82.5, 85.5)), ((66.5, 84.5), (66.5, 85.5)), ((66.5, 86.5), (67.5, 86.5)), ((64.5, 75.5), (65.5, 75.5)), ((74.5, 85.5), (75.5, 85.5)), ((64.5, 82.5), (65.5, 82.5)), ((75.5, 90.5), (76.5, 90.5)), ((63.5, 82.5), (64.5, 82.5)), ((68.5, 87.5), (68.5, 88.5)), ((70.5, 88.5), (70.5, 89.5)), ((86.5, 87.5), (87.5, 87.5)), ((91.5, 83.5), (91.5, 84.5)), ((69.5, 79.5), (69.5, 80.5)), ((72.5, 84.5), (73.5, 84.5)), ((73.5, 85.5), (74.5, 85.5)), ((87.5, 86.5), (87.5, 87.5)), ((86.5, 81.5), (86.5, 82.5)), ((67.5, 79.5), (68.5, 79.5)), ((73.5, 90.5), (74.5, 90.5)), ((62.5, 79.5), (62.5, 80.5)), ((93.5, 80.5), (93.5, 81.5)), ((71.5, 82.5), (71.5, 83.5)), ((82.5, 84.5), (82.5, 85.5)), ((89.5, 85.5), (89.5, 86.5)), ((67.5, 76.5), (67.5, 77.5)), ((88.5, 78.5), (89.5, 78.5)), ((82.5, 90.5), (83.5, 90.5)), ((90.5, 84.5), (91.5, 84.5)), ((61.5, 77.5), (62.5, 77.5)), ((78.5, 85.5), (79.5, 85.5)), ((93.5, 78.5), (93.5, 79.5)), ((84.5, 82.5), (85.5, 82.5)), ((70.5, 81.5), (70.5, 82.5)), ((70.5, 90.5), (71.5, 90.5)), ((62.5, 80.5), (63.5, 80.5)), ((79.5, 85.5), (80.5, 85.5)), ((73.5, 84.5), (73.5, 85.5)), ((62.5, 76.5), (62.5, 77.5)), ((65.5, 82.5), (65.5, 83.5)), ((83.5, 83.5), (84.5, 83.5)), ((69.5, 88.5), (70.5, 88.5)), ((80.5, 90.5), (81.5, 90.5)), ((76.5, 90.5), (77.5, 90.5)), ((86.5, 81.5), (87.5, 81.5)), ((70.5, 89.5), (70.5, 90.5)), ((89.5, 85.5), (90.5, 85.5)), ((81.5, 90.5), (82.5, 90.5)), ((77.5, 85.5), (78.5, 85.5)), ((85.5, 88.5), (86.5, 88.5)), ((65.5, 76.5), (66.5, 76.5)), ((70.5, 82.5), (71.5, 82.5)), ((91.5, 82.5), (91.5, 83.5)), ((71.5, 83.5), (71.5, 84.5)), ((89.5, 78.5), (90.5, 78.5)), ((69.5, 80.5), (69.5, 81.5))}"
60,HNCDL_447,20170421,inf,,,0.0,0.0,0.0,set(),set(),set(),set()
61,HNCDL_447,20170421,inf,,,0.0,0.0,0.0,set(),set(),set(),set()
62,HNCDL_447,20170421,inf,,,0.0,0.0,0.0,set(),set(),set(),set()
63,HNCDL_447,20170421,inf,,,0.0,0.0,0.0,set(),set(),set(),set()
64,HNCDL_447,20170421,inf,,,0.0,0.0,0.0,set(),set(),set(),set()
65,HNCDL_447,20170421,inf,,,0.0,0.0,0.0,set(),set(),set(),set()
66,HNCDL_447,20170421,inf,,,0.0,0.0,0.0,set(),set(),set(),set()
67,HNCDL_447,20170421,inf,,,0.0,0.0,0.0,set(),set(),set(),set()
68,HNCDL_447,20170421,inf,,,0.0,0.0,0.0,set(),set(),set(),set()
69,HNCDL_447,20170421,inf,,,0.0,0.0,0.0,set(),set(),set(),set()
70,HNCDL_447,20170421,inf,,,0.0,0.0,0.0,set(),set(),set(),set()
71,HNCDL_447,20170421,inf,,,0.0,0.0,0.0,set(),set(),set(),set()
72,HNCDL_447,20170421,inf,,,0.0,0.0,0.0,set(),set(),set(),set()
73,HNCDL_447,20170421,inf,,,0.0,0.0,0.0,set(),set(),set(),set()
74,HNCDL_447,20170421,inf,,,0.0,0.0,0.0,set(),set(),set(),set()
75,HNCDL_447,20170421,inf,,,0.0,0.0,0.0,set(),set(),set(),set()
76,HNCDL_447,20170421,inf,,,0.0,0.0,0.0,set(),set(),set(),set()
77,HNCDL_447,20170421,inf,,,0.0,0.0,0.0,set(),set(),set(),set()
78,HNCDL_447,20170421,inf,,,0.0,0.0,0.0,set(),set(),set(),set()
79,HNCDL_447,20170421,inf,,,0.0,0.0,0.0,set(),set(),set(),set()
80,HNCDL_447,20170421,inf,,,0.0,0.0,0.0,set(),set(),set(),set()
81,HNCDL_447,20170421,inf,,,0.0,0.0,0.0,set(),set(),set(),set()
82,HNCDL_447,20170421,inf,,,0.0,0.0,0.0,set(),set(),set(),set()
83,HNCDL_447,20170421,inf,,,0.0,0.0,0.0,set(),set(),set(),set()
84,HNCDL_447,20170421,inf,,,0.0,0.0,0.0,set(),set(),set(),set()
85,HNCDL_447,20170421,inf,,,0.0,0.0,0.0,set(),set(),set(),set()
86,HNCDL_447,20170421,inf,,,0.0,0.0,0.0,set(),set(),set(),set()
87,HNCDL_447,20170421,inf,,,0.0,0.0,0.0,set(),set(),set(),set()
88,HNCDL_447,20170421,inf,,,0.0,0.0,0.0,set(),set(),set(),set()
89,HNCDL_447,20170421,inf,,,0.0,0.0,0.0,set(),set(),set(),set()
90,HNCDL_447,20170421,inf,,,0.0,0.0,0.0,set(),set(),set(),set()
91,HNCDL_447,20170421,inf,,,0.0,0.0,0.0,set(),set(),set(),set()
92,HNCDL_447,20170421,inf,,,0.0,0.0,0.0,set(),set(),set(),set()
93,HNCDL_447,20170421,inf,,,0.0,0.0,0.0,set(),set(),set(),set()
94,HNCDL_447,20170421,inf,,,0.0,0.0,0.0,set(),set(),set(),set()
95,HNCDL_447,20170421,inf,,,0.0,0.0,0.0,set(),set(),set(),set()
96,HNCDL_447,20170421,inf,,,0.0,0.0,0.0,set(),set(),set(),set()
97,HNCDL_447,20170421,inf,,,0.0,0.0,0.0,set(),set(),set(),set()
98,HNCDL_447,20170421,inf,,,0.0,0.0,0.0,set(),set(),set(),set()
99,HNCDL_447,20170421,inf,,,0.0,0.0,0.0,set(),set(),set(),set()
100,HNCDL_447,20170421,inf,,,0.0,0.0,0.0,set(),set(),set(),set()
101,HNCDL_447,20170421,inf,,,0.0,0.0,0.0,set(),set(),set(),set()
102,HNCDL_447,20170421,inf,,,0.0,0.0,0.0,set(),set(),set(),set()
103,HNCDL_447,20170421,inf,,,0.0,0.0,0.0,set(),set(),set(),set()
104,HNCDL_447,20170421,inf,,,0.0,0.0,0.0,set(),set(),set(),set()
105,HNCDL_447,20170421,inf,,,0.0,0.0,0.0,set(),set(),set(),set()
106,HNCDL_447,20170421,inf,,,0.0,0.0,0.0,set(),set(),set(),set()
107,HNCDL_447,20170421,inf,,,0.0,0.0,0.0,set(),set(),set(),set()
108,HNCDL_447,20170421,inf,,,0.0,0.0,0.0,set(),set(),set(),set()
109,HNCDL_447,20170421,inf,,,0.0,0.0,0.0,set(),set(),set(),set()
110,HNCDL_447,20170421,inf,,,0.0,0.0,0.0,set(),set(),set(),set()
111,HNCDL_447,20170421,inf,,,0.0,0.0,0.0,set(),set(),set(),set()
112,HNCDL_447,20170421,inf,,,0.0,0.0,0.0,set(),set(),set(),set()
113,HNCDL_447,20170421,inf,,,0.0,0.0,0.0,set(),set(),set(),set()
114,HNCDL_447,20170421,inf,,,0.0,0.0,0.0,set(),set(),set(),set()
115,HNCDL_447,20170421,inf,,,0.0,0.0,0.0,set(),set(),set(),set()
116,HNCDL_447,20170421,inf,,,0.0,0.0,0.0,set(),set(),set(),set()
117,HNCDL_447,20170421,inf,,,0.0,0.0,0.0,set(),set(),set(),set()
118,HNCDL_447,20170421,inf,,,0.0,0.0,0.0,set(),set(),set(),set()
119,HNCDL_447,20170421,inf,,,0.0,0.0,0.0,set(),set(),set(),set()
120,HNCDL_447,20170421,inf,,,0.0,0.0,0.0,set(),set(),set(),set()
121,HNCDL_447,20170421,inf,,,0.0,0.0,0.0,set(),set(),set(),set()
122,HNCDL_447,20170421,inf,,,0.0,0.0,0.0,set(),set(),set(),set()
123,HNCDL_447,20170421,inf,,,0.0,0.0,0.0,set(),set(),set(),set()
124,HNCDL_447,20170421,inf,,,0.0,0.0,0.0,set(),set(),set(),set()
125,HNCDL_447,20170421,inf,,,0.0,0.0,0.0,set(),set(),set(),set()
126,HNCDL_447,20170421,inf,,,0.0,0.0,0.0,set(),set(),set(),set()
